3.1426480439955795
2.6104444872103225
2.5532169954348976
2.5197246434071667
2.4968084811367612
2.4840040060154274
2.483740997779286
2.49747231268229
2.5221231311340797
2.547824995026972
2.559685986564338
2.545543246905317
2.507029371668763
2.464650328906731
2.446400610919912
2.4622436532813468
2.48859339356221
2.4900195378239607
2.4650786635332076
2.4538243666288637
2.4759827303474498
2.485427130493187
2.442901735023268
2.4071709762249407
2.4438293092096224
2.478424265970877
2.426079910266884
2.385419035399127
2.430212482355732
2.431889156455663
2.3805740365476487
2.3991128651237497
2.3979428894474806
2.360906078564809
2.392448107609737
2.3574254498532303
2.3367016851409406
2.3823007916666956
2.305509411715835
2.338735080463375
2.333366816995629
2.2779044900227112
2.334341617963563
2.2572670575021205
2.3028953647461328
2.247564060035966
2.27397104163297
2.226698537757651
2.2540361327470766
2.1978089689979456
2.2373741440626063
2.16511060943837
2.221649203326334
2.130549347308056
2.202656503597464
2.1024731132982195
2.167136666857317
2.09669687983211
2.102992664509117
2.1111720438610373
2.037270444939241
2.091147199191073
2.035772398803038
2.000124070249904
2.0582531629133705
1.965803510901753
1.9590066606336587
2.01680606641369
1.9088556600688102
1.896737515417215
1.9672588334932963
1.8829192269818347
1.812344727296813
1.8769677107982128
1.8866064819782982
1.7801235126796753
1.7277933839686421
1.7924117802717356
1.8252276908784313
1.7291262417013586
1.6159318414671069
1.623243245660128
1.7125237780120925
1.738521673597775
1.6415044522761282
1.4984744316060068
1.4196936948618715
1.445457588731903
1.5329994490378063
1.605972921452748
1.6062115060441196
1.5174445151695282
1.36197146723451
1.1830740161207192
1.025449104895401
0.9214599065317518
0.8858225648308632
0.9171869528120724
1.0031440525557227
1.1254917982320944
1.2640416017267193
1.3986937308694387
1.5103785960993696
1.5817483573848496
1.5984295146810439
1.551370370039986
1.4403352431617045
1.2778121559191231
1.091502184754809
0.9224928125351973
0.8161227673870892
0.8048315179561333
0.8878589911886762
1.0199246762213927
1.124052958445257
1.1339417394863047
1.0460030596590946
0.9360396398181094
0.9045189410987177
0.9780144870053415
1.0677425561202107
1.0626648464629516
0.9753057961933838
0.9372524556713288
1.0051282339627925
1.0585963208640832
1.0018670220150145
0.9486113692234216
1.0059311976371588
1.045681536053236
0.9807832751728116
0.9699989994730892
1.0340436177757713
1.0036041607244006
0.9693370030847364
1.0252444305453114
1.0014282289577194
0.9770529165633821
1.027266992653636
0.9859147962626799
0.9950984650538094
1.0203480388642243
0.974871222349058
1.0210137399241097
0.9889876892400505
1.0009219728956023
1.0073558633325086
0.9879235825550048
1.014597786901255
0.9847846329836542
1.015418033006799