3.858201630417365
3.118227781210555
3.336077045211275
3.194249944590813
3.2609723745447443
3.24263078858415
3.245111450206795
3.2096955397400713
3.270154890859242
3.22314673936752
3.190382787622949
3.2713710737069404
3.2035348912607278
3.2051152589716176
3.212969406676839
3.1846798380430306
3.223244574643943
3.2150040451501645
3.150110014444926
3.150034067168532
3.186065956548824
3.1748021809879954
3.140815088408674
3.138599016009154
3.1586525077831276
3.1613873930672605
3.1355619167199316
3.1000066403342443
3.0750367128257503
3.066360313150977
3.0681627184650413
3.0720845562039583
3.0724939928200854
3.06709067765676
3.055608996645736
3.0389441787702665
3.0193277258768525
3.0005761323864855
2.9865244765998784
2.976887450039915
2.9640276090443485
2.9377367278423465
2.8985845994967354
2.863342438498879
2.8464335015986797
2.8408459961537753
2.837054151715288
2.840747467631833
2.83305202587635
2.779400659944246
2.7281267194952954
2.742129151138458
2.7553473803280433
2.7122698709942408
2.6582934359355743
2.658472227637586
2.67915768125716
2.596572314947061
2.5864087997485714
2.612356529222488
2.5226817116941826
2.536348727604217
2.525992252704531
2.445212089244438
2.5008373389482483
2.390505383443049
2.4442294696076554
2.3498409870993657
2.381193567169837
2.304121873208214
2.3268538235859997
2.2380721706845113
2.2933135745810636
2.1573929217476677
2.241095678076925
2.1271133768690853
2.117821026279528
2.1431048954723915
1.998503788313403
2.066032211123801
2.0412691829011607
1.882951980300799
1.9411972072792594
1.9814930608804322
1.81464307954498
1.735526128579562
1.8388776008795247
1.857890178832889
1.6849395536166965
1.515632659925985
1.5220979047356737
1.6483359248677019
1.720566656484112
1.6331152760986516
1.4103267531661747
1.1522065916953754
0.9570211755089253
0.878964450433503
0.924483768403253
1.0672844993240198
1.2645928424740243
1.4675852022087403
1.6268110159831832
1.6971332509877104
1.6468099562570055
1.471804037239098
1.2099666377373859
0.9440413936055119
0.780983627149975
0.7986827765749092
0.9715980403437634
1.142946513847862
1.140265706464845
0.9807797556308677
0.8858505478199199
0.984133712843001
1.0952481744846756
1.0151690390083
0.9213177307074649
1.0224188123079379
1.0542679686044234
0.9460814065463756
1.0056939590828968
1.0392880492993293
0.9527279352703724
1.0305496908875755
0.9964394177791225
0.9836132580721015
1.0288085484889442
0.9678830478927036
1.0324167666534512
0.9696967069471717
1.0295221589268233
0.9714324252239275
1.0280718344602275
0.9755016163653241
1.0178823403774007
0.9927822901938358
0.9957955740384641
1.014739400392915
0.9801992604898302
1.0144253984133818
1.003254893460168
0.9819687654646186
1.0121295689727856
1.008122130382241
0.9852753637413448
0.9994361950693421
1.0145098609249164
1.000046963502517
0.985458839218265