2.9507067797760067
2.9779035646382424
3.0093176962749926
2.9359628433283613
2.9872596453628852
3.0301557782424147
2.903430313109583
2.988936297411653
2.9874164719074976
2.9884065239883695
2.9292560115511206
2.9412630795595898
2.965259790441191
2.9880893740167744
2.954030459424108
2.943196575971215
2.89448930626177
2.924987225379298
2.902812621515741
2.936481401376362
2.9368446154144223
2.9215239657624767
2.940596010884723
2.9117818966867963
2.899158767777082
2.909090799525386
2.884468706752042
2.8690786898897
2.880213118165556
2.872868479973838
2.849109087990974
2.8398908503048212
2.8370481434828627
2.8151705972577945
2.776287529201163
2.743778046358529
2.7345863634332566
2.7476969136358727
2.7657895962632586
2.7630319164712516
2.7256009742141982
2.6754135938876065
2.6576313204192847
2.679138136907105
2.6810987965015824
2.63060091446511
2.599440739008009
2.6295296530976877
2.6195822670145783
2.5535421799426534
2.564197680613976
2.5767607340410223
2.500737090182181
2.5144936947888996
2.513632098536489
2.4386329977524284
2.4869570796956837
2.424511023455001
2.4241327798960253
2.424237925208757
2.359771751560214
2.3954358396237634
2.2997794036377353
2.3568918655523645
2.261043089792263
2.322088002321928
2.2177459073673567
2.258195034150014
2.1927449991265675
2.1867158175614265
2.1894101613035173
2.0848705778020236
2.1692041497644277
2.059610684119837
2.0396615480414275
2.097301174894602
1.9579972554038831
1.9652022396810922
2.027185642399633
1.8845616098003684
1.8381309737962315
1.9327238789833245
1.882967474703185
1.7272609187295047
1.7027625146265943
1.8114555198585878
1.8063292053911417
1.6547540877708806
1.494504588671295
1.488673636089993
1.5904257498780627
1.6850851373591633
1.653556327096426
1.4921475056167464
1.2664945999489707
1.0498106114147607
0.9181330264647249
0.8842553942985313
0.9493284687371292
1.0906526664396994
1.264092005354895
1.4424161358165024
1.588275614360423
1.6596006508987196
1.6380061806766453
1.517915452722251
1.3091592389183666
1.0606327847317882
0.8552457607674225
0.7739645003302115
0.8480971364966856
1.0183816049052112
1.1481828860202643
1.1243235174510273
0.9801844095749982
0.8889067733831219
0.9634810272614113
1.0817421877123983
1.050151121590778
0.9377239890161136
0.9677573382946546
1.064515104794109
1.006038269390112
0.9475245996969304
1.0359152488475138
1.018474922283849
0.9563995270701534
1.0349885055062493
0.9952914164496905
0.9775460919847202
1.0332034804557195
0.9658784259758448
1.0246831157655798
0.9864931399995116
1.006917011325939
1.0018231909660908
0.9953880923547949
1.0041498414455676
0.9956868817986045
1.0023618668990535
1.0042662013519357
0.9900699786407995
1.014233828129893
0.9823941973498886
1.0186422329777811
0.9874961892883497
0.9999447648749836
1.0131760917686934
0.9830221012510689
1.0074337744481376
1.0088921374991777