0.6763997426163866
0.676521861569335
0.6768880029091608
0.6774975198010035
0.6783493332707774
0.679441930866152
0.6807733648515044
0.6823412500056673
0.6841427611098692
0.6861746302310348
0.6884331439223981
0.6909141404790459
0.6936130074003122
0.6965246792238627
0.6996436359075378
0.7029639019445653
0.7064790464053817
0.7101821841049423
0.714065978097943
0.7181226437056888
0.7223439542773994
0.7267212488854253
0.7312454421480994
0.7359070363657902
0.7406961361450387
0.7456024656725425
0.7506153887851243
0.7557239319637861
0.7609168103595182
0.7661824934876109
0.771509089539432
0.7768846055851786
0.782296834786082
0.7877334366347432
0.7931819820108866
0.798630001270937
0.8040650352430768
0.8094746889634462
0.8148466879524681
0.8201689367932311
0.825429579736733
0.8306170630219458
0.8357201985623977
0.8407282551611844
0.8456309120655419
0.8504185001635005
0.8550819441547948
0.8596128731926614
0.8640036142886863
0.868247369325325
0.872338226893119
0.8762711218494268
0.8800420259972824
0.8836479455307333
0.8870868893152009
0.8903580312834112
0.8934616616348396
0.8963992296692419
0.8991733607066361
0.9017878653601635
0.904247740699709
0.9065591796559459
0.9087294883073229
0.9107671590785065
0.9126817708300886
0.9144839603820184
0.9161853682767908
0.9177985748106463
0.9193370264037558
0.9208149524715676
0.9222472730545375
0.9236494975616296
0.9250376150834659
0.9264279768329404
0.9278371713735392
0.9292818933974876
0.9307788069160856
0.9323444038220369
0.9339948588770173
0.9357458822659276
0.9376125709409282
0.9396092600522122
0.9417493758272041
0.9440452913142001
0.9465081864491681
0.9491479139342467
0.9519728724323168
0.954989888582801
0.9582041093285958
0.9616189060119704
0.9652357916476221
0.969054352713398
0.9730721967130781
0.977284916660924
0.9816860735145279
0.9862671974411028
0.9910178086433072
0.9959254582947756
1.0009757899438372
1.0061526215377068
1.011438048000417
1.0168125640677776
1.0222552068438175
1.0277437172979602
1.0332547253455424
1.0387639225507719
1.0442463091309642
1.04967639404335
1.0550284438375905
1.0602766971945203
1.0653956734798629
1.0703601095046305
1.0751465347614733
1.0797309802833128
1.0840917543390365
1.088208388667333
1.0920621902548568
1.0956364152746905
1.0989164803780933
1.101890155283655
1.104547676326205
1.10688194431933
1.1088885869760026
1.1105660435205806
1.1119156069353262
1.1129414325226843
1.1136505116212583
1.1140526097339014
1.114160168777556
1.1139881736413249
1.1135539837363095
1.1128771368340815
1.1119790901033422
1.1108829929916264
1.1096133710003406
1.1081958166421537
1.106656653965002
1.1050225870062471
1.103320336702121
1.1015762711191688
1.0998160341573944
1.0980641780916203
1.0963438054612697
1.0946762258831597
1.0930806333417227
1.0915738094022895
1.0901698575928092
1.0888799739061652
1.087712257989155
1.0866715691069078
1.0857594304062987