3.7962333477380104
4.15327959498768
4.28345735599833
4.169955737507574
4.123722888422652
4.225194331081081
4.189043356385618
4.231992618713177
4.1594119143685475
4.1722583770478625
4.11908517463124
4.150087897832593
4.105004522184192
4.131869952710411
4.1086985358459325
4.08940932599878
4.108290044628645
4.084550717978408
4.076790903209
4.1053623120591825
4.109922323283425
4.073200461276304
4.026455616133339
4.008243919275739
4.031255278700949
4.042248785602022
3.9927352172722093
3.9609142347379707
3.981032409145511
3.9348961313419535
3.907273091701728
3.926212306189215
3.862451243079709
3.889903794934116
3.8366798809353426
3.851403771893008
3.79838802110648
3.8081473301792146
3.734449350232701
3.7582833427086064
3.701484415380481
3.699595623676349
3.69074069562114
3.6147895345594887
3.619431208336449
3.623136655774463
3.5558826113548045
3.516909876214597
3.507569984549946
3.5065049424765733
3.482804175704935
3.423269985817761
3.3818208446852647
3.3323143980945655
3.3095567337245826
3.2761116970217516
3.250178673017615
3.221766121465399
3.1787788923404237
3.148137892771628
3.1066763954915086
3.067028634832645
3.051010320050501
3.0454648696063944
3.030645351887361
2.987083026009077
2.910003372490637
2.848686555957487
2.8551194117091963
2.853425653360976
2.7511884757492218
2.6948199070022287
2.732194968377897
2.6252191445245963
2.5840900993888725
2.605320363723756
2.461812661260269
2.531619043543218
2.375897806048329
2.4451540735164774
2.280990908238672
2.3670519027900974
2.171173895870273
2.2571041017802735
2.1283671885352873
2.049419464960209
2.1468758487274697
1.931507344967829
1.867924199525381
2.0034581809234493
1.8657619766851345
1.6128332246509016
1.6106334427757207
1.7743133835530784
1.7934885589353313
1.5488832345667727
1.2023572816776609
0.938325226071125
0.8761353239403351
1.0023514447283832
1.2587155683294906
1.5357281657492077
1.7394343161521206
1.7754752910710634
1.5923652233461054
1.2421995139578743
0.8827587420845294
0.7356787964335486
0.8954869457887318
1.1482568482988844
1.1462727147612994
0.9226318898877182
0.9103839797349713
1.0981664849579114
1.0183719138745595
0.9191429234593406
1.071060350533887
0.9765086450227585
0.9837377330890024
1.0393030588806416
0.9539386821402821
1.0479249069558039
0.9578643922904692
1.0397713757438942
0.9715324860069501
1.0140973222370226
1.0050787699029489
0.9753378633750311
1.0321200222604692
0.9873386231189608
0.9816475962827532
1.025108911657391
1.0064495660476414
0.9765387570150954
0.9925286960810337
1.0159428921327773
1.0186193096456848
1.0022707541679603
0.987614359853893
0.9826865794918469
0.9846894738153846
0.9890917476179135
0.9938125709114072
0.9944227104683325
0.996040413454033
0.9930319437999532
0.9898708706304463
0.9886775564067661
0.9881521984826723
0.9931260783898547
1.0041623070671521