9.99711521523894
10.62292685832385
10.780104369525295
10.736983693198503
10.72202587277997
10.707367299705194
10.708337303824534
10.618095193071584
10.595198873837933
10.622027522217861
10.618474518168293
10.527224674726364
10.547356146025788
10.46826255479807
10.493330983034516
10.43112953000365
10.36084424523583
10.333932143364006
10.330916372276882
10.272237669512435
10.222668572685535
10.172643238506287
10.131317635370248
10.044214031628268
9.970936955484222
9.92613568972618
9.895334005082008
9.784057229892893
9.74863597160532
9.650145336821174
9.624147965796622
9.515933399138671
9.438742248579521
9.381335250636358
9.319206839719625
9.225467515186443
9.135582512357047
9.05669042794406
8.982165748992632
8.88518185760832
8.77944502571706
8.672219239664576
8.614855823868131
8.494103279775223
8.39798738124174
8.301130048781244
8.21926848628133
8.082701719917022
8.010492739430312
7.91487719627283
7.7975568190257505
7.675169309169209
7.55411694107117
7.452834431590764
7.352060488871834
7.257463655683139
7.149905972111112
6.9920583613053795
6.88536474010459
6.796984878175403
6.626741378776954
6.563369329531225
6.400408503980833
6.29043063599718
6.212991090579643
6.057176299641492
5.900658491610718
5.774861069121714
5.644859711587074
5.523720722843528
5.390363711592493
5.285530970205317
5.207208099989206
5.074203378498389
4.874880640846072
4.814573342561166
4.64494619641613
4.54714927060062
4.360974552678556
4.320476037046544
4.1276229145988905
3.9518525631151866
3.8567067667307007
3.7721142192123915
3.6595736936534817
3.527585899508102
3.369411468609774
3.1733190857042994
2.975527831858923
2.9297349119749905
2.8951804889000954
2.540653672778553
2.597330626045099
2.2719914318911774
2.3598651831874946
1.8335897626587097
2.0502935955925508
1.954011360867442
1.2220058335645982
0.835838111130214
1.1696328966734675
1.812628297621694
2.056860502799844
1.483047357256063
0.7060175151651954
0.9161015685526936
1.2466946949036717
0.8183004508198123
1.1532167930084847
0.875336353709145
1.0946820542730407
1.0003398574252622
0.9242276480210445
0.9995248266175286
1.0499080089988408
1.0560256168097468
1.0484645475231644
1.0452632631870704
1.0309813087193411
0.9962946392989225
0.9674895498458858
1.0043388962553845
1.0211606611172461
0.9733483117966257
1.024105041207942
0.9768547142310813
1.0153792344949277
1.0039379230462937
0.9817475275865667
0.9963693308098653
1.0116750410933186
1.0161617838092596
1.014570571901865
1.0144915947829893
1.009153675521928
0.9966459199671269
0.9882330641765728
1.0033452266111942
1.0073575724475685
0.9892866221698476
1.009823540553566
0.9902099199156331
1.0060316775194056
1.0030939990334775
0.9917362840730118
0.9970158183779428
1.00502406187092
1.0076350510331074
1.0071150147544525
1.007047714122462
1.004239309784259