5.735930769913013
6.435958371074031
6.511078994513625
6.49930596911547
6.4217767110691
6.428162522234256
6.458682204428834
6.370244078902364
6.390046570828242
6.34064357468517
6.38425509768163
6.351329399711613
6.353912916406419
6.294744623037456
6.324088943469954
6.297923624306595
6.275906275164846
6.215674225740408
6.243085168311229
6.214229967918953
6.218108965280184
6.188245811224175
6.144695366096974
6.133500924232174
6.116764728697599
6.0789730443480074
6.02970506007347
5.974621671687673
5.931282500770486
5.923222619043758
5.911578538904902
5.8405507009720194
5.807299596846651
5.799010697189634
5.7241302662611435
5.738686926701472
5.650437610119603
5.644029692722568
5.564739837357129
5.5510519069458795
5.509413601422282
5.43507814189559
5.392712065370421
5.379775450445085
5.328396052240512
5.2680029580538035
5.190800305299481
5.141301616026413
5.086703961101791
5.02596793473116
4.977954223809185
4.939678624568278
4.905607680292945
4.865753364703505
4.7956116253759085
4.698729906499248
4.646933470059775
4.632678570091886
4.531448072133723
4.47969774064719
4.444483096598269
4.333544959110979
4.3164651382629655
4.212161353883842
4.174018004445512
4.119877393585506
3.9996332618848682
3.9806889646342634
3.933872643781071
3.8258633548188006
3.7221603380861237
3.667041163503657
3.624122908733552
3.5693032391778283
3.5122237755487378
3.4408777080319632
3.354601482282388
3.2565634005211144
3.1490018068322216
3.058179303072905
3.0279276903948613
3.022191743777558
2.8977730776327046
2.7349952936795328
2.7753843957534348
2.645710897322419
2.5146505779471124
2.544121968598653
2.313569975842458
2.378563629533649
2.1855662482158795
2.0720540587955014
2.185802293358775
1.8091167496861238
1.7271183714434448
1.9499380699864037
1.8049514610048576
1.3020781569954802
0.9113460316586348
0.9006256422211261
1.2276051237885615
1.6573878929365822
1.9123910576098229
1.7734392797149596
1.2511898253465343
0.753045781751676
0.7979774850271508
1.1844811633486891
1.0968234406608168
0.8473692961800049
1.1068867383385508
0.97140534953463
0.9974575846735133
1.0126399960248007
1.0032726683796467
0.9744704444424388
1.0537919647137677
0.947952084797213
1.0071041251041353
1.0437274586116612
0.988372319258033
0.9603591791785328
0.9845890640606524
1.011618096846341
1.0249511795146433
1.028932591923852
1.0266468093419034
1.0234003745016704
1.0179438537727474
1.00517279690472
0.9871797785924922
0.9806117731345427
1.0003962378496039
1.0180335011303643
0.9943961180057894
0.9891770537315319
1.016195231193589
0.9879850082561898
1.0096666268802972
0.9917334499220098
1.0085733293066115
0.98903025982701
1.0119045055372533
0.9944178765052888
0.9937254604139582
1.008943111772433
1.0055992791615396
0.9926290970839855
0.9913873960882515
0.9947773808763608
1.0006806296670845