9.586218880594819
9.027040427472732
9.035968016216268
8.947949601120179
9.07082186345915
9.028191695647958
9.006311414666646
9.026763629980364
9.01051061420281
8.977795799473716
8.943349086125169
8.89400313414524
8.84657372032375
8.856392811793507
8.86183721947463
8.798571231947102
8.805774160799603
8.709391520407383
8.738480113298214
8.659546257257293
8.629929691396736
8.628650635167096
8.542891292789228
8.488759110559776
8.457872862797197
8.401462283061932
8.355551735661123
8.311717888068625
8.256757665441574
8.202743693438144
8.168863639265318
8.132452349171587
8.040765519130348
7.971533334955621
7.932118766525669
7.828145451077476
7.818209459052897
7.703736334661583
7.651484567119977
7.608205881919088
7.497140410804517
7.416361759572678
7.363402551538334
7.292737651614889
7.227235847305905
7.155375508759021
7.067703866798889
6.966612790095269
6.864264215589574
6.791930178021021
6.7452329164149285
6.636561896849762
6.534150821908445
6.483193707261302
6.338039918831811
6.304440891878777
6.175007327784512
6.07840129563268
6.032167231161244
5.906639503717742
5.782932614881139
5.687329823798152
5.593780689926885
5.502895887965198
5.403981598660133
5.293232327331854
5.185843255419766
5.109499293102103
5.049843068188137
4.916522778897409
4.775119731793364
4.741347797480729
4.558328567051919
4.5282159581247505
4.3439315707216375
4.314637100147716
4.170713130447073
4.012220926726376
3.963062885109547
3.892739541347766
3.7837260632842726
3.659872441666506
3.541210877072195
3.4408360032811096
3.35189430629582
3.2349576445824053
3.0404188228926112
2.855526592747328
2.867217895628564
2.7513255216408052
2.4848622691682203
2.5915175775218073
2.198471928091578
2.350020718356351
2.017049444749896
1.8055428227603878
2.0701833123699656
1.7437613896310982
1.0857347044505992
0.8471413891026499
1.190457828780652
1.7598914238069374
2.0221914810426074
1.6157176433195604
0.8580005051669963
0.7340867831755016
1.2254133748599763
1.0008496311045751
0.928320446576916
1.0941832810699337
0.9374560133725445
1.0189593445979415
1.0505367630824543
0.9281671856215508
0.9981581029032986
1.05861023694572
1.0377591913446624
1.0060187058791836
0.9913357915644263
0.9910886063547845
1.0029715772544008
1.022427860874562
1.029780527997987
1.0005599261284093
0.9730574567167618
1.0119523286778582
1.0058173082881208
0.9867571293529357
1.0150741191586612
0.9890051633295689
1.0006018203914142
1.0133488660503647
0.9866728203211282
0.9910919805858588
1.0090442153613826
1.0133187765872143
1.0119385296108303
1.010635375894409
1.010669483931103
1.0112253351588538
1.0074453530952672
0.9958165256994959
0.9896617860080525
1.0045374222399435
1.004019607548792
0.9925986185849544
1.0088324318932194
0.9913616014891274
1.0066958894164397
0.9985070669580206
0.994074602123553