1.3517319434235873
1.3487024613672451
1.3397336484798148
1.3251766453033769
1.305591622033563
1.281712881988665
1.2544050536360296
1.2246146452665978
1.193321470039677
1.1614941287267444
1.1300529227051728
1.0998423531692976
1.0716139857756597
1.0460189761453358
1.0236083708736496
1.0048383727284647
0.9900772747902384
0.9796110202730957
0.973644723224214
0.9722987296851895
0.9755988975015736
0.9834622183207961
0.9956801065024921
1.0119026029468303
1.0316272056908622
1.0541959785616561
1.0788038325363
1.1045201499321833
1.1303236532019156
1.1551498902076456
1.1779475987085017
1.1977405544946496
1.2136887338434725
1.2251439129626178
1.2316935437474938
1.2331887260095995
1.2297528969034033
1.2217698274279725
1.2098514745711797
1.1947881487803285
1.17748553881253
1.1588933258280314
1.1399327016504281
1.1214285438618938
1.104052093150873
1.0882785648008844
1.0743642865177383
1.062343243480905
1.0520428385406553
1.0431176538420373
1.0350965989474903
1.027439113253587
1.0195950661947926
1.0110629783390819
1.0014415802068821
0.9904705208636542
0.9780571341253557
0.9642874505725207
0.9494209909449933
0.933870193210841
0.9181664462069495
0.902915878105996
0.8887484164902889
0.876264542613962
0.8659841079444193
0.85830130313432
0.8534499591615038
0.851482168493794
0.8522625835746418
0.8554791923168874
0.8606708347024253
0.8672688725378326
0.8746503338733961
0.8821977543423052
0.8893599233241233
0.8957079961533093
0.9009801317235309
0.9051091989164958
0.9082305957593899
0.9106666232608367
0.9128889819786037
0.9154618720693264
0.9189716549927415
0.9239507868543813
0.9308051719192453
0.9397543393648043
0.9507928939485342
0.9636795133656443
0.9779565341947944
0.9929992398772592
1.0080897496957852
1.0225068116033125
1.0356196899063652
1.0469730880397892
1.0563507430188803
1.0638071362715973
1.069661272649243
1.0744515461178392
1.0788565889222979
1.0835924737336875
1.0893008859892748
1.0964451232415777
1.1052304905556851
1.1155626955970608
1.127052484254604
1.13906770785127
1.1508262675960617
1.1615164779775515
1.1704257184479663
1.177056519688265
1.1812097363666876
1.1830195331428408
1.182932361018336
1.1816315705521387
1.179918970218851
1.178572815597628
1.1782068186577772
1.1791556618977097
1.1814087566013274
1.1846060064244952
1.1880983675028982
1.1910639393512374
1.1926593809480295
1.1921790107485437
1.1891910643929418
1.1836243053695041
1.1757864447910222
1.1663089559853967
1.1560272539773795
1.145818619264797
1.1364296586681712
1.1283283861628084
1.1216121466917714
1.1159920211266794
1.1108589282272685
1.1054194268556397
1.098873844512618
1.0905992657172165
1.0802975894398494
1.0680752694496582
1.0544353824541353
1.0401817557530606
1.0262546971660649
1.013534106103257
1.0026543535210084
0.9938739606881665
0.9870316000324596
0.9816005176017034
0.9768303931397112
0.971944296841075
0.9663440455268476