8.063951139754426
7.578528601901633
7.598602456758395
7.647434514922444
7.602827400936298
7.604123368891986
7.5314500676274
7.560072468736158
7.594600737473794
7.567071418269269
7.521123544508922
7.485305684152171
7.460887010959689
7.450486281984903
7.451119723439264
7.4327911554360675
7.395910413350408
7.409289126377914
7.39861943871251
7.321687495401804
7.302421570472374
7.292022563686258
7.238595236527218
7.221094125372994
7.1651992961785504
7.148211970374888
7.098057645093306
7.0865345202155
7.000714299236232
6.955794212538349
6.94352307160859
6.901260344896081
6.837361717744416
6.776450365574316
6.7262854589893735
6.68276300636316
6.634505174972865
6.579789728192579
6.544565619516746
6.513303775224716
6.427102635011604
6.350269937270907
6.308356428382176
6.272463573423671
6.158166104545507
6.154505109796177
6.040753502742285
6.017696160665423
5.908146758357416
5.878962941309985
5.821039387954913
5.710343328138404
5.646259877462524
5.6058505781746
5.548001309523161
5.47340944131389
5.3937053251672875
5.314244105110484
5.2401820905464405
5.175150679300636
5.096391965046007
4.981119436633166
4.88165391398563
4.834183532006363
4.782272076379413
4.6373639499478765
4.6101708021856
4.494845201647489
4.429786254196286
4.32566172189378
4.286104086517984
4.1259389450626305
4.089350613617121
4.033315119944989
3.893340472874371
3.7723235392763574
3.695517795262225
3.630401927331021
3.556465253517597
3.470004771926081
3.366952843320812
3.241461599616102
3.1158256449126704
3.048143093068634
3.039950743415453
2.9485518042158487
2.71996748656519
2.727376512485657
2.631129700680213
2.431655817081601
2.478074772688381
2.216098038225033
2.197443134396005
2.174814524665645
1.754037188770321
1.89233771324579
1.9853516036815588
1.5181967302675206
0.9804754435171076
0.8701817507474966
1.2102137556478454
1.7086338883937002
1.9731301748688883
1.7123243894738807
1.0522725512698377
0.6753003597026337
1.0173139921673897
1.218295850743448
0.8539720032047439
1.0615042688171277
1.0014591466029843
0.9957296537693088
0.9891002689428047
1.0501287132017103
0.9311302073390388
1.0405238318796817
1.0351288147688236
0.9612911226620044
0.9586552811602428
0.9937577983458926
1.0187763948675088
1.0276985539890193
1.027801085206509
1.0212200977759949
1.0058150599709046
0.9853624277008106
0.9758756640590351
0.9967050611768953
1.0228481664170284
0.9924166760977102
0.9903566143544261
1.0165417371273295
0.9828521257786614
1.0171751289820132
0.9841655571231236
1.01014122967807
1.001170076801726
0.9881038606837809
1.0077801565607343
1.0118047416537292
0.9999645090179632
0.9914660925474104
0.9896560263115391
0.9900422842860713
0.9897778178977393
0.98972726635777
0.9926476086833557
0.999163109067091
1.0069204470049715
1.005942664521075
0.9924638074142486