16.365617018058447
16.417761865018303
16.362989364942297
16.303076259364055
16.279836723053485
16.333357660822436
16.319704324512806
16.281849601537644
16.19566946511558
16.193330582026192
16.15957724418421
16.140811765584434
16.006310431115576
15.98914121719853
15.928570149581018
15.892637808261389
15.777265304832596
15.715728432856169
15.649615099956334
15.588660561276017
15.508172637227155
15.393279226564326
15.291277326884295
15.172404500462974
15.09821049701196
14.965042915366679
14.892650961060879
14.739610364060283
14.651192754173655
14.535461353969085
14.402915803579365
14.283659504881323
14.14157431792847
14.030843355338385
13.862226246147141
13.70107123264862
13.600382673590145
13.411997497923666
13.295543843223534
13.09950073767546
12.958493265292118
12.828213311877768
12.665217841083939
12.49888521542829
12.332806881141737
12.12939058681084
11.944697093011731
11.821874866983674
11.606154922893058
11.452614389611288
11.229930539052619
11.090749713652416
10.918352333240088
10.715522954210329
10.51085106408038
10.333280897222107
10.158116334566904
9.971133925975714
9.723713174002587
9.561269339168875
9.364044584118346
9.178140876767356
8.940526136023822
8.785073718526338
8.599519283408119
8.391850200779027
8.196173880642148
7.998153784997124
7.797518915196727
7.539991168660864
7.348818559426141
7.194981396190679
6.931768146914501
6.772171761918834
6.589308833240917
6.329851533783303
6.107596691960023
5.9076806698380455
5.707246955008811
5.501512668689385
5.354562092134947
5.205152849594935
4.903925758305165
4.791328460889788
4.507855149971007
4.429702752501233
4.1482342802850996
3.8843336325861886
3.7000338666293215
3.5155973895403565
3.289020872728733
3.066712649465554
2.980260347029013
2.92146878305721
2.41906004414637
2.534186215319052
1.919625136388129
2.2460518534038414
1.6652285012269583
0.8643899433082611
1.114743207902331
1.9484829706995859
2.0799839382634557
1.0451159370534413
0.7112266379494872
1.3053778710551471
0.7968217196047743
1.1561438276146911
0.9879299241885829
0.8941801457687044
0.9713818619357281
1.016351213613511
1.0122955199653807
0.9794204094675646
0.9482090039731773
0.999829430223681
1.0353096049311108
0.9631701148999398
1.0322105776477264
0.9827303141910008
0.982665235786703
1.017664097003741
1.0249103556606105
1.0215948657158909
1.0209200302292833
1.0138393131886771
0.9902555191857599
0.9890250851304853
1.0158757520912776
0.9853737618420645
1.013430977459657
0.9980003360868381
0.988067822710822
0.9976543162021106
1.0039685550555295
1.0048151596933388
0.9984286653204867
0.9912080317910167
0.996433974870568
1.0087561894828034
0.9918364925451154
1.0087764542445936
0.9937058391234911
0.9988565747546826
1.0071299150235344
1.0060579115033823
1.0047956721432365
1.0060326324203925
1.0058215531965198
1.0000544106370262
0.9946357627183322