19.43270231538659
17.950182583126217
17.80931462986889
17.892365510693164
17.791069575079327
17.794657375274383
17.719201736610593
17.71554558189082
17.622834978403784
17.626762805225564
17.535059666571275
17.52203445687866
17.488608453329004
17.40204671556371
17.36818922285693
17.24351001019207
17.161366578456192
17.104768680664776
17.025875681873785
16.887695330581277
16.824039193332975
16.73404340174933
16.605155917580202
16.477702624710478
16.360838147314997
16.255347654300564
16.118199227622323
16.01665943843679
15.916323890098067
15.736250186248522
15.6416973940957
15.45365738778274
15.330426239389505
15.196643544478421
15.024949012735547
14.876690066341753
14.70801658473084
14.562438470271784
14.356790080264675
14.163630161178485
14.04151808082746
13.816873550083185
13.68029321061221
13.475963603405924
13.25911119129121
13.080148936728335
12.886037575675582
12.689816217260892
12.49447510774316
12.340815870391088
12.131594602384725
11.893368462159954
11.727577516633614
11.501143374757165
11.27400208403067
11.096733865973743
10.896258006330196
10.690236369099686
10.466751897140767
10.227077768981676
9.989196875573223
9.82787504756044
9.56845577378258
9.391681107174373
9.115777865504308
8.93541634658264
8.740239648402078
8.519584248029004
8.291931405826901
8.084684970415461
7.847862474437239
7.575424854803237
7.385703694156398
7.180803420281572
6.9381102935083785
6.699900162663872
6.5475096778161195
6.3184492698364885
6.075120677369369
5.8590436976748475
5.664030833261934
5.471658732795901
5.186155041011535
4.9523142556075594
4.823542551185173
4.51585155648825
4.336867200013949
4.216895485973257
3.956508684201556
3.688482471686222
3.472208693262468
3.3131003024755934
3.20632652345188
2.9114197336223864
2.4916745069399915
2.640646096303133
1.9591338536304583
2.252855637581669
1.762317762784687
0.8803005770949172
1.102440392520553
1.9774824826924864
2.0700874277817816
0.9530714544753662
0.7873271911448639
1.2692275277948952
0.8384397799011478
1.0537687865513532
1.1108813617329198
0.9643094652705848
0.9214975135890426
0.9286218471320623
0.9493021834860762
1.0054415849021894
1.0516171338578906
0.974194623979545
1.0070511716822423
0.9883053397919827
1.0283000847452515
0.9782862044291495
0.976263551295688
0.9905507352923871
0.9932635175079347
0.9854446916911879
0.9804062336537708
1.005068059388241
1.0106729997433006
0.9864753719721562
1.0113246108039988
1.0007798038348783
0.9861408784392721
0.9965583296500906
1.0048718125433285
1.0042279016226148
0.9984513150440193
0.9893024802348219
0.9989513747177717
1.0084376363220664
0.9916367068693088
1.0073925580555925
1.0001467682802885
0.9922750645921481
0.9970768776342047
1.0012813076398552
1.0009184470506565
0.9964337353978491
0.9932177165630767
1.0029759856083835
1.0023819370809337
0.997217823185749
1.0008441552146046