1.5895767314658358
1.569459796141459
1.5130031259712706
1.430734975314718
1.3368715806297125
1.2458341781462496
1.1695263835311023
1.1160436531667632
1.0896258082952397
1.0911061587297017
1.1181650668034384
1.165242076113214
1.2235645389612093
1.2819597652294967
1.3287694221650292
1.3545015045488504
1.354290719910979
1.3291629362683193
1.2855737655780168
1.23343223349681
1.1834071580742196
1.144453071659326
1.1222010167509522
1.1183732531844544
1.131035123349168
1.1554066255068436
1.1850585905333224
1.2133953444895125
1.2352414139167478
1.248144138703065
1.252887977086122
1.2528691151451876
1.2524245121579451
1.2547334734138038
1.2602032728709176
1.26610132589546
1.267646691400799
1.2600934977744447
1.2408901052940653
1.2109910112469666
1.1748126193966637
1.1389158641037558
1.1099800301536606
1.092820885884255
1.0890931792368375
1.0970339274515077
1.1122710574482453
1.1294308633154586
1.1440456643699106
1.1541246617612488
1.160773393400099
1.1675191992162446
1.178491222734256
1.1961622999668953
1.2196871698207385
1.2447274533344967
1.2650099181735706
1.2749912673711672
1.272359213939883
1.2590800809238016
1.2403857702205587
1.2221547289004588
1.208010299025102
1.1976469996339472
1.1872566430647438
1.1718140510832462
1.1479855868968647
1.116104010208838
1.0801747484137643
1.0459476511015835
1.0181183536669924
0.9981531867279935
0.9838649959836095
0.9709068723640046
0.9553375264013475
0.9358691609753299
0.914608225527822
0.8959189310323828
0.8840438621070931
0.8807821993377926
0.8845036548822152
0.8910636083480629
0.896140956383205
0.8976994030357307
0.8971466075347493
0.8984589372813783
0.905712819293512
0.9204613103279955
0.9405841046735866
0.9614206018214532
0.9785863633480828
0.9907304109618368
1.0004031658395374
1.0123423826072426
1.0301966729761436
1.053859572254094
1.0793125068991485
1.101227303958347
1.1166159829724036
1.1269429934781237
1.1370754689412357
1.1516885051792558
1.171684768269788
1.1933283250031186
1.2108757941196961
1.2208367432910432
1.2246276878104432
1.2274763860173403
1.2342949414080628
1.245697489613769
1.2573712035802198
1.2634281064247035
1.261127220197027
1.2531127358169345
1.2452305860716575
1.241632183113768
1.2412415914692358
1.2386421914054213
1.2287281935677061
1.21116545325495
1.1907474435508147
1.1732495568691363
1.1603961097980415
1.1484554103354006
1.1318005755205338
1.1082531755018254
1.081297221499813
1.0570536084784838
1.0387895576035073
1.0241415314257782
1.007741906961123
0.9867693583769516
0.9640341814177855
0.945520855614379
0.9347517067218141
0.9295744243664938
0.9246473918542403
0.9171535991017126
0.9098900846392483
0.9084645503281997
0.91542474456784
0.9274639019600395
0.938738742450174
0.9468614727960444
0.9551370196358928
0.9685226349765331
0.9876100670785992
1.0072586269495134
1.0215440105197133
1.029665174297131
1.0362034400509323