28.48721247579937
27.413097025860246
27.3170806270092
27.232349360963852
27.157726390498162
27.203646940524674
27.058486393075654
27.05494028703926
26.972302209814423
26.900486607179896
26.83462225909937
26.722314999769466
26.66119244175001
26.46659107692068
26.403177232183058
26.242345528289995
26.098753980778586
25.964261088901434
25.82111725822944
25.66694572523588
25.466419421366282
25.361489708396476
25.12889825194558
24.976019773413835
24.747637073646256
24.52799539533937
24.321304571960344
24.088335556046335
23.90144170218818
23.66365808320375
23.400355569144942
23.19324123919716
22.931957331114234
22.646626073730708
22.37518332014539
22.093286209158066
21.852672593002005
21.58295310304804
21.26132034930977
21.017505126325727
20.675480373277946
20.36928554953706
20.082586624352015
19.76636786322529
19.431532211931415
19.147740103109573
18.84794720107821
18.472143866620776
18.17734029689896
17.871086274124615
17.520945936828554
17.186184825730646
16.867545299718213
16.5167631166802
16.132133710237092
15.847256275334031
15.442554743914695
15.127512227781171
14.808258137584033
14.4654404598975
14.106843317132492
13.729114711082522
13.354275304652779
13.070952275000582
12.659011823466406
12.338424268725975
12.025168117718867
11.679999469749502
11.33064811914063
10.971151145747061
10.570750581063715
10.287452713627381
9.898807249874393
9.62460253424165
9.248812131832032
8.88613488560108
8.554778366918415
8.253111287712485
7.9747000257557055
7.563515577542128
7.308699667924246
6.907574317541689
6.669412522440734
6.390788467822299
6.083518402535401
5.777459940134398
5.4019738396188455
5.0510128066647315
4.895730664517136
4.448983419936807
4.213932645355158
4.039475721663125
3.778624516558474
3.5108840919872435
3.161320097704629
2.6225326039538674
2.604856419953841
2.1233574609678794
2.2215506358076382
1.0249933279230734
1.0407584385508122
2.123327341690028
1.937514683450408
0.6022462775308367
1.282257442220333
0.783667958566633
1.140793971475003
1.129539182050232
1.062249948159471
1.067668998317255
1.0778749992115528
0.9785465387163295
0.984354525497061
1.008671365676599
1.0288387557007719
0.9718773127249882
0.9646165588616944
0.9685886208252098
0.9808844635184801
1.0187710731164976
1.0010849331697917
0.9978480887385158
0.9895486306270179
1.0176907600735527
1.016044939587359
1.0130183630586773
1.015079066123363
1.0047948599474696
0.9865822885994573
1.01257187101802
0.9893289144718022
0.9985478989893583
1.0090074432227385
1.0096469621264224
1.0079155963536486
0.9980280237506101
0.9926850095558586
1.008023265239307
0.9926578971218702
1.000666994273986
1.007262259974942
1.0063185025011496
1.006634966195858
1.0046475769036944
0.9945629959523601
1.001965399817168
0.9976389805571875
1.0058064906393325
0.9996027160611765
0.9962148451320513
0.9959576775787625