46.81868795694976
45.389205516224024
45.28186885031133
45.26569277614315
45.34130749685084
45.13366936297747
45.0792314761213
45.01240993113699
44.80518595868366
44.67744987700497
44.51749982889325
44.26931370920413
44.177675769123724
43.960078633035906
43.757545078530214
43.465929059338585
43.19416835075968
42.97257504614037
42.646313951265824
42.32552579462374
41.99187145216914
41.673546435773886
41.360312236591916
40.956774597223585
40.62838059498523
40.24574054291261
39.822611431609666
39.42373670171391
38.94417195195704
38.53669035437147
38.06561317572773
37.63919004761106
37.161194168930635
36.66922991382258
36.138685806772294
35.682603591553885
35.1296587553056
34.65100365316748
34.13213464270725
33.575864959162764
33.0101956205198
32.44489560853823
31.897921415546755
31.35547723791422
30.767463221251294
30.205856177520694
29.62873455316893
29.006211165870884
28.450788218454914
27.806661667366477
27.221671327795928
26.61703843707338
25.99988157389631
25.43844674706458
24.817915856658782
24.247460707444425
23.60499127053393
22.982310417743715
22.401811591646368
21.81115630302678
21.149090198711185
20.60348558377603
20.001587296446118
19.384195764508476
18.800861084671897
18.20717339292443
17.55873838725478
17.034707832890064
16.44309256018874
15.842067371324305
15.27753057066675
14.747782511836673
14.11708728314957
13.619912448876656
13.000392653072783
12.454798195312502
11.919141143961337
11.397818814468748
10.960807186683207
10.34991861768243
9.934913062667887
9.44295959424381
8.952567967114748
8.483443296868131
7.927797999869163
7.500478008035509
6.979414306704355
6.627374678306743
6.218512085225744
5.753018691619566
5.213458585230479
4.9498117072103245
4.381275737834587
4.170275695764
3.847270203502517
3.481103614936233
2.9379357143976246
2.263812749163855
2.5311660246570717
1.3259428055357412
0.9655179255009411
2.302912383904658
1.5957341367311262
0.6866891625408433
1.1147867208690618
1.2188875144964901
1.099507226594702
1.107394161381856
1.0730011094555376
0.9208163692680081
1.066896216046655
0.9967689306269469
0.9604275203853121
0.9688481291159637
1.012447192069274
1.0209947355110522
0.9825545048850097
0.989495049500066
1.015875113999768
1.0151701176173626
0.9963287800438552
0.9836566071801578
1.0162333262379255
0.9950274045197723
0.9845498478119684
0.9860343317122309
0.9883579941520775
1.0071830123750334
0.996761746744316
1.0089324849646493
0.9943770566058778
0.9911833336192737
0.9959138107488206
1.0075720310482892
0.9960758105756825
1.0069666095905279
0.9953348451713424
0.9929057168788629
0.9937710066626112
1.0025452526444376
1.002608394236229
0.9987796689006678
0.9944994467578637
0.9986263172391171
0.9981287642163719
0.9945179221335504
1.0030058728497566
0.9972580098699867
1.0048778813365717
1.0031202815640359
1.0024353440532923