39.883324785247005
41.70630152588485
41.661102692501245
41.607936972722165
41.5284821576518
41.41585278218942
41.471599251597496
41.25252521733204
41.243158060457525
41.086655564433464
40.926067919759866
40.74184538230625
40.56561968951421
40.42609002400161
40.174334195949335
39.91253892200631
39.70515049195828
39.46081037082473
39.23219497848943
38.94877909314902
38.6824871531462
38.32900942021617
38.016567377770734
37.69244679387323
37.35191453330405
37.051895752275634
36.659205057771
36.312923515163874
35.93723546403417
35.54109623481967
35.147305452712466
34.711149335968024
34.23814919408456
33.851567113761064
33.40070448871874
32.9386398965718
32.485746830524754
32.02873891426418
31.49811860508708
31.05083943764009
30.509223181190407
30.042091911555495
29.54012392820746
29.00881827218476
28.489920555337125
28.008675079855355
27.430312342390472
26.904246374708706
26.397255311935396
25.85196206282685
25.28098167866049
24.7624832316821
24.20164114149791
23.689283058958736
23.108405416836053
22.5430111247593
22.010814624917508
21.478829947695978
20.864152056737517
20.36603968723608
19.796941649757184
19.22331375984752
18.67849731058595
18.166713334105903
17.59136097612643
17.039314280968338
16.477469806559547
15.97644397961314
15.448243437597545
14.891954800032554
14.334183663590638
13.892619831323454
13.290569404499044
12.821907034151494
12.343992419300795
11.834270763048883
11.289556809013975
10.816707312120158
10.360516845989668
9.899772676090398
9.366100440942391
8.891000096314395
8.464906338048541
8.09124110756005
7.547971597713585
7.222428831552644
6.699200595473016
6.241325463254113
5.828245727258367
5.492230131481651
5.195848517761941
4.615007214903714
4.393503719764866
4.083160796578243
3.6933382482452357
3.3913419858394342
2.9666737027448273
2.181074509469016
2.5047659506974207
1.2658289863548098
0.9779959715200408
2.2727057450278774
1.6659812604751127
0.6273546900967266
1.2185903004027065
1.1536191417272743
0.9762836199941952
0.9898369842722665
1.0833020814214511
1.0206374541610854
0.9735938275813516
0.9793317233637235
1.0436824920738452
1.0447434804556162
1.0314162500661017
0.9803136872261028
0.9981159009110842
0.9935977920064158
1.025318634972165
1.0138142082186608
1.0141652774602448
1.0195663150455416
0.9891866704400548
1.0075764446612816
0.98503500934692
1.0017871542923267
1.0064271855661326
0.9987801289502488
0.9881978589313352
1.0099620279963186
0.9891933690491717
1.0048398175637574
1.0095779345192164
1.0085739532793032
1.0012516012629393
0.992646407547761
1.0073878664696978
0.9968091748517467
0.9927502518070431
0.9940660394573061
0.9932779776024576
1.0000487411759549
1.0030600281447937
0.9992996941454007
0.9949011279313436
0.9976002614348529
0.996969078603871
0.9947979913937087
1.0028250681999438
0.9977709168175819
1.0041930107094277