56.70541431362176
58.55180822908726
58.357405074241804
58.3263102681764
58.29787595836403
58.262196143789886
58.16561563803688
57.898589475691296
57.745352993631016
57.60144823257124
57.37961467499956
57.09663460979696
56.83836389747642
56.55187581647084
56.20707035131826
55.90849203138557
55.587843796453946
55.20213595654707
54.79249337243839
54.35553881379389
53.94874083742246
53.46310462545016
53.036824885942266
52.470226723618154
51.96392436857278
51.45919609382856
50.947604064216875
50.3044851318528
49.783426516698974
49.18424638112348
48.58306860670485
47.92426150013342
47.262997909450675
46.6159277629169
45.98905311919974
45.31025510163341
44.60110865536835
43.850981256280626
43.195997614133326
42.407395315249225
41.67406800326664
40.93467974875308
40.220259267682124
39.45113022914077
38.684709428140735
37.88731583624721
37.095823504102555
36.33464408709506
35.573456964755415
34.740157122833
33.94335652601696
33.17712872100843
32.36117285532004
31.53517186341999
30.798131812644908
29.928105372766286
29.135349748881325
28.330696760804674
27.52535551155838
26.79320442103905
25.94148862160103
25.192746995518167
24.42960341117817
23.63679403931718
22.80967119938306
22.100822944466785
21.266725649957095
20.529654862194104
19.779850990290686
19.022059724011115
18.362881612587568
17.560793667124848
16.899336550402932
16.21002510357655
15.49325612599771
14.75064354983762
14.164709192571802
13.421656678272667
12.754850351797215
12.113128759164068
11.503498101170294
10.969768883418382
10.260526266957712
9.688247256410047
9.133524167136343
8.524311416102796
7.978255996411507
7.5295130212545756
6.964752901540724
6.369168223864446
5.86492035796875
5.486164864505057
5.0005764095890095
4.49627728522665
3.8875698569532977
3.4553795476207947
2.930922462431941
2.638256783435332
2.5482798768611508
1.519774661760954
0.9286650963009384
2.390716057872754
1.3647391874565884
0.9466002719561537
0.8016541679215632
1.0390821330663311
1.0053702621008722
0.8913960283364295
1.0500856321637149
0.9390228576072168
1.037342203079869
1.0477172064563263
1.0149578791169755
0.9599521774524051
1.0363227799627652
0.9808382924552027
0.9717838308717521
0.9751182302737118
1.0000440988580028
1.0132980916836252
0.9976141137688306
0.9822667534267789
0.9838784321777787
0.9864348132576931
1.0115395640423888
0.9889256524817729
1.0106773083065335
1.0115701021837624
1.010787065031424
0.9996534480538466
0.9954332592931872
0.9987097127776402
1.0079083456512565
1.007946587372885
1.0028083536646246
0.9924442492964288
1.0065745208673067
1.0007380738419536
0.9961431551617701
0.9987751412426658
1.0056984354131588
0.9948554853309386
1.0054661911928957
1.0032038455094319
1.0028274819996448
1.0047055848756443
0.9961759812506178
1.0040784950742014
0.9977560487489199
0.9963537546279905
0.9978691770838867