70.92132415180099
69.44658968030677
69.32793506478532
69.26556928728587
69.22089026863644
69.06091954728194
68.93365594354124
68.68498193193422
68.44494131698353
68.20119193658337
67.92499537063713
67.64840321814685
67.33191262462893
66.90355761276649
66.51723545135823
66.13938471130459
65.67831160868354
65.23902383731757
64.73612679646578
64.24695160957903
63.72951717504673
63.14411281015455
62.50218878202239
61.98099195848614
61.30978958330661
60.65340618911005
60.002024121390235
59.277721193978586
58.59349903200529
57.80016935585588
57.05200759005752
56.28644835748587
55.553866211741
54.71336370134607
53.91865639291109
53.09637559609977
52.227249358508
51.341048843416104
50.53561468291704
49.627414371332705
48.717439887574294
47.83387188924956
46.905332159499814
45.98304808315633
45.012745866119324
44.08287864223155
43.129440235969525
42.223543457861275
41.25446311760932
40.33125383538346
39.37321856411863
38.40879272340962
37.38808396754472
36.4862338925079
35.459180593820335
34.492472977470165
33.54185759178866
32.63417098714505
31.620785003212212
30.716853527203714
29.788614733277655
28.834119189957395
27.8389307118162
26.982313924071807
26.005469685075028
25.081672519521792
24.190930113206438
23.353500533124755
22.389182363321876
21.585324292645602
20.735502398329306
19.874002772440416
18.968388276840965
18.20592889068619
17.321663218818628
16.51329550335035
15.724830311190086
15.022045079865666
14.230003360661671
13.551765481634728
12.803613493871508
12.110714607894643
11.386133382574688
10.656121559818535
9.993773311194973
9.404061013246034
8.749140300769897
8.058970017357698
7.614259236112791
6.891815743032679
6.3004055726252375
5.7392214526571905
5.304895795485652
4.85091896132017
4.331743895397733
3.6597863045689194
3.150068700336852
2.933789205272554
2.517199595688816
1.663263176645985
0.9039835385658233
2.449306548715213
1.198882216113464
1.1473512920354225
0.7345705479681442
0.8339891391233262
0.8626682496653852
1.0608746530451243
0.9550420499682017
1.0727196020378076
1.0574162723316693
1.0520578664672953
0.980033766212523
1.01690713047485
0.9662520241153137
0.9747342370800833
0.9726989555255057
1.006562649523502
0.9958756942594864
1.0204619316960772
1.011632815252118
1.0161126299742218
1.001741205102764
0.9974851383595079
0.9884292963775426
0.9965536843776799
0.9913302823908476
0.9935944301997581
1.006918287919006
1.0042427450750548
0.9975622353441588
1.0022664327911426
1.0076436193318616
0.9921759339223921
1.0012402030212189
1.006003580202464
1.0030633656662318
0.9939029771895755
1.0055841756116588
0.9956837487323767
0.9941768216326247
0.9947390034885761
1.0027819059350669
0.998336307558206
1.0047394517731465
1.002630589290355
1.0038635757898302
1.0012101981891612
0.9980384591815732
0.9977450552161751
1.001271835221613