1.1736275668748126
1.2772419723917725
1.5076340361691505
1.6370899780725754
1.5456171936103265
1.3972267949778017
1.3815956478172058
1.502207177735285
1.594747287692305
1.5329416983121422
1.4103808329843521
1.3902419882494643
1.487765579066165
1.566403621942666
1.526178266348431
1.4404845044532693
1.4197816967675778
1.461168684537533
1.4935697580616527
1.4942492756906667
1.4971654333455575
1.4916769025454146
1.445968382534409
1.4042096285651073
1.4347934691195199
1.5107114592261388
1.5289281215910047
1.4717967225495976
1.4250799646778498
1.42277226218528
1.425917581774826
1.4308593446202835
1.4713438891019586
1.5131933929399701
1.485118235480711
1.4188580855792894
1.3938707060869606
1.401889614954386
1.4037104935306435
1.4244260514471916
1.476599787181321
1.4914842320986785
1.4464995040672934
1.4085933422972376
1.3901200279854944
1.357949721249169
1.3470955465096808
1.3910724250026238
1.4329508087595637
1.4386066079604802
1.449171484129404
1.4480598395397157
1.3963196901085275
1.3469056866910494
1.3307368786808025
1.308799809040063
1.2994550043521256
1.3374879201332173
1.3738112789854582
1.3878353139391362
1.4177886102042139
1.4284270357285442
1.3938683237821565
1.3665318247400038
1.3342137482593255
1.274764039995467
1.2408778123500241
1.2278634540373734
1.2060811993171976
1.2158712660194035
1.2488960552657764
1.2660270994214513
1.3016607164143041
1.343266431946127
1.3525258851157713
1.3691062568324885
1.3755280736047788
1.3458666860165565
1.325520149260545
1.2890732090273016
1.2291881814578294
1.1872468984064841
1.1303359909757338
1.0694615422162626
1.0313974909763983
0.9814060481547149
0.9441088590243255
0.9263543521181554
0.899562546705676
0.895428056493589
0.9003838462306865
0.9006065275864273
0.9259542383849654
0.9463900488377893
0.9708169617107686
1.013013259854223
1.04029092851897
1.0828001187086254
1.1247894113647245
1.1557550127209246
1.2039305713839967
1.2327396005344
1.2674601652564843
1.3016427629231713
1.3172103641183843
1.3465959401717211
1.3526287799048486
1.3613397513985988
1.3644147104982656
1.3485002490897589
1.3425717394897263
1.3107614888282864
1.2857010766701233
1.2478492817830198
1.2018692161410203
1.161717977575101
1.1041699237446974
1.0622902526121805
1.0077172218625141
0.9676487207250788
0.9291458588081137
0.8989535168884788
0.8848931566201285
0.8732235593991586
0.8857527236512099
0.8962222154633761
0.9296370955578853
0.957241273036555
0.9975764526216916
1.0290706601173694
1.0578065602676623
1.0769214474571767
1.0794267262660568
1.0759913957321303
1.0509346358316232
1.0292310306821373
0.9920496275696453
0.9708195244344366
0.9456664234359622
0.9455372489010062
0.9477007478101915
0.9727643452310083
0.9942393676789432
1.0248245393604363
1.0391214807404818
1.0482450572876514
1.0361840823225614
1.0186135066670894
0.9913246257027931
0.9726788547066254
0.9611907972300573