1.8913946156114783
1.7041118710330505
1.531764162253911
1.6203479035229114
1.7105751008922518
1.5864614705055409
1.5576744571950127
1.692774052140833
1.659382102952296
1.5333467016303133
1.619905332609807
1.7061843914842334
1.5855702771878568
1.5556262749499605
1.6588985413378192
1.6456267868951808
1.5907584203226794
1.593964353887802
1.5991780762115073
1.6407914699424153
1.6388763819548513
1.5486088582056206
1.577828896568517
1.6569819577201026
1.6118195504669932
1.5764623103810893
1.5675046408780333
1.5773248248380858
1.6437778877002638
1.6075063813948756
1.537303859189613
1.5608779218844404
1.5789138483499476
1.6164265022532758
1.6055206169160188
1.5254749624478505
1.5340401394984644
1.5561649319203008
1.5905290976919113
1.6070682967749628
1.5337944460687825
1.5129035322828093
1.5065355978048294
1.5420243284208448
1.5920786614722593
1.5589642404073463
1.534127258299694
1.4735125273380756
1.4717957206912142
1.5086290781818976
1.535529404997725
1.5681012647759887
1.5198881475108486
1.487209753996784
1.431318649735268
1.4304547681422122
1.4572029216295574
1.492471315115347
1.530391876293264
1.5092667610051556
1.4870274806658792
1.416194458674817
1.3884335509953993
1.356883000027241
1.384640064313866
1.410947563367971
1.4585906426900808
1.4769440694666296
1.4773421656265129
1.4437599526365474
1.3922916809295598
1.3356375919306864
1.284820967584251
1.2592929940894324
1.2520218114499824
1.276045954695818
1.3075404047791521
1.3540240028568418
1.3875581566597226
1.4151093559175347
1.4177102526996521
1.402203631210116
1.3653614987540748
1.3094523153657835
1.2471486120967705
1.171189808943028
1.106433888212215
1.034182135643226
0.9866371156245387
0.9353607282389836
0.9154664996643456
0.892922785169241
0.901659617901061
0.9079158505782488
0.9392968320983361
0.9701096998424996
1.0144273423845207
1.0634933852123079
1.1107733892352505
1.1697537091455747
1.2129899956100594
1.2704837547533194
1.3070071713561253
1.3494947218942515
1.3783793369774813
1.3951731545402501
1.4116186199875627
1.4009019465020187
1.3939998338771808
1.3626347679374324
1.3232038861183266
1.2779415309754216
1.2116978658810296
1.1531224631517534
1.0820511327062325
1.0145244931869588
0.9600458698702584
0.9057734561050973
0.8762404327628555
0.8630753949679648
0.8638418165359143
0.8932000068831027
0.93023913970712
0.9751445749196711
1.028582537065386
1.0637465681199518
1.0869788507067935
1.094081267428398
1.0702362354023571
1.0370464118014502
0.9984089633873894
0.9564192255027494
0.9370430848111377
0.9405785314825302
0.958138459426873
0.9949970142767043
1.0332289858796082
1.0494040221044831
1.048093142255043
1.0283733759245395
0.9909123022317732
0.96269275080855
0.9595080540727994
0.9739744891904082
1.001626827373582
1.03185751403821
1.0389338882310206
1.0176528109931353
0.9899099327633608
0.971932463587489
0.9713823073072111