2.3772032683936923
1.8123656518115545
2.0305888189200885
1.8645288353199887
1.9931271514269349
1.8948980788801726
1.958827194960693
1.9280307555122793
1.9194248013359296
1.9639118815651766
1.8806723747968965
1.9910395537178227
1.8588294376857668
1.9903658366264538
1.8717975169001715
1.9505887657376133
1.9180928724884398
1.8907392538422139
1.9604171836871358
1.8604898862713821
1.9498973307138816
1.890005875682521
1.8911920092430206
1.9341829508320894
1.8580917798133365
1.9192727796484494
1.8892901668647688
1.864555505631951
1.9129659462038437
1.858318887555364
1.8735764683100566
1.8902521842245015
1.8417780027091963
1.8724661088768038
1.8669852326091092
1.828423254601488
1.863415228181058
1.8489018464182687
1.8109901961622925
1.8481864924575946
1.8390689533695908
1.7894697909000332
1.8211367495231057
1.8374752074387886
1.7765502166269826
1.7750226047290936
1.8254816898722768
1.791756682706233
1.7325676392541225
1.7667769918759486
1.807588711532377
1.7522447826264649
1.6966277477891643
1.7369383841906139
1.7828529447106638
1.7343643640072925
1.6626640076622676
1.677018836091581
1.7397837598219847
1.7368744170624777
1.659557333610214
1.6090048692432364
1.6431118861168408
1.7015117183909398
1.6955346742749113
1.6216260569346677
1.5567388463717071
1.5621399672166316
1.6187630124711514
1.65611284337192
1.6274232405090423
1.5502235964776576
1.4828764438326723
1.4708102674486834
1.5125751720431346
1.5671793261195994
1.5878821907431682
1.5532825368199359
1.4765994200219386
1.39308924477056
1.3382565718343458
1.3306478239207449
1.3663281392552848
1.4242492079324978
1.4770940280429727
1.5017273134570022
1.4855825180674367
1.4281207050314966
1.3385085003808226
1.2314519405981794
1.12294006648613
1.0269935531373928
0.9538101834665703
0.9091898258249052
0.8948671035516657
0.9093323802527188
0.9487960385527455
1.0080705560939105
1.0812594775990463
1.1622288307044442
1.2448906320296027
1.3233556181651793
1.3920219219874768
1.4456656062400446
1.479592178640313
1.4898963330818258
1.4738579887290453
1.4304720709545946
1.3610632520011914
1.269874050873109
1.1644417649145573
1.0555153976507075
0.9562420500090135
0.8804197548706074
0.8398163317591432
0.8409090629875414
0.8818577956113246
0.9509307179950723
1.0276976139849432
1.0877945484846427
1.1107856783801522
1.0888142511634162
1.03211263107382
0.9672577720929836
0.926426443861081
0.9308012091566958
0.9766123444796428
1.0340888922568252
1.0641633319009192
1.0456012405490114
0.9936293045994044
0.9516409166373754
0.9562151652919604
1.0021917588360594
1.0433906574452232
1.0368298997820298
0.9905320459087356
0.9588815987509567
0.9801456348841546
1.0260242257237109
1.03450332849329
0.9945232620148178
0.965642129008511
0.9914870364152553
1.0295433788126092
1.0168310907481293
0.9766885493100294
0.9809516552085193
1.0200865804568586
1.018805637495384
0.9813653508786347