2.665642931995964
1.9127965743745003
2.187297791989928
2.1590061913644054
2.0067408459906733
2.1877200762288345
2.1062245779074993
2.058873121973396
2.152936803915622
2.0891551844149987
2.1161402514598375
2.0681163511788387
2.133319467867769
2.1077876915978893
2.051842032475875
2.124724190158259
2.079511642358876
2.1196291130867757
2.031774721488107
2.1141694144564775
2.0667658744691932
2.109847288604441
2.0294602114305986
2.083775110520289
2.0442242574945917
2.1043693927174028
2.0286242524164617
2.0712484421333306
2.002000931300688
2.0742923719370636
2.0190884032148038
2.0672635480493615
2.014053121561647
2.014860825803919
2.015523089377695
1.9779624779481098
2.0381623639116033
1.9737751432973107
2.0228707717667693
1.9916941364427518
1.9590950950791637
2.0018560345738914
1.9256023929035122
1.9559112277689512
1.960670171078424
1.8984100602563816
1.956392351187702
1.9320328429115894
1.8840969751921088
1.9448784635331067
1.911307019062288
1.85959081120774
1.917387763288924
1.898594359746367
1.8283453974043
1.8694152372411363
1.8913312030999803
1.8126095419706771
1.7993589744972238
1.858918017518529
1.8303760982205988
1.7500800117133584
1.762878994013247
1.8177925326554887
1.7811937543834135
1.6955922437347797
1.690223796743202
1.751258589076829
1.7568713463550318
1.6783001889265434
1.614609646240161
1.6400575776550135
1.7056543595263858
1.7125049778321642
1.6351794841524283
1.5424025436424755
1.5136267776391974
1.560290425129118
1.6252596792469525
1.6401940439127665
1.5799294865847961
1.4751776048360246
1.3843034429234806
1.3523788653659936
1.3871611758270868
1.4604026938998078
1.526252619355311
1.5466406072408703
1.5092731594361768
1.4242401666623574
1.3078092705671744
1.1764658067077183
1.0518182998180092
0.9574102932163325
0.9061358136254677
0.8957081389825681
0.9185734652008719
0.9725626663418832
1.0557659263861099
1.1542177199952144
1.2509933842123566
1.3442324082941761
1.4315673607986665
1.493379288702479
1.5212473013384527
1.522935717262189
1.487139514209112
1.4063689660237728
1.3006385438015702
1.1749871876666493
1.0375933437393419
0.9238140858542578
0.8462024002514784
0.818460257313331
0.8561863534643802
0.9328704742734631
1.0285830244853693
1.1044211502462067
1.1193392330605856
1.08055612301267
0.9977622287544543
0.9301194181692666
0.9182667317752993
0.9659012558978263
1.0408343354642733
1.0691027077887592
1.0383126187389276
0.968618862022021
0.9444765097194723
0.9813705574568955
1.041535126716834
1.0414008062560183
0.9896846899674634
0.9553496204710487
0.993542340490417
1.036501778573449
1.0194658534610195
0.9681879610904648
0.9820136769289464
1.0255607184489839
1.0194403894329072
0.9721154613507336
0.9901061553560918
1.0272234821006996
1.0006533767329162
0.9758756127239918
1.010186598839446
1.0184644727510175
0.9778390056331111
0.9998895247106597
1.0208419919941214