2.9117655343372837
2.8617937623569976
2.8990685952078827
2.8795270784668046
2.833208389704086
2.930085769217863
2.8376609761150284
2.8006002079332104
3.020285626525933
2.6743251279593094
2.9729821690095117
2.8752498134458095
2.697268890549333
3.030734719853004
2.741782539503909
2.8259776846904656
2.8776864963616227
2.8620577726400604
2.688984569882313
2.961919720050456
2.782409469328153
2.7248725516320937
2.8649921500784443
2.855299129518837
2.6711835585230825
2.803985857795333
2.8706985199874633
2.7029520316573388
2.683502611966025
2.860582860552295
2.7637534615029558
2.6399533063219596
2.6991699395049222
2.8585515230871428
2.664232486389949
2.615244328347069
2.672586925956382
2.8304596689391714
2.6226259991624814
2.559224890011837
2.6272507079204623
2.7619942172844723
2.6665694440214036
2.47634330087318
2.5492497888407364
2.6471752847265138
2.71650392938624
2.51911942173862
2.4081707368659195
2.4982954740748986
2.606971997911643
2.662366957198858
2.4670825823354012
2.3320076373055802
2.371229964378838
2.4811254669539133
2.616268591141161
2.525954469775762
2.3323004263233247
2.2343262091557397
2.2242383938939216
2.377807239932741
2.527501861065886
2.4962627959566674
2.379301733275228
2.1986469450547523
2.0396981960682017
2.0626399623230567
2.190059242238429
2.3251197134201944
2.455493485065818
2.466650158236042
2.321074857343077
2.136366556544255
1.9566356155253493
1.7963280389536207
1.7475882465357486
1.82783502699941
1.9608035285832468
2.1282047682361487
2.329959670284507
2.493341438134229
2.56651296595326
2.58011118319809
2.5518123744271333
2.4511215805261335
2.2806872571658476
2.090921434114928
1.9067635504960214
1.7122676125096992
1.5056983366403605
1.314996403730188
1.1571737483694322
1.020340479969765
0.8911676183995424
0.7757572706916815
0.6862025778033187
0.6214727922998373
0.5702885015975473
0.5263759414721014
0.4938983896484904
0.4794623166026419
0.4833866575458356
0.4998409677207389
0.5236743314888187
0.5557047930940465
0.6012170172547499
0.6635526621623434
0.7393940114464588
0.8205032445013878
0.8999155987731394
0.9757980154252957
1.0487716625585914
1.1158160016860192
1.167736179193085
1.1933215835210254
1.1863484639527264
1.1492390620256598
1.0913301001046154
1.0248678494537746
0.962441276609557
0.9161331247909514
0.8960978327593621
0.9073732389738344
0.9465204863274499
1.0007735231104855
1.0510653747969203
1.07836614750218
1.0714666078464632
1.0333033636044804
0.9820732417402604
0.944301540059329
0.94112273860761
0.9746826425614132
1.0242035390072872
1.057072036006153
1.0503106172631778
1.008375057363003
0.9624750912830463
0.948180737616897
0.9761049912915768
1.020539117705569
1.0401625510275594
1.0165845721237499
0.9745429033428527
0.958980002241784
0.9871490942530025
1.0270000125801273
1.031907336836124
0.9970681088562966
0.9680487890622211