4.392706456446307
2.8759057709064626
3.213072450221533
3.099193838723953
3.0704683924211906
3.177736316613161
3.0410051722159386
3.1516456360805694
3.109596101224282
3.0397305294795425
3.2267211019416133
2.924192216639082
3.2816256780366593
2.9212976307304213
3.1908781250202924
3.043375499089759
3.042284483266927
3.1173076938972546
3.0364700959955737
3.014690054469842
3.140868130610259
2.94752907769846
3.058824094606269
3.1081893614193814
2.8687423510575663
3.138865399552135
2.984983203006121
2.898784889415282
3.1028807451096063
2.937621003667985
2.905099680487172
3.0186920805523703
2.966656815046469
2.8531201450395307
2.9368517925591457
3.011548409169224
2.806447600989845
2.834369034312862
3.021495350010909
2.8303503140383985
2.7224326399405347
2.927057137242164
2.9067579198537836
2.712536742596295
2.7338371886101664
2.8606643155416163
2.837367745754963
2.6840229182692266
2.631487709810697
2.7740831568341666
2.842325703552875
2.6549632031354813
2.5067920992571877
2.641674032300399
2.801246510607243
2.6996336717649956
2.485083745204756
2.4408062211465165
2.5747035599769763
2.6886480319272956
2.645193651455767
2.47342523694209
2.3210370005992673
2.3287968546753444
2.4894887918094017
2.6334327720933794
2.5948301828059877
2.3835545936145
2.1681739896058545
2.1068653912485087
2.2189323250179793
2.401282845912898
2.528342068793113
2.5286758217242977
2.400576963464451
2.192699023446698
1.9790435730765934
1.8345446969794972
1.810026883597392
1.9137295682812798
2.110070502202297
2.3370919766560316
2.532109416067339
2.6517949238268654
2.679240228261807
2.6194592786343645
2.4897608172927512
2.3110060915012696
2.1025013184762145
1.8802531273151737
1.6570137764424089
1.4427390423685345
1.2448537629384966
1.0683355614724939
0.9158439962578667
0.7880487698983778
0.6841514750774638
0.6024887266596278
0.5410864525122581
0.4980771064314461
0.47194962774821575
0.46164577214086455
0.46653592210343653
0.48630684432805144
0.5207829137200966
0.5696905773968468
0.6323701203925457
0.7074432045004839
0.7924610704781527
0.8835863948831569
0.9753979603522754
1.060942683046476
1.1321781630154115
1.1809275697863697
1.200381093574301
1.1870061062868273
1.142479912519074
1.0749918090169452
0.9990958306680974
0.9334030377922955
0.8959412929278081
0.8980091511129996
0.9385640081186865
1.0020222085656483
1.0620037784634644
1.0914365663083385
1.075823251996303
1.0230084930639622
0.9621595066419495
0.9291007987973052
0.9439625199050503
0.9952958337758686
1.0447951771399766
1.0542821304906296
1.0173711404678694
0.9682113239666282
0.9535838096246068
0.9880824610785818
1.035860123729809
1.0446499924627273
1.00353788587454
0.9597858878480897
0.9659719688396703
1.0135676125654074
1.0401022801770659
1.011501548165131
0.9714338521100484
0.9791996365004162
1.0189300289069683
1.023528901341396
0.9862152452287059