1.4356920633918708
1.4356654179621782
1.4355854724496864
1.4354521992020441
1.4352655521915882
1.4350254671047378
1.4347318614671172
1.434384634804412
1.4339836688389156
1.4335288277217708
1.433019958300847
1.4324568904242316
1.4318394372792922
1.4311673957672428
1.4304405469131738
1.4296586563114704
1.4288214746065295
1.427928738008701
1.4269801688453498
1.4259754761469143
1.4249143562678437
1.4237964935422682
1.4226215609742374
1.421389220962351
1.4200991260585887
1.4187509197611152
1.4173442373408154
1.4158787067013094
1.41435394927214
1.4127695809348266
1.4111252129814291
1.4094204531052579
1.4076549064233002
1.4058281765299385
1.4039398665814653
1.4019895804108842
1.3999769236724333
1.3979015050152355
1.3957629372854226
1.3935608387560598
1.3912948343841118
1.3889645570936808
1.3865696490846686
1.384109763165979
1.3815845641123026
1.3789937300434953
1.3763369538254755
1.37361394449152
1.3708244286827893
1.3679681521068017
1.3650448810125848
1.3620544036810802
1.3589965319293897
1.355871102627324
1.352677979224666
1.3494170532875043
1.346088246041878
1.3426915099229506
1.3392268301278116
1.3356942261699634
1.3320937668155948
1.3284255177707813
1.3246896245273698
1.3208862593703978
1.317015636625119
1.3130780141762155
1.3090736949728585
1.305003028517079
1.300866412332782
1.296664293412725
1.2923971696406762
1.2880655911858938
1.2836701618670374
1.27921154048252
1.274690442104263
1.270107639331767
1.2654639635033345
1.2607603058612453
1.255997618667629
1.2511769162677333
1.2462992760972464
1.2413658396303076
1.2363778132647825
1.2313364691413837
1.226243145893177
1.2210992493220059
1.2159062529983609
1.2106656987812092
1.205379197254327
1.2000484280756543
1.1946751402362528
1.1892611522254422
1.1838083520987466
1.1783186974453168
1.1727942152515545
1.16723700165772
1.1616492216043952
1.1560331083657207
1.1503909629664544
1.144725153479994
1.1390381142045811
1.1333323447150931
1.1276104087879093
1.121874933196498
1.11612860637555
1.1103741769516235
1.104614452138458
1.0988522959953146
1.0930906275468832
1.0873324187635367
1.0815806924009217
1.0758385196981186
1.070109017933868
1.0643953478406036
1.0587007108763113
1.0530283463545405
1.0473815284331607
1.0417635629627826
1.0361777841960826
1.0306275513595902
1.025116241110245
1.0196472597106068
1.0142240154906845
1.0088499306135132
1.0035284330908818
0.9982629525824244
0.9930569160781352
0.9879137434688349
0.9828368430095098
0.9778296066808522
0.9728954054547391
0.9680375844697965
0.963259458123614
0.9585642984774574
0.95395535754147
0.9494358198812427
0.9450088264361052
0.9406774618736431
0.9364447451149603
0.9323136417973853
0.9282870632261433
0.9243677283741781
0.9205584337036103
0.9168618056888858
0.9132803808734427
0.9098166039624112
0.9064728064111551
0.903251238503472
0.9001540109132328
0.8971831238373951
0.8943404540216622