3.229569323016907
4.573623750769389
4.690970612561374
4.358265528357374
4.062553383650439
4.171171266228283
4.489405251975588
4.51221871712484
4.280138276930318
4.2567637724992675
4.353793522530964
4.220683625158269
4.140217566153715
4.3457168744613694
4.360890234741442
4.22150747564367
4.366449788521321
4.354265089395421
4.175766253046267
4.310764904098183
4.232601042529672
4.113566970218166
4.266320203958919
4.089827227269491
4.13842472608171
4.170700924418904
4.017600193451586
4.186116424804265
3.9949730151739895
4.122962547774596
4.029514363931192
4.0428283740856905
4.065328173449592
3.9800673270718363
4.0749933530599245
3.9269178201795354
4.04386652263541
3.861690757248893
3.968331282643604
3.7926617473740474
3.8779469017435044
3.7742243163444313
3.8084510626489214
3.820909480395538
3.7164972317036216
3.8317444440345096
3.5763867999502272
3.757118391118861
3.564983213966405
3.634030581313664
3.678312220388309
3.4366520498590782
3.6178730383506963
3.4597927968822053
3.405557853849289
3.581583308801683
3.306874344524479
3.307730498569841
3.495993410842635
3.230919000291628
3.1714637398544414
3.386666909239402
3.2068329593254186
3.0021302935274297
3.2040501057030504
3.2501712928176363
2.931467063819692
2.875800843297183
3.137392417888667
3.0987673087178234
2.7775646387139434
2.6802765857262827
2.877017854064245
3.0403745623855776
2.852049167125884
2.5012568524320775
2.4225810728665036
2.6113992116658316
2.870715589899207
2.8803848296047083
2.6024505649073353
2.2487635015496865
2.0090227350138274
2.059937626051155
2.292670358199186
2.6422512949429677
2.8868603611539823
3.0144874430923307
2.9212489689884618
2.717106263411134
2.3810692009326133
2.036152175504133
1.6742327384082307
1.358870649648248
1.0890899144301696
0.8643395386300508
0.7019688185476967
0.567650232255409
0.4851719082605312
0.42761685288861717
0.3990112609907376
0.40465866725512045
0.425241513573765
0.479319827009165
0.5579758675515883
0.651345944313728
0.7762785654603505
0.904217959325949
1.0261538704151263
1.1415291161080874
1.2045175301620825
1.2125022082888117
1.1716823039010222
1.072105390907342
0.9591473489836847
0.8890557320787374
0.883227522301802
0.9424516395436011
1.0383233471849196
1.1021467455200815
1.0757264578355525
0.9862300334092611
0.9238295967447812
0.9494847279879299
1.0298048602810328
1.0665389749244296
1.0150834006248073
0.9488642896815347
0.9661199992945789
1.0380888449448196
1.0421563799139932
0.9716673027457668
0.9582131886820459
1.0263414439805527
1.0363309178298612
0.9727144735740825
0.982028846701761
1.035325272208946
0.996389762672859
0.9649334358360693
1.0214653406144556
1.0104426166030713
0.9705198016701574
1.0217400288215366
1.0105575627460706
0.9773707197203413
1.0269265973933175
0.9959227943138723
0.9901465156663384
1.0249847058331187
0.9793336579637353