6.252804754129703
5.3173765224121565
5.2247033693733576
5.162946073710504
5.110023693782833
5.063719864506049
5.027910809311343
5.00918612089041
5.013380579631475
5.040777378662265
5.081546740535208
5.1153565393002545
5.119456074417386
5.084837321177928
5.030014786028676
4.994508897273793
5.004590686169509
5.037216913838204
5.033085649230529
4.970504507055843
4.914238943575085
4.936026725340446
4.983622214868072
4.936767318514203
4.833737508606903
4.844162078810038
4.921668824377425
4.846369793352956
4.727747338643536
4.808699453891505
4.836425347668935
4.66215149174945
4.6991966536415175
4.780072380918594
4.579344403263671
4.633163034276887
4.688875999954636
4.467417952678258
4.620718987955943
4.515434625543401
4.41971237049672
4.565347676099099
4.300798551761543
4.4982933069995985
4.275548756451319
4.370601339362285
4.267226959297515
4.248241636143109
4.232440535073164
4.154034883884611
4.161743747066805
4.091730769906513
4.052544573185905
4.063815193881248
3.906238584846696
4.05729791546994
3.758475620423538
4.005013054358681
3.706190565748602
3.8060248975772746
3.798053531103589
3.5380917126613354
3.7887512242820267
3.5468374552968296
3.449606153840206
3.675086419136753
3.3768287550703
3.2963901313336628
3.5406807505272733
3.3037104999303843
3.0709382444836852
3.3108473954776616
3.3419058638668324
2.9731845938721966
2.8766013355768547
3.153049422425608
3.1981698331488246
2.838989195591886
2.563704239314375
2.706515065185794
3.0127180891017793
3.0471942586495526
2.7140812492919295
2.2904489236608514
2.1024264805545774
2.257317079480625
2.6247079153103208
2.9809784390391774
3.154662374134671
3.0869682713902713
2.8143824725125466
2.4190673411869112
1.9848150392317887
1.573409089426089
1.2194089547933595
0.9352719341737968
0.7196027434248693
0.5644570928233636
0.4603188756645943
0.39886218367342585
0.37411750343895855
0.3826297553218014
0.4229657978832583
0.49469044870445755
0.5967797148397843
0.7254496803852601
0.8716291677232424
1.0188502542467086
1.1430860863105017
1.2166060376070027
1.2173537992200523
1.142605655267165
1.0205715585842154
0.908742069039378
0.8693784996335242
0.926991113309497
1.0367380665033714
1.1042572708995624
1.065596627501324
0.9634037089471055
0.9180955081323089
0.9858374820365443
1.0685766329164175
1.0405319630847711
0.9509447087202172
0.958400326017468
1.0448549438870656
1.0351480618904905
0.9540238666566481
0.9848381303340553
1.0494819724339897
0.987838642871967
0.9651262732187673
1.0389878818376994
0.998328790725543
0.9682444194420405
1.0365570014810908
0.9866369786979483
0.9857223337375013
1.0315048030532286
0.969166324357416
1.0191705769580885
0.9976128245586785
0.9885764041690462
1.0211373424606787
0.9749785666058554
1.025879421348339
0.976027318703699
1.0219442927642814
0.9804789319560073
1.0182666894693577