3.0254245438340845
2.6141706461013596
2.284818341127861
2.399337546993027
2.628879005288757
2.4145766530388837
2.2572972526793986
2.5179092812376895
2.6245261490519303
2.28423069108597
2.271351210819777
2.6265263581492007
2.5356058562481154
2.221770373016374
2.363774955615483
2.5781842702641637
2.4416015754444436
2.3466806331004744
2.3539684094453155
2.379627721627755
2.5198520679178196
2.472726122734126
2.228352467443498
2.3127946996045514
2.5142425658727285
2.44162853804301
2.3672173749024665
2.2831535864781864
2.254554349325389
2.4622054631668786
2.4887413654442594
2.3084756076976807
2.2625380849955965
2.2314485095776377
2.337159060935944
2.4907106525546996
2.3616611345335583
2.2577657869950154
2.18777585949034
2.1817208079679222
2.3740744461345518
2.4028030818234
2.3519656384129073
2.25024263646084
2.0856841191388997
2.1463854110565044
2.220360041687314
2.3329057241160536
2.3955344154594322
2.2625778034395663
2.176782138735776
2.0239930929112933
2.0286205344515484
2.1156745708022395
2.210332697940066
2.342287288900794
2.292476343425608
2.2480550479384926
2.069148865480094
1.9621581151126564
1.8932356210764092
1.9068394120280139
2.026858069434524
2.1188212341735144
2.2650392543094497
2.268716287332297
2.280065610824509
2.140954791516269
2.0309491120641887
1.8522802039280217
1.7493718886318168
1.6637576319655598
1.665388989282241
1.7187596564053016
1.8228955626534606
1.964501602619791
2.100739269217018
2.242614461587031
2.33650343729159
2.4116359962615155
2.4250922158691335
2.409856576031347
2.3453086075439558
2.251534719950354
2.1353793207123513
1.991513537421026
1.8551733201810683
1.690771469790827
1.5587209124302437
1.3968022105193854
1.28257097232018
1.1382229321561739
1.0456425119250574
0.9275657945590682
0.854302086635324
0.7667198389390856
0.7082248586554586
0.651938653529418
0.6049107439086279
0.5774607025312557
0.5422246477732495
0.5379487852014847
0.5190106391462179
0.5301955391308623
0.5341828306704435
0.5540721690605594
0.5851232526513798
0.6118884614663089
0.666617821328947
0.7050062882697801
0.7712045691209084
0.8278634370815969
0.8900559355864025
0.9627322432059642
1.011552790128377
1.0809474930647829
1.1162961183779132
1.153306863872954
1.1747144019147233
1.163531151696843
1.1593374559567202
1.1142112100078772
1.07268754514712
1.025042979362563
0.9642193727992027
0.9344291808284554
0.9036208986232975
0.8976693729776966
0.9245838406235952
0.9494789133208393
0.9990869429463893
1.0452058962121773
1.0639883156518424
1.081176211085549
1.0618908500639894
1.0207797349724523
0.9895225178744969
0.9506023800008239
0.9357025356614485
0.9582528411774516
0.9844473147469261
1.0206839364355003
1.054381653017987
1.0467437402073227
1.020950340685613
0.9929316610926185
0.9590738564819615
0.9544163566681695
0.9859567715162619
1.015615078115347
1.033842922067532