9.529313831969844
6.908308314050889
7.242594776016685
7.194924807512454
7.08467123155859
7.203873903249391
7.190450699681063
6.979093835662667
7.337574544399134
6.984706853395699
7.069855057900759
7.210150896676455
7.0159626708496186
7.01458688157903
7.029066197085203
7.0683981529557505
7.05559027281908
6.8832818591038025
6.837555579618088
6.982033334884953
7.03107554737231
6.9035389759852075
6.771503901440467
6.7293120447728
6.7236958188507305
6.698650734551652
6.661571287482933
6.640103665514324
6.6395130427136335
6.644115932204142
6.636893369580602
6.610440866466822
6.565723974087878
6.506416145305765
6.435070193769198
6.35299387459647
6.263253846429046
6.175079854026569
6.10619738392081
6.077383626546064
6.094912479458371
6.128177428022307
6.11020950184231
5.9914410455960105
5.820288551381524
5.733116845806958
5.779170033914004
5.790293738005279
5.623228538509585
5.4858226354962545
5.577429233454737
5.565197183213921
5.29441668670084
5.291981863489591
5.398177896465038
5.121235463119255
5.122321912062218
5.152267629159476
4.885329638937114
5.044842536300591
4.772590569726511
4.832819790086287
4.725601669705592
4.596307041056952
4.64886346166995
4.414507032491273
4.499907372432037
4.300627938726838
4.275913728325916
4.259229644459142
3.9848618475979563
4.234643282464943
3.7760159766272685
3.978922101804995
3.8927754877748524
3.495492571215841
3.8466476340240376
3.6230328499035744
3.2189764456787393
3.5253695130658005
3.58467914213493
3.043812853682127
2.8782077878086443
3.2972428759429615
3.4242509114538286
2.9067894637788627
2.3604491458831336
2.3649496850069402
2.837906370982386
3.326089191017082
3.4852109272682186
3.248564806711059
2.740634567198844
2.136268341953032
1.5706071927578347
1.1125701346156511
0.7774782646964219
0.5516288831575086
0.41255885139022547
0.34034840529569726
0.32173530287175206
0.3501788181615502
0.4239181999949056
0.5426190851593827
0.7023971937496659
0.8893422787495466
1.0735475794740417
1.2089282434071917
1.2465444220785649
1.1651156424952474
1.0058860455470646
0.875228660331032
0.8777942911584826
1.005663867551742
1.1088455831757695
1.0549162539797072
0.931474411339595
0.9450490595889356
1.0625698213567325
1.0427050063106955
0.9352056090968844
0.994042165991443
1.0613184718618234
0.9626797919778467
0.9861006410980341
1.045078416506001
0.9594324509413809
1.0200894898727901
1.004869685921242
0.9769626584365262
1.0349441318662587
0.9622115978378164
1.0367954141986098
0.9678969778969709
1.028794943087932
0.9741215799838331
1.025450852756642
0.9750542839761762
1.0241916728246954
0.9800571695282161
1.0117630720829618
1.0014535739949544
0.9847809577920311
1.0239602081945351
0.9805212548089517
1.002714826635556
1.0153706768059707
0.9835729129418173
0.998473467948474
1.0158603689336845
0.996367171066345