8.528090661459565
6.732527255526581
6.228662467936084
6.81473506946834
6.6801738018118835
6.343510851416117
6.6515163337511884
6.595087769079013
6.657269863419426
6.423557754469225
6.45013593334432
6.560199133536185
6.592361623087012
6.571191314164255
6.442984501430567
6.36867949489925
6.358983838946251
6.331986229327483
6.439049648200381
6.367812657992425
6.4667581772342215
6.395587188085443
6.37426046935918
6.402962380399
6.296534648949159
6.3026154126542036
6.308119770938369
6.214148228331056
6.194994455858503
6.198562575380347
6.103117495445386
5.991675541669038
5.936452163661104
5.8863344818836865
5.821370247021121
5.799365839292343
5.843069221513402
5.87739234991271
5.807551242073579
5.652245812356362
5.554498558409803
5.59380634226566
5.627110535712887
5.489694277960482
5.337482000933229
5.404883897893241
5.458085136331608
5.254366535437471
5.192222050868227
5.315303872083518
5.116351502005408
5.028784734334541
5.153045316139594
4.884020209512611
4.934099201892872
4.897210108630631
4.678212489998486
4.844266783078248
4.528709800605485
4.7303421413784275
4.44235502248285
4.608116464603479
4.318839804422172
4.470488501311748
4.139619936868643
4.377614100753674
4.003988129515067
4.248814857336235
3.9185846560320914
3.9422775153729734
4.020084886719108
3.6208924332960954
3.889417040383473
3.7015666413570614
3.4061255352576056
3.71415155576876
3.5359108295076536
3.1263006807654454
3.3702230567028786
3.541053670482099
3.0536490766416446
2.7727408916332745
3.091666216041505
3.359541038990152
3.0698418558249414
2.485102168344311
2.2450765912809563
2.494865372824104
3.009786680257448
3.3572471152939154
3.372850854631
3.0508462182841924
2.5271305822360524
1.9772086004956457
1.4614442192262642
1.0590656116412787
0.762698645714857
0.5515605252673911
0.4249639055359819
0.35673084569009555
0.332271901299205
0.3557510061079674
0.42356197004146484
0.5269259247725383
0.6685258171586589
0.8455020129020101
1.025795127342799
1.1674316019177173
1.2375430794897944
1.2080826638715632
1.0818086144167256
0.9289236358499549
0.8578347477056001
0.9247254535318954
1.060473767267197
1.1121343618051374
1.018119761973973
0.9179241913450026
0.9672344655125629
1.0694594713190522
1.0263027360218664
0.9332826728384993
0.9962312893006561
1.0547575611441153
0.9640868121874456
0.9769987779066177
1.0471397774228028
0.9656264681325808
0.994984416156422
1.028537112423358
0.9580316877915354
1.0308942359642275
0.9807260899000404
1.0044013012261122
1.009829614012259
0.9878368927820865
1.0207454146963004
0.9796705038003184
1.0172152842264666
0.98126845354167
1.0140666845302089
0.9954894861459374
0.9997305317479935
1.0078607645663529
0.9812098811566854
1.0237986229231866
0.9836531907093488
1.0020917716315327
1.0118100028926469
0.9831438828087415
1.0087675416788553