5.8232800774828535
8.34393280842201
7.407438870243518
8.034423665087747
7.712066327740345
7.748820022621412
7.783628331905062
7.871046777624914
7.561152069014263
7.864848678203634
7.687812237398391
7.764080683469428
7.5900176821389485
7.62116401400282
7.800937727304418
7.585309025952431
7.569048762136773
7.609050458090201
7.442570803452137
7.447192292382592
7.58512090585355
7.534666520244333
7.386648733654353
7.3685265354948655
7.437523109639506
7.432358448830494
7.323489467549614
7.198970805321452
7.132082896444585
7.125391556958253
7.140038106778627
7.138967245380434
7.106068815164571
7.0452537268472994
6.97329849515586
6.9112359622936985
6.871827399853565
6.846057102694778
6.805362079053491
6.73291103904508
6.653959014073459
6.602110578475014
6.543986178658145
6.413479970088975
6.254145159996269
6.174989625662838
6.154783362534246
6.150180508027156
6.181709936835847
6.084312127927599
5.847500010722836
5.787325617081904
5.848296860498167
5.822165356966579
5.587230531528927
5.493334202590368
5.637041975675413
5.394575735824786
5.2654065728955075
5.390950747897802
5.136519858802307
5.084080833489886
5.139657532748841
4.819156179537529
5.011150934350866
4.66419902552137
4.828952876151535
4.50163668748583
4.672584513335392
4.315353471727318
4.5236613363827605
4.103024288388609
4.402324031239608
3.9383185265947893
4.077500715860366
4.039990156313937
3.6228752693796937
3.971625688387718
3.6721572767010904
3.3061591673276864
3.702684480645675
3.589675359929627
2.9981986928058535
3.078476468669696
3.5195960051157167
3.346225074780892
2.67779203870406
2.3363993461362327
2.6463659318248443
3.228841632739221
3.568293015120576
3.4466936628788583
2.9555666746945297
2.3070101258317712
1.6800201666789651
1.1690694077636068
0.7983156636884992
0.5533954300985223
0.4067225665454021
0.3323189428877653
0.3133920273823563
0.3445251961133574
0.42748251023541256
0.5615799853269917
0.7361192731931571
0.9309879977391701
1.1155532875036551
1.237381854773144
1.2349634010583113
1.1037696046492356
0.9362671892180586
0.8586095888404621
0.9360719902871538
1.085154767328911
1.0993332195475225
0.9633962917590622
0.9198873480656089
1.0327471963773354
1.067226043478324
0.9465368951043284
0.9795014648747922
1.061196602205524
0.9654122272307532
0.9874657378032992
1.0459046442843198
0.9511544125178397
1.0355122283801643
0.9859066454138028
0.9966956038561393
1.0169745926197975
0.9764803735109651
1.0258248615640504
0.9778991399219356
1.017348339761
0.9880266273892406
1.0068191365065609
1.0039692749882163
0.9819553901445104
1.0266243597479352
0.9791174309964826
1.0077348292507144
1.0089621656854495
0.977600364148979
1.0127966334236163
1.0141919284532372
0.9829570714737471
0.9973009159285272
1.0173578735208295
0.999678230442241
0.9811028979046577
0.9915160080969408