8.19043843277837
6.553727829761669
5.953000600067243
5.79032402519109
6.0102763911245605
6.115820094399995
6.044427695137521
6.138122064317131
6.200963780491233
5.981375272844018
5.909582114124006
5.977992371184995
5.837328260208364
5.864191487725376
5.928257474889008
5.816993753444544
5.917632189251982
5.841716655800504
5.836653971810582
5.839122029511328
5.749238202821603
5.787800730907611
5.67372847237341
5.730944241588548
5.643426497898373
5.73313046205663
5.693380036402597
5.776198846953034
5.721205609459157
5.6668093949286495
5.56469118748215
5.436814250948589
5.498527887041695
5.5113945510534865
5.549150557007758
5.443504617528788
5.261217192826043
5.327102338116167
5.414581222004361
5.268349455961607
5.132765664538915
5.218182397894075
5.226573336635976
5.01501863344526
5.034503027995233
5.137240858760561
4.887345916736852
4.887201200661762
4.967520168318841
4.737298959232103
4.875290513743668
4.704314979305539
4.628818623755085
4.696540186922879
4.467944109098558
4.659442853260649
4.362393205012358
4.567859610123817
4.2455603504577155
4.454829530283074
4.115596392063851
4.337916404881371
4.004741734633008
4.180638421739104
3.9709049394466027
3.9287642852832536
4.021361574743315
3.6718184623155032
3.9358354055738882
3.704761258763383
3.538654541619824
3.8153272129804914
3.477247927023783
3.3273130427551796
3.625763253067901
3.3758374157520876
3.017780378969051
3.2664108786594803
3.446812763028102
3.044998819562653
2.698864554829542
2.9084708503619905
3.2460532776167494
3.13433315724275
2.621259259497504
2.219627608329246
2.276729864834336
2.695882716451913
3.127936766056423
3.321492308484644
3.2169184310898076
2.8362004235210825
2.3316385650614757
1.8304812133358281
1.3688108811522235
1.0124296256581267
0.7439680840278567
0.5532379797776159
0.43742223691154825
0.36538205646626676
0.34793776679404265
0.36115371660528994
0.421424855762011
0.5112773168131127
0.6451690155025813
0.799849233801915
0.9735085801233319
1.1221574755277732
1.2234152835266958
1.22779822494338
1.1466128593689384
0.9979515953139609
0.8880093492073016
0.8714372727090038
0.9765299463529162
1.0904734721112785
1.09130742787127
0.9893408850707921
0.9128218939739741
0.982016814516653
1.076336594807053
1.021679817807094
0.9361540489848779
0.9966316389437163
1.0582522520134094
0.9770142393352584
0.9643344954505216
1.0490169032300696
0.9922034642813086
0.965819490878574
1.0417188283089875
0.9802151830598274
0.9971655834702824
1.0249373004361166
0.9635890219620981
1.0299356966537516
0.9782858509004306
1.0154492190403188
0.9983611100507239
0.9999995984533095
1.005376843963507
0.992445848794255
1.0038529633138658
0.9943904317634934
0.9969158152838684
1.0039941171070572
0.9855855426306915
1.0157394569951277
0.9777407748705264
1.0155957710386416
0.9889849062911801