12.0185386478769
11.16228165666748
11.004938527906557
10.751623045259596
10.608845617464889
10.748304416985164
10.887244575810282
10.742291795165356
10.687072548560947
10.806736400690781
10.652401474690903
10.64189103137938
10.717765542345418
10.634258651609004
10.807564700800443
10.670782405571709
10.669268083375874
10.414067726662292
10.502645109199033
10.486078267621155
10.493001317796182
10.268862453034554
10.281648171838734
10.368555067350304
10.084312788512076
10.143795644702868
10.115642932699963
9.956009636554692
9.975858334372044
9.757595512271399
9.90234711372253
9.657839114616198
9.729393192479696
9.475317272992125
9.482489961720383
9.391737315270472
9.2164250350129
9.306275544031575
9.102163330925228
8.97165734947903
9.031746785026463
8.885087404609676
8.654598001557886
8.600346906666253
8.624498130618019
8.552289001513511
8.383885613165308
8.203993266488077
8.056856058250828
7.949149787286444
7.885999766066959
7.841111568052642
7.749914505809825
7.621231179662389
7.522637297629121
7.3938955569679345
7.2105843936933995
7.0699701369051615
6.899372012819591
6.792003019549864
6.773917002804924
6.759965331688878
6.6804521260896585
6.389534130481668
6.153375540322811
6.172496327002305
6.196052696469904
5.865259458412956
5.667868660567365
5.838768474504802
5.460858587089771
5.350843254567422
5.426381699040568
4.962798510821255
5.233314311516432
4.6685693947305005
4.974606255631189
4.39514367472105
4.7678192138085125
4.1173147970738695
4.4308711411618535
4.089034441322132
3.7478884734528153
4.204630735552822
3.564697094255281
3.271584135032413
3.852223113564551
3.6264210280596845
2.7541889658948975
2.6063425855038034
3.2837197714942703
3.8645679041926213
3.7600820008628704
3.0846132506091224
2.2289247944396626
1.4725854387378725
0.9179673288540463
0.5680310759557223
0.37653893726198034
0.2874435230549997
0.2770922607021466
0.337447293039499
0.4566040618283435
0.643147336230054
0.8777337818810883
1.1036765584575916
1.2540337141727218
1.2253057861496528
1.0474562182733826
0.8671551826557221
0.8944528837900745
1.068692675895303
1.105054864601035
0.937655553561762
0.9461680129214132
1.0838402454873575
0.9800015266704077
0.9597979967832407
1.0665162538791557
0.9452793426021198
1.0314515540788942
0.9926732945269694
0.9989301234694824
1.0044341034697337
0.9948040603904551
0.9978578715776889
1.0170177530384612
0.97536888538386
1.0358723403569465
0.9728172587014751
1.0049563900113778
1.0214432071022228
0.9730494714544675
0.9977928700970728
1.025740245134922
0.9968807233716791
0.9777529975706682
0.9982364808993466
1.0206755481324272
1.0184493643845307
1.000593587063463
0.9858634979660681
0.9820983393576861
0.9847440251169757
0.9867486854031016
0.988756067294319
0.9933747521948123
0.9937772502173392
0.9891818854505446
0.9891010555072618
0.9865075574635166