2.5697293247632627
2.568330135792537
2.564141416432833
2.5571896365437587
2.547518670520122
2.535189436405105
2.520279394969682
2.502881913035618
2.483105496478998
2.4610728994654
2.436920117526556
2.410795273083099
2.3828574029403455
2.3532751581266087
2.3222254271988834
2.2898918948032967
2.256463547841608
2.2221331420557346
2.187095642196614
2.1515466491878907
2.115680827828091
2.0796903485948732
2.0437633570227627
2.008082483920611
1.9728232887932535
1.938153383934553
1.9042303853901803
1.871201227636376
1.8392009303699712
1.8083516072976695
1.7787615939812664
1.7505247026666606
1.7237195281818543
1.6984093378027416
1.6746410899969961
1.652446178275168
1.6318387588499006
1.6128182787968324
1.5953675777473226
1.579454559991106
1.5650321517403625
1.5520392635591251
1.5404015673738207
1.5300323959260191
1.5208340708804404
1.5126987286239957
1.5055098438124639
1.4991435442888996
1.493470056374198
1.4883552089959886
1.4836619819577463
1.4792520829495526
1.4749875373253416
1.470732274229326
1.4663536923562288
1.4617241884858307
1.456722608509347
1.4512357463651682
1.4451595159890802
1.4384002630572492
1.430875836513561
1.4225165529748482
1.4132660163348112
1.4030817924865662
1.3919358576612835
1.3798149947512273
1.3667208809512694
1.3526700541337224
1.3376936767151753
1.3218371101358437
1.3051593020140475
1.2877319904790514
1.269638729911104
1.250973762516569
1.2318407152541253
1.2123511727364202
1.192623121771256
1.1727792925079368
1.1529454058023307
1.1332484213121385
1.1138146434061869
1.0947678192257142
1.07622752342292
1.0583071212438826
1.0411122768964522
1.0247391858358208
1.0092731788323648
0.9947873531869199
0.9813415317657159
0.9689811713229687
0.9577367355166759
0.9476231890371002
0.9386397661916975
0.930770001088848
0.923982024978569
0.9182291318466599
0.9134506086640927
0.9095728012386151
0.9065105257348586
0.9041684995964927
0.9024431782676496
0.9012246639975345
0.9003987766869046
0.8998492307701702
0.899459879027342
0.8991169815273804
0.8987114559297943
0.8981410641974783
0.8973124904722234
0.8961432654914749
0.894563494520699
0.8925173483602591
0.8899642805583785
0.8868799384986876
0.8832567414844572
0.8791041052392662
0.8744482992294812
0.8693319304165393
0.8638130594467777
0.8579639515968764
0.8518694909314432
0.8456252807277366
0.8393354673030102
0.8331103264519027
0.8270636932417786
0.8213102072295922
0.8159625954250146
0.8111287962386965
0.8069093804605367
0.80339488011594
0.8006635118437337
0.7987790199050933
0.7977889561314684
0.7977232872131227
0.7985934836565933
0.8003919844055014
0.8030922340904698
0.8066491778539049
0.8110002620285224
0.816066917727344
0.8217564986955604
0.8279646312243323
0.8345779209927431
0.8414769497933778
0.8485394846086716
0.8556438128199233
0.8626721107981589
0.8695137490487469
0.8760684357075509
0.8822491016919746
0.8879844352946556