11.690180232222763
9.166162744834612
8.951588138987066
9.044578996858693
9.211116059121412
9.178049617239072
8.996460499374633
9.016720388198395
9.191367496866233
9.087002031047144
8.944962670128554
9.112251960322803
9.03311412466789
8.959972832647457
9.152447779100388
8.971093498903345
9.079559040503584
8.904951276958908
8.86830363150955
8.827801318177077
8.871668972990866
8.796385970956546
8.760422689912062
8.600967226645256
8.78321609079707
8.521076108995915
8.550648425684185
8.589028565568988
8.339967841780556
8.431683454266851
8.419592419808923
8.170151033117298
8.213646413280246
8.20932496550868
8.168300824230371
7.931087524685473
7.903117868759372
7.862188071710605
7.917842616376413
7.833874367156998
7.723211258046907
7.61994604507142
7.453126892375416
7.374472150455194
7.291581312504412
7.169671492329341
7.10006126842086
7.043231366677015
6.948118195880214
6.861190970338005
6.8248362809678
6.819262455696908
6.798489249494814
6.719256726172777
6.555106437052937
6.337633390379644
6.18433523089182
6.193678114410803
6.245998442712856
6.087712705458276
5.812656226054769
5.8135816110159935
5.8806171391016235
5.565338116101968
5.456854780904425
5.579236089798035
5.197795855490322
5.256862671452823
5.1835519695587
4.906347215477334
5.092913070178615
4.63019561930156
4.89167364993287
4.392169358607084
4.702681400945142
4.2095772109491865
4.389148451379681
4.167098946894628
3.9133488195124984
4.22410696070874
3.6162865668630566
3.699032677928003
3.9512129918917904
3.309771334133645
3.1353649428635704
3.664189237443199
3.531332440302241
2.768784087910454
2.4381444529819802
2.8980673241258064
3.527545214334857
3.741643390825882
3.367658408805353
2.678369860907618
1.9360754903046702
1.3027749217704756
0.8538989836928705
0.5630356805813634
0.38877389573922094
0.30617136326869837
0.2949315536715099
0.3413992813207035
0.4413373811315922
0.5964613002928775
0.8013688569671804
1.0242252771672893
1.2008661213715628
1.257070306200072
1.1587594078585866
0.9700665482606072
0.852115557097634
0.9256399861593769
1.0880489408279994
1.0937346335837708
0.944236703222203
0.937684605949528
1.073540842141518
1.01953843291965
0.9333890216015579
1.0493135399377629
1.00125348380856
0.9585081804462929
1.050772069455533
0.9533404212047042
1.036055000870811
0.9806732533694933
1.015479138648631
0.9861843328530302
1.012946501856633
0.9833476196287132
1.0269062563221214
0.967341906282866
1.0301028005314197
0.9838832438835843
0.9955732466176954
1.0229017406728198
0.977791681954014
0.9991198976143303
1.0242131208803693
0.9857171821796638
0.9846508802045518
1.0122749716099548
1.0182990394120914
0.9934534406776171
0.9825140745872004
0.9889304485928964
1.009095789551452
1.0144361358930531
1.0161442565477774
1.0080946224977347
0.9986690145066417