23.52153611101387
19.75455217732375
19.429982062730797
19.843555336384853
19.757217580786904
19.703311821970097
19.469821779550074
19.423431992279056
19.594863875438882
19.43926555005266
19.47183394832822
19.51775802751821
19.364262454068175
19.17792388248357
19.056111391743187
18.973182916920305
18.93795524639949
18.968800836357698
18.94482244203885
18.720507905281945
18.530941803205657
18.57153613168355
18.343303732071313
18.12590271322434
18.12085567275075
17.8394490097401
17.936598339933788
17.57890757003178
17.535718531403926
17.360712284289743
17.1411559438077
17.10070907251749
16.879010323856296
16.56471035498683
16.561749707875386
16.403884978930883
16.233883553216295
15.950121776903263
15.68397607814438
15.5108557360481
15.282649892478068
15.052771568035825
14.877229589252657
14.726335165789292
14.583747070933999
14.43534944093693
14.211114843933915
13.863313393015419
13.558937839918302
13.485621126402293
13.304961954427318
12.891358329381058
12.849027328190154
12.5453719278494
12.267161080956761
12.09511234554672
11.784529838372848
11.602177465806724
11.404638654781763
10.971208480976514
10.983468415143358
10.636703694630821
10.245237569204798
10.106254578706212
10.037242570811845
9.73033944491218
9.379322758378288
9.02512516460433
8.729650169999006
8.490386867106023
8.233709131185849
7.970262107050757
7.74467945137882
7.591002091972089
7.514530166268518
7.406851507686007
7.049717621959844
6.507357462225592
6.362489088595589
6.491767374919156
5.87292434745844
5.65560386869164
5.7700559772511175
4.9534142468283155
5.41532214072725
4.445656844038216
4.98585082035669
4.144420743952232
4.042185029226894
4.54069073217301
3.301585122370353
3.0272995018209845
4.090254208886168
4.459591608702628
3.583699156202355
2.2869237667200624
1.2608075109757364
0.6416623691642307
0.33658077061670333
0.22652637486960067
0.23698402602182556
0.3425940977280292
0.5431046290309106
0.8286658914521625
1.1283685984221195
1.2821180659140488
1.1527199812531892
0.8883112676292726
0.8900898425695865
1.1154556589768774
1.023537227533946
0.9094048680253114
1.0892881476863785
0.9394472268604689
1.0409228460702162
0.972715827131408
1.0348857718916278
0.9533156619172204
1.0548388977351975
0.9628053022824654
0.9949150744887524
1.0424057868683216
0.9821566438347782
0.9678249491768348
1.003461688386954
1.0320606983058718
1.0266560878680995
1.0084989759129643
0.9982784605777623
0.9904214891295496
0.9881449669996393
0.9940907389701051
1.0045384373714759
1.0155788206255096
1.020755184155828
1.0103581076750086
0.987578007172152
0.9824960136527637
1.008045165375823
1.0096083967249825
0.9832733532912458
1.0077021677988596
1.0031162014157082
0.9937464053921267
1.0098740769006045
0.9889954068715384
1.0073478109343468
0.9992081859469237
0.9935200184903311
1.011602731589263
0.9924542790073398