23.45186903153795
27.02695483684727
27.60893378771977
27.744910282556074
27.462006565571002
27.613674437052264
27.481989220813546
27.2862866682901
27.278678887952122
27.222470928900908
27.280635539368788
27.25163296853558
26.822078589528907
26.910918630793248
26.88197575630852
26.59804124566028
26.567076994889405
26.2094033615161
26.20263728669971
25.985541017809965
25.73554623258763
25.7293591168435
25.478415282215686
25.1901705483718
25.06755719847982
24.95901562049147
24.736433180375013
24.52141456118094
24.36092899326209
24.05855231819376
23.83076249974386
23.53031307578677
23.180193579072498
22.85036553578863
22.708457644070428
22.48850281228813
22.104693133804467
21.823907581338432
21.640509789917118
21.126218760862322
21.051922157774122
20.551311075018067
20.456526097821836
19.994079894722447
19.676547507458434
19.504760962369073
19.048625623068354
18.594540273830386
18.316308428809577
18.10502291078139
17.832454012473505
17.476336780110014
17.15024975647453
16.814463455004482
16.410915891316826
16.01726177400243
15.52247851672411
15.183115423075092
14.988587666462148
14.672654016926678
14.109982170381674
13.909214507399417
13.539522208576065
13.060405418810602
12.892768254262764
12.387991583171413
12.092481836183639
11.866864596384982
11.231301625234023
11.044004977837858
10.861604490327144
10.36452631620252
9.838349415382142
9.45243208191217
9.13562421337592
8.808335299087664
8.474850596628198
8.087757835452374
7.709752258771512
7.46440880060781
7.408758574571958
7.269410572340206
6.596277729853358
6.068437893547198
6.374359475253734
5.550924665989242
5.482446025590748
5.1537453966254505
4.9034682224114
4.264249857838261
4.934185986950048
3.408931476568931
3.4666469819845664
4.719478655127959
4.4559278649941865
2.9668023038681617
1.552849929298616
0.7107861821555786
0.3261492254603592
0.19816995783510472
0.22091668737383635
0.3533378151574676
0.6068067201724213
0.9476004561021234
1.2428057797921483
1.2464608572575282
0.9572778863738082
0.8526315684024535
1.1075254823316256
1.016968153734699
0.9314645822478069
1.084215961580598
0.9217968409793282
1.06757986584078
0.9573665501587215
1.0052628444707448
1.0436149721214214
0.9554861893306297
0.9827615638469068
1.0367487208942383
1.0317032496776446
1.0022648860069385
0.980607956862977
0.9708576547556432
0.9729731371734458
0.9766840408345925
0.9847814308796393
1.0048675561022635
1.0208250585349183
1.0188066866856504
0.9877170921398816
0.9832826943123957
1.020143494217261
0.9951677075264052
0.9927786554420122
1.0102985469000847
0.9879338344261679
1.010603021198086
0.9981887177163092
0.9942852357424384
1.0157376666255653
0.9945182366550978
0.9889422349666008
1.0042435163714636
1.011314788841019
1.0083347448231743
1.0026343657928825
0.9966159627825389
0.9962805697725078
0.9995500298577549
1.001840686024394