21.332278680141616
21.44243332455529
21.6212243381802
21.164080828127464
21.636985248606017
21.322874606903518
21.372640852941313
21.24141063384313
21.11276530482868
21.268320263396394
21.343168091635597
21.20858471210894
21.020919199912417
20.88340294843071
20.78726734804861
20.686934732133224
20.549529338657216
20.384855830154134
20.26247289721322
20.241390768625422
20.23090004587101
20.105770922690706
19.957636075735717
19.741991364004715
19.527711060680712
19.606802154481098
19.23999487722493
19.163763295959885
19.014527559281106
18.76937746529787
18.700540303656545
18.36792068622039
18.342232185340055
18.095022423172807
17.760427466924387
17.751238445393273
17.528227251455633
17.199252493221064
17.027243859836275
16.913979261025816
16.733018718142354
16.488398964904327
16.227437832425178
15.974629584017235
15.730334451116589
15.492517669861527
15.27462095332214
15.080188781150852
14.830312777284254
14.441848200849913
14.101919865538333
14.003003200441102
13.817807310685168
13.395769619372157
13.172923687518702
13.047329741446752
12.545107262854819
12.560747337922955
12.01156707796466
12.008026853970714
11.532723812495847
11.36925506668463
11.166208350720407
10.66908704438442
10.530574551336658
10.436590586406906
10.075707264804567
9.63922476943109
9.306178084124568
9.065830028969243
8.847513717232998
8.605252735975574
8.320705570285751
7.995106280298567
7.660853864523754
7.392493933516977
7.268730291665883
7.241809034542282
6.993095963212481
6.362721289159633
6.163426423622074
6.337295543015959
5.539907423044579
5.634353363579205
5.300335148055327
4.980053937596027
4.812600939599861
4.723704700177458
3.887958005556197
4.700911852435807
3.722642777438051
2.9609019308296696
3.961286389540985
4.574058560146569
3.7970363365552893
2.440621638095453
1.3223874499719068
0.6554465946693508
0.3347813526587104
0.22090170470951687
0.23212105716047068
0.3428059983044954
0.5564032447937487
0.8606540968430015
1.1644844817677318
1.2835552205920702
1.104695471837141
0.8563994480936321
0.9387721606261386
1.1359601865164992
0.9534790589046512
0.9689450426583954
1.0719547764359412
0.9268141635130478
1.0705849274352537
0.9385144329510173
1.051860565730154
0.9763780248535251
0.9824294940257969
1.0479523142657978
0.9782013635539774
0.9697900797887771
1.021557631804832
1.03343191451638
1.007403630447779
0.9823666642431954
0.9720014741866092
0.9713807566885428
0.9738340845632415
0.9762315554325512
0.9787615618436382
0.9853369266493698
1.0014524553254731
1.0201828417288676
1.015260920286243
0.987308560657361
0.9876483217702702
1.0142123093740205
1.0007977453036718
0.9875029773123224
1.0165948269855676
0.9837361521118427
1.0153799015725078
0.9857994150479507
1.0125662217311915
0.9906889893833664
1.0029511985037918
1.0079191960440361
0.988060922176363
0.9961061307005756
1.0108145822809156