15.484740871712424
17.6907330148366
18.07947162115664
18.099561457476934
17.923436292649818
18.093868523717173
18.131287855388866
17.882487072928154
17.993233941955005
17.742700921007575
17.809314435637546
17.717123169346998
17.904709424992234
17.699737301174412
17.599614119656287
17.48411123457557
17.507570256790352
17.377343304579565
17.29655433621307
17.240979265715318
16.955467714618013
17.078594891219343
16.81919611573095
16.901175890735004
16.645411923537786
16.569092778678844
16.523087625376032
16.229797955742868
16.172260874060587
16.129562823123173
15.87558152283279
15.601686044151114
15.462395887538642
15.419821937135103
15.343234267865135
15.165880041720312
15.006010745940516
14.885702469454714
14.664191881570058
14.500290140754052
14.280919358830387
14.014391915035409
13.777385044352139
13.608317432883904
13.538077218522734
13.406622193189435
13.009766864127373
12.859425600403963
12.830597220138037
12.402696581230357
12.314001041296187
12.10252788245414
11.868955506707879
11.713035844200817
11.460145351908125
11.193484476690317
11.1272332678048
10.682223586092343
10.621890114874583
10.481641830617141
10.069452101175669
9.840028643185201
9.780816849945612
9.631480934033544
9.350029025087423
9.043215961677475
8.758257417115605
8.476493170322877
8.236884571369083
8.038683571770937
7.83603409234455
7.720184222018095
7.603278482750712
7.446378138201496
7.0659435552830265
6.617175584811091
6.457499891031423
6.581117507056894
6.129027559578174
5.694916347269459
5.970169636844529
5.2619687014782786
5.4182292136362165
4.934994313670513
4.97035773208556
4.378802573935524
4.81306611395592
3.737393504305926
4.250504379729408
4.2048623731665185
2.983842782771647
3.148983222203898
4.179264399046168
4.3101211845846
3.369445986305712
2.1433730222915552
1.1961506942452909
0.628984754934302
0.341011997541458
0.23500183345023273
0.24151564248233598
0.33798482910973293
0.5300457982305482
0.7993258594385959
1.0996126357440217
1.2721699701803255
1.1954963534732033
0.9305593077312009
0.8558148145937083
1.0683818710253772
1.086001816315459
0.9012298626178691
1.0465682281634145
1.0150449774503685
0.9548053854699861
1.0555169511362446
0.9518205800964128
1.043955822582888
0.9793299042184308
0.9953770183882987
1.0362344056279038
0.9588162704569732
1.0085440446995853
1.0368750046938966
0.9874078554865443
0.9688359456679108
0.9955848535244304
1.0213047537692774
1.0284733677604738
1.0229518040279624
1.0117772402738345
1.006123457559873
1.0088324332805811
1.009753526051221
1.0175132805223712
1.0204722195492308
1.0142631516243916
0.9965832313031867
0.982902801001428
0.9929389244810991
1.0175162669375835
1.0004192667929122
0.9848490162211272
1.01398300610957
0.9967713079283806
0.9945636314990077
1.0071411448716672
0.9915590753154216
1.0096579704133757
0.9961015870605783
1.0009944966695647