11.159320633387896
13.132782517762951
12.863275084237635
12.90120214228699
12.944901911434151
12.886057953899554
12.824485389679248
12.876070557624622
12.909467047905933
12.705900199039748
12.677484390367152
12.841036010240826
12.836153203784573
12.638316602357985
12.46389104610022
12.412444334345064
12.434263241555282
12.456089909279717
12.444794731900645
12.399584522744206
12.329108052789412
12.240077840684005
12.13796406655713
12.033966443105559
11.94998777719024
11.907105031808635
11.88879190643796
11.819012059979123
11.648093172122733
11.499478187179664
11.524667522886462
11.503600111989543
11.227968287241175
11.164938976637679
11.227025885883588
10.89789753101591
10.943652275297298
10.797551045076553
10.637142067937527
10.614796145764256
10.407311389508017
10.350478510152376
10.230194711520394
10.031165488859667
10.046298971992224
9.795168239294936
9.673727732634786
9.675809362092904
9.442663703716676
9.21453933723984
9.202521210924473
9.171298133143228
8.960423026193126
8.68947563770957
8.497256591938042
8.393493472602161
8.32058415550242
8.234039700026033
8.12074123737406
7.983630880503048
7.826408384673631
7.647834615941454
7.445102424329748
7.226121986568288
7.026395189912865
6.906391451707814
6.888012018643653
6.85323913762938
6.60661054116472
6.237329973651105
6.16923659436245
6.2703334366255286
5.879023310447934
5.619505691013039
5.830937148388935
5.297153585538613
5.354331439170214
5.17976002629625
4.895804519244612
4.93909050157723
4.591388738888055
4.526032980837972
4.496064496610908
3.914774949886882
4.426648644998727
3.7358499679486346
3.476717406555055
4.092684863213599
3.5808000894917376
2.691794486349123
2.924355516264843
3.7724531219118376
4.067375317832055
3.5239134256015174
2.5688648089481254
1.6578424688918716
0.9931617956852165
0.5821106604296286
0.36090579965834435
0.26727601457014005
0.2630400393953289
0.3331554805520105
0.4764116699063124
0.6902891310870681
0.9484106950483827
1.1779974261560147
1.2679573498238752
1.150146680265103
0.9270424378377837
0.8556449600899408
1.0237795777683958
1.1196119903431279
0.9582634535123049
0.9361608833535165
1.0867047105498109
0.9671614874216106
0.9799995902924836
1.053847325029034
0.9396502285087676
1.0597947896896713
0.9465985925189847
1.0511177646142857
0.9535212383601951
1.0404998175218216
0.9757708366082175
1.00000107753338
1.0260701768206189
0.9689164547540443
1.0053521567874135
1.0262334931374166
0.986175546497192
0.9769803412782424
1.0074603515809584
1.0249902381951874
1.013014127764869
0.9915103571287569
0.9787957335560616
0.9777434710168184
0.982867269343793
0.9886274951859769
0.9921868530041372
0.9927972876242529
0.9907607602412795
0.9871690019142021
0.9843292544489988
0.9858446820945547
0.9945010957134897
1.0072408437784728
1.0125824097357121
1.0017205018508686
0.9885557843875971