29.72444027796983
25.79362057497762
25.580863546119353
25.420134416333514
25.329186114808692
25.35282273410208
25.32730916720211
25.109111605690845
25.13227409505616
25.246649756467733
24.830653299557806
25.064864269931753
24.726101854322287
24.83886721064881
24.48234208264476
24.668566729288788
24.26798223708437
24.2248144777599
24.21188825993415
23.97405483067306
23.760865962824823
23.597445362360475
23.42909428951491
23.250051044201875
23.063142860909817
22.86161794208279
22.640318444496945
22.41244297380401
22.223437299992558
22.11985645037247
22.026925317385498
21.73088061982233
21.317587974585667
21.215086288056295
21.033667274661305
20.617131032057106
20.543193538222486
20.12159157266852
20.009132288951
19.615542864228253
19.395270770337348
19.198990624354245
18.75376616942528
18.50679760002954
18.374538612501688
18.068306780456684
17.65186008653517
17.269894659375577
16.94707492986489
16.647256566208128
16.344442046069805
16.039867390169395
15.758676047622506
15.528158042158063
15.311822034042953
14.971585342264717
14.494153013186
14.216827085887981
14.06302574612841
13.514735051503832
13.33611305233243
12.97633587510898
12.62555134260191
12.31925118223775
12.065379733338851
11.526555360027498
11.501414401669749
11.035325103952129
10.536060094023698
10.371028263319339
10.214801502610436
9.90055880747665
9.506362966841548
9.120350036609647
8.775567092810835
8.481450798339077
8.24572510574918
8.052813859217958
7.801671904764657
7.321052373912344
6.699414949049383
6.524501794880995
6.673307197452977
5.927763110462538
5.661426966182514
5.777689048813875
4.848248392902205
5.330582054488732
4.340196538618934
4.472841691618528
4.6091518995813585
3.1484992718784937
3.6314289974169074
4.714640439355496
4.245014816898062
2.7840303352272167
1.4725048414119901
0.6900535663896681
0.3265886296405578
0.204876987907701
0.22274879051219826
0.34958631436830145
0.5882756442507125
0.918054539707938
1.2184552707625076
1.2686143677806547
1.0069653158340486
0.8369025376524906
1.0577898530653878
1.0774400633398908
0.8979125711246713
1.0892768202543888
0.9349551947776046
1.060557888783788
0.9393691010973906
1.0633161377454081
0.959126766733053
0.9923722037184355
1.0494724800811017
0.9859687433054599
0.9579595557668538
0.992551381207861
1.0254432544194594
1.0343155530820687
1.0307464345455133
1.0265766856267917
1.0255495690571566
1.0255174227095722
1.0202369110034322
1.003552603992295
0.9823721254456679
0.9840161311606813
1.0138924251000212
1.011614633155696
0.9801909308264182
1.0114890597599797
0.9995936823947974
0.9942856684022321
1.0072273056798007
0.9956579055469084
0.997965757505656
1.0103792243295888
0.9868917043729171
1.0026907779236187
1.0110520683720339
0.9980051212888219
0.9895234881982202
0.9919842396704385
0.9982259692849934
1.0030514619827509
1.0053093861613116