0.8936737378283246
0.9026651636635015
0.9297758713778523
0.9752613451846687
1.0390798527054979
1.1203375396626671
1.2167654703701403
1.324401725540983
1.43760887043172
1.5494783332151547
1.6525819402791564
1.7399371900897183
1.806002356819003
1.8474964576289175
1.863869986423158
1.8573264661678779
1.8323859975121608
1.7950776128770727
1.7519209757591476
1.708896167964176
1.6705900904555997
1.639665635869571
1.6167237496916766
1.60053831065204
1.5885837466022545
1.5777149567189006
1.5648570991356436
1.5475773881843637
1.5244594262486366
1.4952552575835336
1.4608409282155461
1.423034241785702
1.3843440466556118
1.3477072666261576
1.3162442735925974
1.293035063378983
1.2808969726826593
1.2821421258373926
1.2983064523921297
1.329869536433596
1.3760148096737796
1.4345002987161641
1.5017125754118108
1.5729514171211796
1.6429504755600117
1.706576491197591
1.7595996391980377
1.7993841245123965
1.825348094438286
1.8390681429658648
1.8439733642302532
1.8446584097701149
1.845934071043628
1.8518022160123675
1.8645723338543023
1.8843177111772527
1.9088050258488352
1.933929650553187
1.9545764342640761
1.9657261025080939
1.963566410353546
1.9463580683671502
1.914855860772281
1.8721826525424643
1.823177770459284
1.7733631255437807
1.7277599940281585
1.6898270731263918
1.6607663148785783
1.6393539423627514
1.6223359938048758
1.6052920908887518
1.5837592428915153
1.5543459588238557
1.5155689230347202
1.4682120155170653
1.4151242375884736
1.3605111761211184
1.3088993073660429
1.2640346637308177
1.2279922591032455
1.200719473772211
1.1801265583708418
1.1626959608797913
1.1444488369907704
1.122013818346552
1.0935161634110269
1.0590526808597711
1.0206280847520104
0.9815732455216049
0.9456068067560943
0.9158001875884626
0.893733987627691
0.8790821484461454
0.869741117145544
0.8624669784548962
0.8538371042136341
0.8412567908572248
0.8237150364434049
0.802064222234179
0.7787377585858233
0.7569879977512513
0.7398744375099863
0.7293124006232516
0.7254795601212002
0.7267705978549792
0.7303205907151591
0.7329361851103045
0.7321383864472875
0.7269775470503175
0.7183478882213818
0.7086882669266142
0.7011586310255851
0.6985617245377544
0.7023737142911372
0.7122211280621188
0.7259959769925551
0.7405832749607608
0.7529575289730469
0.7612650542302374
0.7655011371490298
0.7675246645405114
0.7703863083873314
0.7771989038164858
0.789957302751291
0.8087492853624918
0.8316677189209788
0.8554790106795991
0.8768145485889131
0.8934404170538093
0.9051127032717442
0.9136690342535485
0.9222953773180416
0.9342335219174348
0.951429910965974
0.9736702808081366
0.9985684734980129
1.0224421022382884
1.0417427519430464
1.054464756543827
1.0609433010370992
1.0636877305958699
1.0662925954672744
1.0718653730232697
1.0816344774822653
1.0943471785186263
1.1067436110303095
1.1149292948023495
1.1160638739665847
1.1096226506446298
1.0976548654640172