28.7670263159067
30.156511788089723
30.25134368793891
29.700144340740806
30.208606154166976
30.125323748160472
29.902937631863512
29.93082735150599
29.72105700202029
29.504205950067885
29.444140087341733
29.45562954598409
29.466741669940195
29.422411027847488
29.22504674563588
28.91076838209992
28.78021434952392
28.71391839638315
28.32584508482236
28.340058455491903
28.134516141347753
27.902768474176696
27.6112415238232
27.616890273730096
27.109245944112022
27.054060184346948
26.83316376064348
26.56816232804916
26.165340466743963
25.877650440468873
25.70440575208739
25.436288250262727
25.110022976123524
24.78674103673303
24.463841286360772
24.15965932733477
23.92905215170336
23.728691977430206
23.34134723480644
22.849084715720142
22.67646230958657
22.31897210632424
21.933783641110452
21.675231360935893
21.188031217121377
20.92832203260357
20.59628708448454
20.072392887924842
19.81693401085995
19.566692492519017
19.04912588990585
18.600992506552743
18.188389235476357
17.803455667833767
17.449750811106867
17.0737077538148
16.66285059262463
16.263996811669365
15.950068158730822
15.709599714596079
15.321702155439189
14.71935866509726
14.425927920078754
14.172254674072368
13.491645177582358
13.413516761424082
12.733779075488918
12.652601114039122
11.975373701564218
11.735239196350488
11.499264524423603
10.868149525066602
10.413376563797545
10.218619119773013
10.017468033642235
9.686190417044312
9.318017701420628
8.97330168855804
8.64218750499706
8.267664783487215
7.752701452019911
7.11621114668781
6.753792256878105
6.894261341014496
6.461916674095805
5.618612918942328
6.064728846845259
4.9680805837372155
5.4600759021104155
4.190432139509804
5.104073735631656
3.7919543531797237
3.3325211251248525
4.688673971790317
4.654203567226829
3.1524448252695287
1.6457920620636475
0.7339785699220297
0.32197794267092406
0.19179848640927818
0.21577084065316043
0.3582671888788539
0.6236456498677885
0.9798694346679722
1.2642787326481117
1.224029020987174
0.9125290813718518
0.8892699334931045
1.1354509886035236
0.9492530336625782
0.995550529819015
1.030643486494137
0.9802628013078343
0.9971602231858903
1.0405357916240283
0.9406027473089476
1.0291474957516311
1.0376908732887324
0.9776783247231553
0.9571578982193854
0.9814063167300875
1.0061424997500463
1.0149586170065448
1.0149320589779194
1.0091863364816291
0.9960968007419438
0.9797671802222788
0.9779411819229759
1.0048343993339333
1.0238103993543255
0.9905815206642155
0.9883771081956737
1.017624575714195
0.9816683687369965
1.0187376730415676
0.9819834923761086
1.0163232028186275
0.9904766623520106
0.9954510461389628
1.0158058594971795
0.9962739547635568
0.9867238922044709
0.9947841471938775
1.0030842762485186
1.009820862677048
1.012145851503831
1.0106862805047332
1.007530637793919
1.001959122661877
0.993565515547507
0.9889520768004892