2.0365193658445295
2.0105868607864585
1.9399530579991555
1.843106362911338
1.7424230896260837
1.6561148503360286
1.593466104300213
1.555202005596718
1.5378599388403786
1.5389090812350026
1.5592612497463505
1.6017022005338388
1.6664410530066887
1.7468158096862978
1.8281499780194044
1.8909456827231896
1.917133419815021
1.8964546745477324
1.8300748717493254
1.7300770869007798
1.6155428452027765
1.5072953323748361
1.4234198316472846
1.3766249160800557
1.3732278040667636
1.4129081974576712
1.4886725251144022
1.5872880570471133
1.6909946916522816
1.7810195167614742
1.8423571381084523
1.8681580070703547
1.8616757476904322
1.8345312816886614
1.8017083188659107
1.7753304990975554
1.759945428675435
1.7513605840521718
1.7393774596977727
1.7129881995520644
1.665614245130955
1.5982074316123271
1.5192175187664514
1.4418415522301118
1.3799108983480146
1.343943621648943
1.338471113752896
1.3611556507131666
1.4037586769442671
1.4547284157706266
1.5028721219234238
1.5411577903682832
1.5693072364362695
1.5938859089521031
1.6253518736887576
1.6728894347278924
1.7391936262756862
1.8178486403423053
1.8950343227448279
1.95522294504846
1.9883107621199483
1.9945374127895097
1.9843880944321193
1.9731905940465142
1.9730307354202998
1.9862607011511224
2.0042167490710394
2.0120015754315155
1.996813587750459
1.9552242524496684
1.895291865284584
1.8322639387785495
1.7802691650895988
1.7447340225858745
1.719857469702025
1.6925671659864092
1.6505891265750903
1.5898653887749052
1.5169649289947982
1.4451374561517967
1.386467222457419
1.3449027350117824
1.3143549056517132
1.2829218617050933
1.2405303254312323
1.1852091166720744
1.124122278846291
1.068822179597866
1.0278400839459847
1.0013901719966125
0.9815534872484508
0.957726618237441
0.923684627691238
0.8815742848787878
0.8402257530616174
0.8089947681686459
0.7913662526963352
0.7827015273106976
0.7736497846375564
0.7568035394549868
0.7318932621401248
0.7058333378886937
0.6875963823210647
0.6816314697939183
0.6846403976901013
0.6881074922779689
0.684730597705861
0.6739419814468376
0.6623128933422711
0.6584677510788407
0.6663656661292954
0.6821702527120802
0.6972403105203832
0.7049876647395155
0.7061877701741184
0.7084091271738803
0.7198719334812023
0.742628191435171
0.7706922533980138
0.7948331654060801
0.8102088886765336
0.8204651811591533
0.8346780006716386
0.8595162711763175
0.8932378688842977
0.9268172792433647
0.9514756446574046
0.9661983682086239
0.9785598054738414
0.9978775552558607
1.0265877901501814
1.0575964528464732
1.0802325562240913
1.0896383435822048
1.0910486532622532
1.0948337153345957
1.1066722333095114
1.1219713971137042
1.129944005385268
1.123714035258844
1.106906824227766
1.0902844783181678
1.081498462982733
1.0778739821654133
1.0694069370009225
1.0491590864287585
1.0207342636005987
0.99522155425048
0.9805535577026708
0.9740869281999566
0.9661060946490471