2.074806501897109
2.034846784752523
1.943076351438732
1.8584638035429684
1.8202211529680736
1.8209454947841779
1.8248290831196194
1.8059399089236718
1.7669565999294474
1.7268711244154906
1.700320457944522
1.6930321752366935
1.711174231028623
1.7637243831962282
1.8487680552223442
1.9395315503275175
1.9912175458348627
1.9682887157776805
1.869436311604103
1.7295840536301987
1.6003912488275682
1.5268400543020841
1.5330301597697462
1.6168570811784293
1.7495220815078232
1.8826029180647281
1.9672311014291322
1.9789293055619401
1.93034856361267
1.8595340136849952
1.8016829747950966
1.7670554693607246
1.7412186240456151
1.7035400400527716
1.6465718448251965
1.5829618686937479
1.5389385425342141
1.5406335336296442
1.599427763451569
1.702164744345477
1.8134349472380034
1.893321621789592
1.9218302881869722
1.911124585285541
1.8929150294136958
1.889635281558154
1.8944187451269352
1.878184894832492
1.8172984708969255
1.716562353056977
1.607701503474008
1.5262898144819095
1.487695507042253
1.480606687672908
1.4805725603546973
1.4713203763923368
1.457981102234279
1.462994775338306
1.5072520691421603
1.5902752611229116
1.6865210633087206
1.764012033882089
1.811238746835616
1.8468780023172728
1.8999914473763497
1.9778916503881632
2.0547613771938287
2.095418109800341
2.0911588460334873
2.0690374290047173
2.0627929564769016
2.0760911667113913
2.0789191701302823
2.0418890458459087
1.9701410730786115
1.898238137489188
1.8517844622573705
1.8199267439324656
1.7702855506068849
1.6883229862539018
1.594768401655406
1.5211622850800945
1.4734054676141621
1.426857697050415
1.3578753507960097
1.2727718797203287
1.19929994065348
1.1523018818239357
1.1165185751124473
1.0671941858536982
1.0015619278952341
0.9413885929000791
0.904335516289126
0.8816355862087625
0.8505809029197353
0.8046242548684247
0.761261324077966
0.7378724412057478
0.728442494804429
0.7124243465129506
0.6831328139449366
0.6564909986630617
0.6482964238013228
0.6520366517332141
0.6484973074334061
0.6333930106338616
0.6233627589954617
0.6315678844701595
0.6483523318364428
0.6555419374890342
0.65356448659544
0.660898543327243
0.686110588637727
0.7144944966229039
0.7302420891811064
0.7408203046617958
0.7655616301074405
0.8051810123823044
0.8397764121896252
0.8595545020816299
0.8802780264474331
0.9179183492714641
0.9620157264794857
0.9911606069058637
1.006865988454428
1.0306954667433228
1.0680519995979538
1.0977928395005239
1.1059846672802858
1.1084413789922551
1.123620757900357
1.140665104699859
1.1371623147815944
1.1172395928920675
1.1045733726040212
1.1017752799828329
1.0867716863068726
1.0529547952118758
1.0222996942804783
1.0078204034396818
0.9925456983408519
0.9630548856682698
0.936357159161569
0.9304369325202072
0.9327761388634568
0.9256300590221542
0.9205483669653965
0.9363334971780541
0.9620120641359674
0.9762551545169368
0.9864324036964185