3.4311086324910236
3.012884294526014
2.2011859601782904
1.6842880264272375
1.69549957530055
2.082899833147342
2.4275156812845524
2.3633542101073726
2.0221306744845124
1.8002500329157214
1.8804345671340188
2.1421127576213466
2.2978435056800235
2.204860294319903
2.026357522023088
1.9506000137120616
1.9830164646561677
2.0395488987955783
2.0683576225458165
2.1081436636956683
2.1776980497525753
2.1658844937487776
2.0153374462237905
1.864550239294286
1.8795148817626852
2.0534986768175787
2.2007636040112106
2.181001935981451
2.0777367401995415
2.0173221811810906
1.9751877249723229
1.9029492646559014
1.866908120210316
1.9590235634528017
2.1252361681867074
2.1904983647265066
2.1135532817202685
2.0277665564527916
1.9814422733709411
1.9017616815209804
1.8060556378312562
1.8120242809669749
1.9391034896366786
2.053742901379774
2.079324030360085
2.09823904050915
2.1269089997131534
2.0548979155539953
1.9000148526121208
1.8039676603809547
1.7808280827998
1.7490199980079946
1.7367203058812888
1.826444758096443
1.9579519535583678
2.0185476883958624
2.0556140799412983
2.1245437604886837
2.11973942680228
2.0155958668231597
1.932808684037705
1.863908407185332
1.7336143208921226
1.619733896000221
1.5908473673683337
1.5720921630180191
1.548321784288473
1.604002855331935
1.7077199596917927
1.7741900104403003
1.863911048382138
2.0041922196867357
2.0868115077918308
2.136762374795725
2.2290211535714657
2.2652875936762635
2.2396321282408294
2.252446138814951
2.2260353488301674
2.1337431309155983
2.081707530440801
2.009819505332835
1.8813649084802695
1.796582672630237
1.7055634744896655
1.5706800956872704
1.4815597825528894
1.3917270516850153
1.2697389237123002
1.1934714480351234
1.1153133214866309
1.0152578137946504
0.9589121822663234
0.8954072051956944
0.8199502454097348
0.7842171002149848
0.7346135740747043
0.683846090212672
0.6662440630325304
0.6292052215771182
0.6028588939706522
0.5996498362018919
0.575343053449858
0.5732317074444607
0.5804869244774664
0.5715824206917625
0.5925078605966781
0.6070469497947815
0.6181879864501724
0.6579092262895327
0.6784411172243203
0.7133257504883734
0.7629188661114706
0.7906518875746463
0.846533419493567
0.8931757707387633
0.9299063170422031
0.9921096152251926
1.0235750970367394
1.0657871460241095
1.1087837653836465
1.1195236405279732
1.1520463734224609
1.1533762140536619
1.1463557567749982
1.1466787484895595
1.1086315735516548
1.0901397062048022
1.051542276467297
1.0079400880294416
0.9839415812891785
0.9388311003437203
0.9272722003830286
0.9107217619718095
0.9095471545602806
0.9313958971448942
0.9426208770964316
0.986106882588431
1.0082604398655046
1.041676231449717
1.0639140995334209
1.0635248565275714
1.069640527515666
1.0379462935994173
1.022046854019501
0.9853511303299662
0.9625319785339616
0.9509750939199328
0.9437326408213983
0.967889909287582
0.9803327756998105