2.4472757311791318
2.325039063805211
2.27455794225921
2.2878450918425277
2.219529377547681
2.2031511115553886
2.2588024887774534
2.363995945538388
2.2917677651782884
2.1164116213115687
2.126831087273065
2.355206727579612
2.4414192080774715
2.1932947822787376
2.0108183263019423
2.18066488193147
2.427897505838918
2.355610122303984
2.138183050095077
2.1037273022127723
2.1941535736747495
2.2405913195305
2.284920157025311
2.3291741883860895
2.197659997677663
2.02619379574968
2.093913581244944
2.2958214050440615
2.3217093606535952
2.230010748385133
2.1811515858620996
2.088023070031404
2.015825553047076
2.139424991879278
2.307046254505081
2.2772847997629797
2.1923219425477782
2.135592710330749
2.010605691126384
1.9672534927180851
2.10997172424451
2.218147772038977
2.225227168490373
2.2514285104666802
2.160844120685484
1.9834026983900468
1.940375468282404
1.9564688983869714
1.977062027342174
2.1170709768486824
2.2268173085318566
2.200051953047851
2.188130139625314
2.091936726124956
1.9228701242862796
1.8645012538636436
1.8244235094248704
1.817083106065238
1.9425370188900992
2.037117125917897
2.112065466370192
2.2171194600005464
2.184415380152607
2.1317941544877805
2.0583861152879726
1.890262925375838
1.7923753626277301
1.6899333524728406
1.6026327517405454
1.6251937569168613
1.6377382566941476
1.716264323325476
1.8473161114347598
1.933610791239102
2.08702680838265
2.181658285391026
2.2573693307357265
2.3412300421942223
2.32569412793231
2.3481078255622547
2.2863431542861883
2.218102379645125
2.1439102291584464
2.007913337831431
1.9212077699266237
1.7682721875988117
1.6587578092189386
1.527501283917516
1.398777029206686
1.299088859964208
1.1695609081112972
1.0920920356166162
0.9817108488296917
0.9144520714802105
0.8340062668712016
0.7715606154828589
0.7211636944612578
0.6649913294767585
0.638601766909971
0.5932385374189205
0.5838036690976435
0.5535695943144224
0.555911822397198
0.5435841857751916
0.554955740578875
0.5617903203011329
0.5811803173106991
0.607214324336981
0.6343231576616092
0.6783304103946557
0.7125730853783663
0.7715889602379364
0.8111533424892502
0.8798350783685467
0.9208430548132172
0.9911076593103473
1.0271840778929258
1.0886631803750024
1.1114853485166627
1.1533264006938437
1.1547332529837284
1.1689690023191983
1.1446735944201514
1.1305422377165697
1.0842927953331585
1.0515506759774709
0.9971021817713138
0.9652371455633175
0.9229123300319508
0.9137427455007592
0.9003749663889851
0.9252563557860505
0.9415987601648572
0.9906276426681346
1.0161579346576426
1.060445371178516
1.0651105400432024
1.0770558147593414
1.0470848904144823
1.026198808835516
0.982297684525362
0.959616441813841
0.942133277222813
0.9486812282032187
0.9742598816239557
1.001286906610012
1.0384849230009459
1.0434348059464686
1.0489761861359261
1.014607287214032
0.9934689703900391