3.338172403492268
5.052087612812193
5.3609484001445225
5.472589899982393
5.419580470022612
5.263621468915457
5.116805065081699
5.084347765085638
5.176313487172711
5.2773048237930915
5.248542525545348
5.09776676881634
5.004253907563644
5.09142305308368
5.2161266951344265
5.157322735457756
5.002005762533602
5.027720343106437
5.159228686423761
5.0708321790090025
4.888717082903126
4.952050767525442
5.002161041836625
4.808024864660699
4.819416077766818
4.980992575635961
4.839911708049893
4.837745290386704
4.9492454580961684
4.70600786728058
4.738892077695283
4.798105015718475
4.639038917481994
4.826642298450735
4.627251103542408
4.605321765034543
4.658539588485529
4.524415862303873
4.684657194356918
4.392801869101195
4.589779906739415
4.390435807654557
4.534800792346961
4.284238766435432
4.463553853935117
4.259263216137988
4.378836689799057
4.145689974816359
4.371034945786817
4.041005579191726
4.272870757914847
4.033456515525413
4.097782469478184
4.0704843487944755
3.899716867434837
4.082522747251093
3.7953524707341066
3.9090787092001
3.9025396987342056
3.623804442963368
3.8798608106514885
3.6939852491914533
3.499078322755277
3.7702849399770133
3.565456151967703
3.3414072542271867
3.5680623626827095
3.5618994544675724
3.1792674517848276
3.2492215079028
3.4915341984186306
3.2880059453740893
2.9432765366497002
3.0148435460679353
3.3230465980032204
3.2166595258744555
2.8299782276116776
2.6065069120916617
2.8031429208964065
3.1310805186110824
3.128432393639711
2.7952901160616737
2.3655962448913286
2.1307492507678116
2.2622958313050976
2.6203830164561337
2.9864367294151104
3.2275671680233105
3.243553493031667
3.0200037713424113
2.652823974017745
2.2371620148213323
1.8165637417646106
1.4252502404361027
1.0991692031296683
0.8499408771768004
0.6644209471753131
0.5273562153217363
0.43235638854933917
0.3771412342888348
0.358225625281095
0.3709336007057822
0.41132739805461827
0.4773871302429648
0.5689890971094803
0.6860091772646066
0.8243252119985749
0.9716936677592328
1.1067309052569
1.2028180700721545
1.2362434643558364
1.1964397997470222
1.0953964978018311
0.9714213509487787
0.8802728533125682
0.8695367228359303
0.9446467356645035
1.0519173087679277
1.1064029910315383
1.061366423915467
0.9631784828210493
0.9187085315492189
0.9787239515271899
1.0635144827963583
1.0551397699785414
0.9687902146466854
0.9437828119038513
1.018630705595533
1.052134517834839
0.9803352482837895
0.9518389839902147
1.0237308600560562
1.0296790231040815
0.9613089172371863
0.9937061543693685
1.0424483143541037
0.9812530581497779
0.9859038322614937
1.0345817514647315
0.9757404893196173
0.9906351319008556
1.0278842097136223
0.9740459466487827
1.0173684704429224
1.0035835294591897
0.9780777622446396
1.0250446591425453
0.9784320876225752
1.0197663649551731
0.9883656050972693
0.999848864796037