3.54116405270775
4.679060349953896
4.425341749301907
4.20994258014857
4.364110877429771
4.344205905659796
4.3378154198816725
4.467841257729409
4.218794562642748
4.180449878229631
4.518944161527289
4.339678936148476
4.2216321577827465
4.334272526283455
4.153266987536037
4.358131157337708
4.375777786537667
4.2006886995233055
4.33318914821593
4.084988797609936
4.241021819644053
4.1943877135643195
4.206375326779514
4.298852548006143
4.130836784906021
4.275892656806807
4.0298143917831135
4.204276975245972
3.962765108997465
4.156450819012885
3.93277706932526
4.136339004402093
3.9128721450372606
4.121411505827388
3.8896697277889496
4.089251156389435
3.8738849927357712
4.018272910147918
3.8874845524752106
3.8955957418580276
3.9307262433516135
3.751386194767101
3.9395925344057883
3.6815672721360686
3.8122925035452937
3.748378595275122
3.5908945316115615
3.787696818672243
3.5494421253773956
3.5837768545378954
3.707091379129181
3.445407901237001
3.573517454890306
3.6423605668006878
3.359560019318065
3.460528631878875
3.5444303166153994
3.2496223805708526
3.26007811607901
3.4787341492758506
3.2968452265547823
3.089804925318704
3.2665880141861603
3.338086844379881
3.0566187343119307
2.9240703155905625
3.147369805970537
3.249504955828078
2.9781384415450645
2.7221799370857687
2.8276488233616015
3.0811348488550663
3.0715618419078266
2.775426083195109
2.5050225288560606
2.5057560336101456
2.7373659597010427
2.9651090542887997
2.9463529604090923
2.6362141035283915
2.2679052201780734
2.0643702292074106
2.0838898444905656
2.3113368552245097
2.6594464539901823
2.936034700116304
3.07012100102498
3.063399446668897
2.8629227767791896
2.5782891365892575
2.2377996390702344
1.8665199153588474
1.5472829628026534
1.2415317824227927
1.001885702184941
0.8047768189988901
0.6489058836867622
0.5426752290930253
0.4570786051065799
0.41561499351391257
0.3861535741822772
0.3945273046120801
0.4135328890244597
0.46740005423528747
0.532736971645676
0.6300436901472469
0.7358463074856407
0.8631002916059503
0.9837398979080876
1.1007243914321176
1.1803923216153913
1.2238408625438173
1.202390744109155
1.1398066817966246
1.0309650306716194
0.9391226656553395
0.8724524339751143
0.8902465767680646
0.9554548292128272
1.0504488842096698
1.1017360872575794
1.0722386224043243
0.9984426410484272
0.9240253768370325
0.9386544060769061
1.0126265250654987
1.0640655682878175
1.0450236978833827
0.9650053417812574
0.9424355185644366
1.0085333318658347
1.0515672883907858
1.012776197673985
0.9588675756314198
0.9795529501751273
1.0383806981464148
1.0208160947127731
0.9618237054891073
0.9889438684464887
1.0395309778997068
0.9967059891685933
0.966582398887166
1.0206347767564046
1.0173970917856978
0.9713886484344242
1.0091726580995464
1.0166559796364196
0.9734269235280709
1.0139369307280586
1.0145044302931918
0.9715917317768803