4.170723929892646
2.9603074807029577
2.5409107106022266
3.2453801692338415
2.746067118168051
2.729775448565585
3.185648309218049
2.6484538902970836
2.85937002619337
3.0876423786242593
2.6439304989140933
2.924130453821779
2.9544906275062126
2.7665997450352213
2.8368838263111833
2.8982807295457573
2.9083442243335194
2.667558415832257
2.9392129407613816
2.9116967355281083
2.674419178907186
2.8485362120487983
2.876335540899505
2.8434760771920313
2.632628218143608
2.8812410951154406
2.8697847254396787
2.7167642215448202
2.6762533602284453
2.824705029278459
2.8760625170834753
2.6389429602987997
2.6670613423554617
2.7581661600866614
2.872858296136391
2.626229448323585
2.6078716715927897
2.6597489638604452
2.84997556526436
2.6755590216793896
2.573581765822977
2.5131090809954806
2.734587566045058
2.732982278067761
2.6554797850955456
2.443000320679541
2.495767250331595
2.6102604354297783
2.7261555500961983
2.620901292988658
2.435619985701063
2.367252029974529
2.4280084686726404
2.6220380974327657
2.627399151003889
2.567779385553193
2.337888645059951
2.25576789541957
2.280605198226373
2.425003408929908
2.5807159146820453
2.5520996021897884
2.467008883723124
2.242089438931479
2.1079636714694914
2.085624356858475
2.155941146429193
2.353375879446716
2.462002232624869
2.5250690615046474
2.4711737280610557
2.276802055462111
2.1030256678143533
1.9083591374380513
1.790153776636799
1.8049682237777043
1.8640728447888184
2.02802759308523
2.231124504301482
2.38613329430626
2.550953395268497
2.650164591474206
2.6446970255805726
2.618469193371183
2.5280672570484266
2.3559829017107794
2.18900760619625
2.0090588123890387
1.7888273303086153
1.593198287251001
1.424439096574094
1.2433500826262587
1.0824653399241118
0.9618313242857647
0.8467116140006355
0.737657699407684
0.6614260878616542
0.6045309753307075
0.5473561370410468
0.5050574746937937
0.48797394466819444
0.4790782219515469
0.47136007207534963
0.48045762742040915
0.5105703289228285
0.5460331222719366
0.5833059427815659
0.6376056884339134
0.7108147289625116
0.7848295585323074
0.8540611324363272
0.9321031449682842
1.0182794289664818
1.090089212100032
1.1369642165127372
1.1703153721927326
1.1927580692011959
1.1873391228645602
1.146128743163111
1.0852443299463221
1.024017953853053
0.9681980830170035
0.9198915984094459
0.8898258811566562
0.8920005806001786
0.9300155033961465
0.9901738880301211
1.0473332651419571
1.0797167435708244
1.0796993407036508
1.0520917196809692
1.0079862351963866
0.9634772644651026
0.9378801299636192
0.9446657569991616
0.9813729586870618
1.0281260996314985
1.0569564591410054
1.048694409098657
1.008359407488688
0.9648741807107096
0.9505353683403646
0.9754113731661376
1.0183008636359083
1.0428661880420866
1.0282565668095658
0.9893894282745079
0.9649889268873827
0.9795445489574904
1.0164495914281186
1.0340124306000955