4.142072577929031
3.04301627199121
2.1753984244148947
2.708690884890743
2.9752332795728464
2.461236813060324
2.5311727593369118
2.8450408809500285
2.648423965735504
2.5510049393691414
2.6498887720218103
2.6775636213976433
2.7127353435850816
2.562304159222979
2.5199726108486096
2.8021823236525547
2.6838157454854854
2.4120132640889143
2.650710387650637
2.7548505817612843
2.5811332500651307
2.5413513371555276
2.5224444104606047
2.6863794197929156
2.7207756515572696
2.4369734022844627
2.4942381610071527
2.639579522236117
2.6484304280344455
2.6105555141464585
2.388483720440254
2.4814261024995448
2.650910634174296
2.6095661035785036
2.548758224227892
2.348151581584708
2.4379271719506157
2.5852385697773124
2.5987929661950666
2.549099457376662
2.321273441324586
2.354877144115005
2.426999813508553
2.5709597621113223
2.577451347230577
2.4076532474422017
2.3081774182005583
2.220173766034443
2.3833715695371804
2.4636231148436774
2.558746943249084
2.4333999994969306
2.295070453378693
2.160514542404701
2.1508392254493556
2.270335263843781
2.3868810991371516
2.496293422114715
2.4281280355921746
2.329628421472496
2.1248784129076683
2.040538406635112
1.9785907934721778
2.095451864324814
2.193700998226432
2.370595752929858
2.407163204468446
2.431106378057667
2.292365804263002
2.1606779308585367
1.9572702794826602
1.8335033256137454
1.7337513455952638
1.7450331451130294
1.8084972619665334
1.9429416709612266
2.1079269689262485
2.2613379340639987
2.4253499345745775
2.4998805499916164
2.5867811473409525
2.550449389386302
2.5293582650483293
2.411984368703293
2.290495912728895
2.1418024887924285
1.9562395432284938
1.8072643991003152
1.6096472838367064
1.4648413727689376
1.3004419048962306
1.157693416618843
1.0425106542485347
0.9136808754060093
0.8324126067767147
0.7392961631627681
0.670084493454149
0.6205161688340203
0.5626131545144702
0.5392773545989122
0.5104228803833771
0.49334633900794617
0.49897422705496275
0.4942595848975795
0.5152491264226754
0.5428028617727407
0.5675525476414129
0.6215826486898012
0.6683327287507272
0.7233860506201644
0.8001890144447139
0.8587247504352492
0.9324878466639145
1.009382134112421
1.059280856762662
1.1214974145721248
1.163143168220026
1.172626120040815
1.1862147638509108
1.1655942885547885
1.1189062254437474
1.0797188016478547
1.0190492795581698
0.9559529517648181
0.9230074163698121
0.8987892399918128
0.8919892674840972
0.9261041854971933
0.9722945601249348
1.0123074506105
1.0596469318334265
1.0875590373565367
1.0720703954053599
1.0412970693863621
1.0050566668411385
0.9580543018960288
0.9311407288412004
0.9466813888497582
0.9825016796659749
1.0166243333865863
1.047785049255452
1.0578919985204533
1.0269635678709985
0.9800888983644379
0.9562142251442198
0.9623694213057996
0.9865978629071471
1.0193653122437027
1.0436020075886585
1.0334364558531637
0.9920741675544483