6.788474499579909
4.4452753294879965
4.262522244698502
4.613287464458536
4.995796058104156
4.9552472199736615
4.654830616580081
4.574424493020915
4.711295618980604
4.685093068856336
4.543327799559569
4.667993215022477
4.859211968570636
4.720054420800327
4.627464200693687
4.785654942387277
4.679518674596583
4.516674894341853
4.671340937641802
4.581948234536859
4.450322887587185
4.624438468066799
4.473067354201783
4.452005259160167
4.574916539635123
4.362895006449436
4.519260065083658
4.421941193609309
4.387288668847792
4.493624159815001
4.306101389306514
4.5062404289078986
4.289246904691657
4.466142790242675
4.281169926565928
4.385669371014059
4.230130086192828
4.2829764558728645
4.146139761706041
4.21965515676642
4.090386724269461
4.2316586753139696
4.043010192831109
4.215260855913496
3.927650921459436
4.115201467688046
3.883241131246038
4.01942029192854
3.9708356317961515
3.816658903931171
3.971864335917839
3.694893039810233
3.8699113074703724
3.8249432945982
3.5787490847418684
3.806391164680806
3.6463394775312876
3.5131972433871237
3.7136615173336325
3.5087287235072373
3.3844092421997094
3.6008566699574223
3.456639851229872
3.217742572618115
3.388018836057135
3.4695564882112655
3.1730597884835383
3.0418939533654163
3.2979468890116626
3.3382146818465994
2.9690973172778943
2.8236723942656576
3.0460096939433323
3.2199630380639688
3.043275918550522
2.6469266828463405
2.547397687402386
2.7579882358129355
3.0392666975020575
3.0464943945371936
2.735808579035024
2.341344383079548
2.0947378279820286
2.162040686545437
2.4359685280539662
2.813590862600069
3.0751038356757463
3.1791317133248396
3.0680369997219343
2.8007369818799006
2.447870236353393
2.04014021322171
1.6751674600814366
1.3250666622976364
1.0517317771261427
0.8268550128502471
0.6517927045424413
0.535192775465364
0.44426725806085016
0.39523449639815644
0.37696337323470724
0.37691481748218975
0.4123119701114725
0.4710274766145382
0.5475090018107871
0.6586194288665084
0.7840143817470003
0.911509996574893
1.0483207162681647
1.1569366976200994
1.2126403528143666
1.222408016760021
1.1681732984980928
1.0569756809118964
0.9452215131464138
0.8803129809408318
0.8842992591237082
0.9551538081987262
1.0534631671507229
1.107540522476365
1.067756706940554
0.9710777832660998
0.9155048761373671
0.9582986757423355
1.0472839568543921
1.0706892018164191
0.9994253931180669
0.9368527059549636
0.9754394858511866
1.04994902286928
1.0342838087455049
0.9628666371266634
0.9742841715408656
1.038633208318157
1.014200993974414
0.9560754173455331
0.9986204373114309
1.037367024261395
0.9803652147659394
0.9835436007319905
1.0376651907320102
0.9924614248082934
0.9826591991277338
1.0333201730627641
0.9873074460189791
0.9914416901848373
1.0271887199669936
0.9765070121447215
1.0117965919464291
1.0075619491424141
0.9824633727001295