4.76352621668562
2.9512406987906252
3.014003613043388
3.4058762919416217
2.779600709801194
3.470048423967994
2.871345102166399
3.2315197890063954
3.141094602764726
2.9889695541738495
3.250543111884957
3.0295716648613773
3.0893196889659875
3.171323771572071
3.0395710147322017
3.0426624631864896
3.2340916906723907
2.8954890082865097
3.1850562154790865
3.0726881899883747
2.9902715314866146
3.0617234727453173
3.152708074803025
2.8804862523198227
3.1037363274437713
3.0850381553530895
2.9161232689756624
2.9948313191134686
3.100485799810256
2.9414918148076
2.8665384949549124
3.114753893719068
2.9415479287135247
2.860657767761254
2.918865817207576
3.060286218072626
2.863297948866442
2.769290704867399
2.983928618931906
2.9474799456907914
2.81606165338562
2.721775138367565
2.896171564528149
2.9686562972332617
2.728186009966423
2.6768362327107025
2.7811304565284014
2.891279554504136
2.8219036570122937
2.5811681983319508
2.604748600537486
2.785961194937197
2.8161411687147764
2.712222572436619
2.5167908951026945
2.4649830048226993
2.6586278520505324
2.7752856088958127
2.685647011789966
2.5183492169386246
2.3568581819013366
2.3532274671098556
2.5458778148277266
2.6912667257282594
2.644839602902204
2.4883051177246776
2.2932799778496804
2.146542730337818
2.180079035872403
2.367646060830031
2.5378405159420994
2.600318697281672
2.5576718655351507
2.3990394027336768
2.1518161867044876
1.9333292324058853
1.841451109371755
1.8718041060238522
1.9847859400000862
2.167740718577652
2.3952111004872982
2.5978388132073906
2.7133366797445966
2.7360145484769354
2.6927196107045077
2.5946462800471655
2.4350898152031957
2.2207145623202216
1.982144095205558
1.7517726776334035
1.5419741252646726
1.3479825193209565
1.1651285172944277
0.9981796306040343
0.856282350758321
0.7436670199867849
0.6567078672613905
0.5881777878328605
0.5328765863169919
0.48988180640489953
0.4611509552348002
0.44888214823447303
0.4537362971312607
0.4745167080415638
0.5088883438795805
0.5544902702734359
0.6098697634477704
0.6747559341645594
0.7494028866665166
0.8331811287120953
0.9230914612572826
1.0130480408771807
1.0944389927054936
1.1578223809008785
1.1950906297923722
1.2013621795253027
1.1761965241276693
1.1241304546486368
1.0546444883716817
0.9814262180563537
0.9204948353565989
0.8868200205925066
0.8897374301928228
0.9285261816923008
0.9903592689693775
1.052733251636861
1.0909947678544483
1.088959528771824
1.0479732860486082
0.9888156920283921
0.9431173767717147
0.9365112364986883
0.9721577163512021
1.0260472936119915
1.0605440275391769
1.0504465599842687
1.0037547410152503
0.958486048462809
0.9530097240304979
0.9915850506192736
1.0373661223913375
1.045358774126913
1.00823910035983
0.9671029356742585
0.9686953058211104
1.0109365470082616
1.0421725208116854
1.0235047332007978
0.9806973238316619
0.9725448785547703
1.0093088097507354