1.3969705089715598
1.396950489407146
1.3968904225608607
1.3967902839850992
1.3966500329722853
1.3964696126125216
1.3962489498743027
1.3959879557083068
1.3956865251742527
1.3953445375908542
1.3949618567088613
1.3945383309072046
1.394073793412258
1.3935680625402134
1.3930209419625919
1.3924322209948932
1.3918016749083832
1.3911290652650328
1.3904141402756058
1.3896566351808912
1.38885627265608
1.388012763238267
1.387125805777075
1.3861950879083589
1.3852202865509893
1.384201068426648
1.383137090602615
1.3820280010574701
1.3808734392696678
1.3796730368288843
1.3784264180700612
1.3771332007300412
1.3757929966266675
1.3744054123602303
1.3729700500370907
1.371486508015329
1.3699543816722206
1.3683732641933304
1.3667427473830052
1.3650624224959957
1.3633318810899493
1.3615507158984608
1.3597185217243493
1.3578348963528142
1.3558994414840868
1.3539117636851457
1.3518714753600682
1.3497781957385278
1.3476315518819217
1.3454311797065917
1.3431767250235365
1.3408678445940063
1.3385042072003137
1.3360854947311507
1.333611403280685
1.331081644260635
1.3284959455245064
1.3258540525031115
1.3231557293504566
1.3204007600990302
1.317588949823493
1.3147201258116858
1.3117941387418852
1.3088108638651106
1.3057702021913118
1.3026720816781594
1.2995164711444882
1.296303330276457
1.2930326880260778
1.2897045920353152
1.2863191228294093
1.282876394992075
1.2793765583330834
1.275819799046564
1.2722063408582942
1.2685364461602227
1.2648104171304058
1.2610285968364872
1.2571913703208075
1.2532991656651897
1.2493524550333863
1.2453517556891387
1.241297630987763
1.2371906913391195
1.233031595139799
1.228821049672314
1.2245598119690486
1.220248689638694
1.2158885416528662
1.2114802790905583
1.2070248658380942
1.202523319242179
1.197976710713676
1.1933861662796883
1.1887528670815246
1.1840780498161372
1.179363007118591
1.1746090878831588
1.1698176975206003
1.1649902981492537
1.1601284087175245
1.1552336050554188
1.1503075198527837
1.1453518425619549
1.140368319222529
1.1353587522060613
1.1303249998785074
1.125268976178292
1.1201926501079706
1.115098045137492
1.1099872385171659
1.1048623604985113
1.0997255934612722
1.0945791709449564
1.0894253765833777
1.0842665429407958
1.0791050502483561
1.073943325039661
1.0687838386844604
1.0636291058195493
1.058481682676158
1.0533441653032385
1.048219187686246
1.0431094197611626
1.0380175653237054
1.0329463598338458
1.0278985681159611
1.0228769819551307
1.0178844175903188
1.0129237131053817
1.007997725719076
1.0031093289754431
0.9982614056035131
0.9934568614122941
0.9886985969173241
0.9839895209376187
0.9793325431408776
0.9747305706790546
0.9701865047409696
0.965703237025353
0.9612836461380273
0.9569305939171738
0.9526469216909189
0.9484354464717523
0.9442989570925535
0.9402402102893026
0.9362619267358006
0.9323667805332807
0.9285574220235704
0.9248364322115333
0.9212063471100495