2.796438361713806
4.581204908492818
3.7778080890434294
3.952076763096407
4.17142501192089
3.876249695618533
4.035286989309838
3.953962250574221
4.087186299975575
3.8802349622116767
3.956352739757225
4.140386919456203
3.7779863795470883
4.0458278326352515
3.9145423885201662
4.046044270963773
3.797477882451291
3.9721718672711352
3.9467069558789443
3.935044324338994
3.8271773837089733
3.8763568771972037
3.9123446449923387
3.9121734412097364
3.795769293622527
3.8295774886999716
3.7680373727200727
3.926314774496212
3.7336082881235293
3.873060095777306
3.614484454907623
3.8230354019268877
3.668579995571349
3.779892958969066
3.7554592545295504
3.603965858705746
3.7512500269592604
3.502588529022347
3.6535129262305857
3.6194379804365493
3.4990502448137275
3.7083399887090494
3.500622146800216
3.5060841661946487
3.6244426420557394
3.363451047413115
3.439600606696294
3.5185352777918992
3.2612063843638586
3.3449592903986463
3.458002472948176
3.2083264269976395
3.2120162420061784
3.4014196511723953
3.2226989004384223
3.0555305552529948
3.2449311166221917
3.2862261530366665
3.0181426641363416
2.9592336142746434
3.173736489733537
3.1699927691433514
2.893197126247034
2.7970157120697787
3.0014614354080886
3.1173503886520435
2.914686668067394
2.6591924984402855
2.681539345188208
2.917002190465747
3.026939289163046
2.838727258003244
2.5232930341659157
2.370854407145993
2.4909309163732134
2.7431557411639895
2.8934876166791264
2.8044392351866723
2.514973004996418
2.1888150915802
1.9956892477240888
2.017875452045608
2.2315760303872847
2.539863508143386
2.8198499289261023
2.97679558841503
2.9843362537825757
2.8688321254427067
2.6571932067224666
2.3651878422159225
2.03048457035237
1.7095611324539008
1.4288403587679874
1.177467001496061
0.954776439111814
0.780387042231825
0.653266619276351
0.551052145412877
0.4721091321577217
0.4286537097593426
0.40974987628467746
0.4026927775234323
0.4208556656178943
0.46652167874138556
0.5225627117031636
0.5978636246960861
0.7017248268854649
0.8093889123058957
0.9191021641850141
1.03964050785543
1.1337098697742973
1.1903225865025666
1.2208188842322774
1.1908687913810372
1.1140202919060596
1.0277790426497704
0.9310109493290888
0.8786547078280276
0.8898673923495062
0.9432819791713922
1.0363933544642134
1.0906225966658503
1.0872853479634195
1.0288209790289096
0.9460808986505657
0.9279484199681154
0.9643967953806059
1.0433735149289602
1.0649067300873438
1.0202894840135208
0.9552412331864834
0.9507738696962704
1.0140560538416208
1.0504713643938002
1.0164635691125936
0.9560365685490645
0.9762535320903792
1.0312071481431548
1.0319884424299066
0.9719310598456194
0.9726222980376131
1.0277827840230072
1.0214017268200846
0.9726896819162281
0.9852563898453565
1.0357388931350044
0.9937884296794227
0.9749645281965005
1.0181348095341376
1.012861051043777
0.9749781283418629