7.887360907356076
7.2369248140958895
7.165249795934639
7.134860492925665
7.102929211557892
7.3856086780741395
7.098157862019236
6.953409509468675
7.259350688017292
7.158978250492406
7.253656256210082
6.962907627261224
7.022238946302256
6.9689102272497605
7.129151000133312
7.084255275108358
7.158422212140358
6.994984311911794
7.0319784418452285
6.84808527008362
6.882059480741754
6.782391103164687
6.737001473942293
6.765328360391227
6.646900779425226
6.669201203342321
6.656597933053629
6.563588071199125
6.595974983320737
6.620487049030649
6.568388786816381
6.57857533457387
6.61661152359821
6.545689224700869
6.38768195950705
6.257792557886237
6.214437491177941
6.248293822687283
6.291439048553791
6.23647157545591
6.061429804105834
5.930194782971719
5.995239606334836
6.079713352846707
5.920372291506739
5.738651626985439
5.828604699034128
5.811339916296772
5.545335816071617
5.591208745012627
5.6265533834892105
5.339749048944439
5.45446926552221
5.373935633372941
5.166208849069559
5.351435735020598
5.026125149744485
5.189914703082042
4.966753733949359
4.9858013277368745
4.870521965373051
4.7919319050094105
4.711995207815838
4.663273416536468
4.5317262289160105
4.621637886864258
4.294133171911332
4.538716203430325
4.0871250761673545
4.326713953055917
4.16544744213702
3.8762515952768313
4.191541870316606
3.8086855916151836
3.6743669911789936
3.9893519834339735
3.6204717930836154
3.3164140771749895
3.670299273138808
3.685406238531424
3.107293810544199
2.948332749644694
3.3768385640190077
3.5370168276074043
3.1086205942828604
2.498859401763485
2.3641713527649446
2.731330345400931
3.2806974965139326
3.5807801055931003
3.5139112770644085
3.0865531632094068
2.5214026282091146
1.9141676296206445
1.3999726970416024
0.9970048352417215
0.6995022037207838
0.5098100084988363
0.38717125839368993
0.32383998625436344
0.3142897022674629
0.3414084404478553
0.40821814687461216
0.5225541213252014
0.670545672474824
0.8412720000383497
1.0258563042299111
1.1787051221901261
1.2462663844879465
1.2110008586294894
1.0871893016344887
0.9346502245772751
0.8565531029412846
0.9163791857757392
1.0537186296459786
1.1158576935889009
1.0278034429818685
0.9187635766428262
0.9572339107799215
1.0665192779280428
1.0366448066267933
0.9346236300251608
0.9855896886588927
1.0612212981108016
0.9759513922423614
0.9684857977579282
1.0530730460307107
0.979110215943669
0.9857522436704172
1.0418757552508988
0.9616447416544691
1.0254281649965142
0.9947034500629403
0.987649965869495
1.019562914011004
0.9704196652649427
1.0273077460695488
0.9708589773801789
1.0302618329530502
0.9759511223319135
1.026142471381337
0.9777977221719207
1.0127603475825506
0.9931285422436578
0.9981130542307796
1.0164793458265986
0.9770846719927888
1.0170353423455147
0.9962517565937243
0.9903298047751082
1.0168193025863161