7.746647509891696
9.664885866824566
9.234736228395803
8.921890194978978
9.481332744826169
9.288223543150664
9.075542300187003
9.200050341793967
9.052969742581167
9.373843738518199
9.101447309729252
9.26264246417276
8.946623563108426
9.118007734718203
8.875704621492815
9.03516305599753
8.91677622040533
8.890082396543152
8.987661504494547
8.76195363177055
8.853771989712465
8.83320566289341
8.618601857050008
8.674734145453716
8.720823043178475
8.555252886865693
8.48424352858996
8.583965859935136
8.601376914705037
8.433344022018044
8.236682714544202
8.173033210916355
8.228053731560014
8.257573630275871
8.188637405566254
8.111840104897224
8.065565084705218
7.945180788634558
7.806252813681316
7.762611655734177
7.667539242424918
7.567753793955686
7.554825520392349
7.458080864626331
7.446399221061459
7.393735957869384
7.329468918580797
7.238383769734851
7.060183628112013
6.891681591508923
6.7531943618296735
6.749800551313556
6.810166015822458
6.697734179831604
6.474338356323329
6.291629413701471
6.402611991267166
6.358109285901153
6.005519212116914
6.019167672653333
6.106007512615889
5.716458034566574
5.748713177889116
5.762460038588216
5.397252664052791
5.607200018617418
5.194104258973615
5.333687221923391
5.0802013524516
5.095009451130671
4.881639058594719
4.902535267984597
4.580848649305537
4.788715289574109
4.252041664766504
4.620646153753877
4.145424385758621
4.097812277406904
4.335765863343862
3.6878055755484738
3.809691692688472
4.094253636364119
3.457247550692031
3.189421888850906
3.708029469468422
3.774545369242826
3.0569026698258366
2.5060776063656345
2.7377192456457746
3.406203911900635
3.84788554848866
3.726963577982719
3.1551424701514357
2.418978908337976
1.7144349014603093
1.14693678235238
0.7578199824046382
0.5060292609018996
0.3567346834480683
0.29335014568229884
0.28326584809955574
0.330070406666171
0.42645413336422483
0.5707309895727861
0.7658238775359578
0.9712395762063659
1.1641736071404818
1.2543713456912178
1.2198931235227364
1.0529302926951565
0.8918866889706809
0.860244057904578
1.002587609377527
1.117074014033782
1.0479216523917507
0.9157139033560965
0.9643855672983795
1.0848170400355992
0.9978531297608249
0.9342274951968563
1.0553773122469987
1.0057629292386472
0.9533202866470162
1.0525648481274643
0.9656079014810742
1.0151827753654195
1.0084206858393177
0.9763269885375181
1.0267094113551047
0.9709044480075654
1.03160785036782
0.9770160227358329
1.0217826387298132
0.9901042149762658
0.9978686574908732
1.0146626532761187
0.972778729579747
1.023749485259821
0.9880631553630106
0.9864397243588343
1.0228262953211984
0.9898747283757994
0.9847945440198084
1.0194500292971849
1.0117458279747793
0.9841934538054158
0.9899165163871273
1.0116418438087629
1.014040164104532
0.9990063323029861
0.9869870802420075