5.66235213114616
6.342079608884714
6.628370111596754
6.673824355580236
6.6074926050818155
6.707121553979582
6.731060085582498
6.471131525328801
6.349009512060624
6.5140537454556915
6.501545476428523
6.442566292716157
6.617147736288841
6.574114082321934
6.523466193316021
6.634649471263505
6.499200267442937
6.5516098600528165
6.5162172039994015
6.4464011483532015
6.486422239517864
6.347096554391481
6.386919095147258
6.218692030768981
6.238604696322611
6.085990048939273
6.144428689064389
6.078842455466956
6.199932225872143
6.169888657319926
6.156303924214211
6.026164156737819
5.8685691759752245
5.917440700136779
5.939212545217202
5.977925245701763
5.832528465948312
5.652920672668804
5.772167445789367
5.824824124476103
5.588403486792748
5.520715852370298
5.678192154514391
5.529382856221769
5.331301164560303
5.508978565598198
5.404278350074872
5.201267964964819
5.353436500016963
5.130200820775494
5.1635263859154845
5.1845308239938435
4.923566718022303
5.0970441471582575
4.772440540996383
4.976989865187043
4.697122844635782
4.863028007226505
4.594746722299156
4.75166259616482
4.439919641392481
4.651736274621092
4.269578959357818
4.529001071235277
4.16966824791373
4.288243541328467
4.220477698485013
3.9423796899778933
4.234282188810857
3.858096317149264
3.8349988937660937
4.057990139047169
3.609683742654088
3.5981952870376723
3.8743203920502816
3.4833249350454447
3.19863251088379
3.5380749804494793
3.612656852050229
3.1158822563568354
2.8496761570038305
3.1607458548588
3.4549266774855063
3.218067718448201
2.6483228484354684
2.296630210271003
2.4458981314266035
2.9336325285546274
3.3804772618387275
3.510038210654765
3.3150311554038603
2.8782276791715695
2.312191353757912
1.7779180137054786
1.317026233764561
0.9480391725671455
0.692877229359233
0.5083193625885792
0.3981289491453667
0.3390645002169986
0.321685455916119
0.3485894800254465
0.4056036994315384
0.5095386354596316
0.637592584208072
0.8066214950962457
0.9723819826756209
1.1345230159966848
1.2252162267286746
1.2413819968231283
1.145186811844811
1.006644955778052
0.8790893069928136
0.8718979002492777
0.9702215200366423
1.0898912148715503
1.1016672050045713
0.986620420907359
0.914616123082499
0.9777163531466768
1.0713165549625316
1.0332157572931422
0.9363456438883262
0.984677962684563
1.0637941210205737
0.9863341340760525
0.954585153271147
1.0449285175519611
1.0031445772931762
0.9629917537311362
1.0387421186343972
0.9823323344741074
0.9900021609474486
1.034656658708764
0.9638157244364973
1.0264631434996823
0.9810835117807567
1.0056081286438954
1.0065848415991043
0.9925823484795023
1.0158437608964055
0.9855753640762736
1.0134771846181316
0.9859020569174852
1.0060554829063701
0.9946169764003028
0.993624640482156
1.009467204021466
0.9799192811768502
1.018534449782083
0.9813388403209155