10.470351836706442
7.584184412062606
7.791403957776065
7.957327641321011
7.624611671819492
7.898171417819149
7.831704423351104
7.61708254310204
7.911785653589045
7.721081984192351
7.6996087516504295
7.656206326284966
7.856105544651688
7.660533330523691
7.493998036032779
7.706994775808095
7.70086937542915
7.593723681372976
7.550960842046954
7.435893382049978
7.394784247450122
7.510128847891773
7.575099586994607
7.493347792821946
7.38483451952955
7.334400796494623
7.302088996938566
7.234857854647687
7.139474007155655
7.053382893117252
6.998224483729739
6.970058814186381
6.954891010130873
6.943242927496014
6.933429299146562
6.926376343252956
6.917765139232247
6.892664005404286
6.828495399224523
6.711657425520685
6.563445123529911
6.449377485809879
6.434552213518379
6.493221419874137
6.483668158666351
6.307340439854921
6.106437486433826
6.105304480611063
6.1812740235129535
6.022712429871428
5.831671690836221
5.945727273063464
5.915522134284868
5.602932608440717
5.678877349502654
5.674677338179414
5.394171798100999
5.552995874112259
5.296720910358635
5.263417738027019
5.308191739045962
4.98057246131985
5.201076367285491
4.812796808654186
5.03907528105469
4.634522520295699
4.89744208475353
4.45463223715589
4.710067355907433
4.362478497718317
4.387872104698788
4.406282708393827
3.9987796702241294
4.327354473200841
3.9761051377598213
3.7720653614373676
4.140336613734034
3.6782451726808096
3.4396632601663355
3.8359269378769345
3.6892017802973167
3.08947155613811
3.115852317689314
3.5970573460380586
3.5317414509868037
2.885928715309395
2.4201901988069223
2.5626070464905792
3.1109390849447847
3.5925254052738773
3.6717313000179757
3.319795891162473
2.7169012151909615
2.0663271285727403
1.4935457848805127
1.0451047170752241
0.7220858431609242
0.5066651088161603
0.3764887531425799
0.31207731649244036
0.3002270365664722
0.3344296479548148
0.41308268308732776
0.5360216652969422
0.6994581182416079
0.8895921855260722
1.0768095901848636
1.215465318069601
1.256677083029096
1.177940953156524
1.0178135313100636
0.8807391690186415
0.8745150189555904
1.0002590625289687
1.1131458023659662
1.0687498734822976
0.9350371999197652
0.9272555149578652
1.0495806052364383
1.0571977406457769
0.9456627095400827
0.9804743238410499
1.0641676697119113
0.9723455600091844
0.9691677638665366
1.0541133522808606
0.9680039915953185
1.0011598410267022
1.02367373533606
0.9634982269385969
1.041314451081928
0.9644840268272732
1.026256718312924
0.9839245890060987
1.0113886691399776
0.9895551309266615
1.0137843577779875
0.9819365577901297
1.0235017021681088
0.9730740963944041
1.027992159850976
0.9772362005242851
1.0114106738890258
1.0049917713508676
0.9817188115981716
1.019713618812633
0.9953776476825749
0.9846412442024637
1.0205129694482264
0.9977149293218387
0.9844544307968067