4.815335325701129
5.6402679863810645
5.761904522798715
5.921324104100565
6.11154460947987
6.264018214235226
6.299605925268874
6.207807279601122
6.0875476378751
6.068587678982198
6.156476046749442
6.201332303755399
6.101646377003783
5.980718718390503
5.99048336828509
6.01519608285077
5.88690847769875
5.767669996186111
5.821989375826131
5.844935957797826
5.802309048666593
5.914935157523048
5.95931209113253
5.8022798737116705
5.742724168883971
5.657840284025525
5.632172000503496
5.800965338147045
5.720600347758488
5.6055900216849865
5.506797585198001
5.557260996159866
5.666589881938959
5.446188631902425
5.400674886527871
5.455285719904776
5.494879150594429
5.225018647132207
5.357469725075223
5.342449655692014
5.161874479812052
5.205965114817195
5.23197827231926
5.004539818591271
5.151510007395298
5.009836015736875
4.930468072421534
5.028282465690413
4.78120890156351
4.944392545557365
4.688127973385821
4.855913857065604
4.571245135319602
4.7558938586934385
4.49832341806571
4.624308420256153
4.370125176134909
4.584588664485207
4.22220575845348
4.457151971965522
4.140772295931543
4.303879167603868
4.163949050284698
3.9738548329604138
4.200667859586654
3.8281513284827264
3.969625579941055
3.9964017316186644
3.592849243926274
3.809566994729235
3.805414931400215
3.3902142758855343
3.5517946342375444
3.740704008632144
3.3336162625695818
3.1302642624722603
3.45450142580184
3.517828535048146
3.0631862285498714
2.767067430161346
3.009396096270902
3.3480842691264234
3.2497196930469325
2.7540547475140373
2.3179699449957933
2.289309851613385
2.6449219147866847
3.108808362614399
3.40082037357632
3.3895001302461623
3.1000192544254723
2.641779435666474
2.1316064502104206
1.6513672609419106
1.2419524924886685
0.9166408249921393
0.675357209134008
0.5108136041010785
0.4093317801040224
0.3543460832567514
0.3348680066795972
0.35071722289120943
0.4058906900408618
0.4971799532892094
0.6158752479104715
0.7595180435155047
0.9250667204093893
1.0853556065973446
1.197257228337757
1.2376283251517333
1.1995249235361267
1.0816520532631273
0.9377940886507777
0.8648079230118352
0.8992684961817187
1.0093285201337303
1.1079128663850797
1.0802752578635333
0.9669354052544105
0.9173249082241518
0.9847953215353556
1.0765918432728094
1.028530802272213
0.9402677827108521
0.9782951233586432
1.0569080111273472
1.0067133795964327
0.9466240383201692
1.0270975051871762
1.0283189491318772
0.9572623518739385
1.0139421376755584
1.0248660807711463
0.9621669195356486
1.024436017211471
1.0027616672817463
0.9757437268408856
1.0341272067597977
0.9697629420457851
1.0200988953165888
0.9920329635155255
0.9996277175863764
1.0058076400088158
0.9914021059835156
1.0126443674321997
0.9836816147900589
1.0174192161331381
0.987127036778289
1.0073988067963218
0.9956498854281843
1.0019870415063645