10.23063330925527
10.873513588314012
10.944671712195381
10.938946020043748
10.858439885922238
10.739991146247704
10.679081277009855
10.771712974555586
10.973538789820331
11.053909547021497
10.867785204041544
10.662870879944377
10.71748009311492
10.768701354367016
10.639400936349885
10.697585013519452
10.663199949881472
10.424111851897814
10.641282855072038
10.468947937919468
10.345302431471692
10.488966213451366
10.221491272409617
10.336984202474063
10.15874619631696
10.167845489280227
10.086970082486935
9.96711861942003
10.046807673699142
9.740413080553832
9.928869868282318
9.690088263035928
9.58583159822738
9.668721477226605
9.496235177159177
9.339966015266903
9.302129978246954
9.325675133923934
9.22423535209666
8.98560766323791
8.838316787019359
8.846751567871834
8.86530116484177
8.797563733492485
8.670371274582104
8.537389157307942
8.417975357325822
8.307182819633864
8.199270565571931
8.095434600420637
8.000466536820086
7.917177595835181
7.8409086217730595
7.754484887590417
7.628829671077309
7.440737343145918
7.211855678941345
7.033622381983518
6.999176201909493
7.039068697093588
6.908677295689478
6.570070748112021
6.422686314345942
6.562019332037047
6.376563866764999
6.012420129035723
6.151988472254576
5.964743675806122
5.661514386001834
5.862515051145465
5.36258010563025
5.565631919323919
5.18335128843428
5.237257095978981
4.952936386219376
5.007398706025129
4.600967677373255
4.879689891095703
4.226298410430009
4.602271132556575
4.231331311936631
3.85293858339577
4.359960884419579
3.808503418375434
3.321409849013466
3.8821660681879497
3.9329886977791624
3.087653278969346
2.604086940400444
3.0473940758554856
3.778805191023508
4.0312524281064475
3.6182405399675535
2.81445642047973
1.967113394961868
1.2792305330616294
0.8017934334464278
0.5056522934644657
0.3420889966324408
0.2713202876973425
0.26957008414043604
0.3270496883419959
0.44262665664096934
0.6158012346449524
0.8348775532258651
1.0629394489701092
1.231592321047408
1.2623860225657502
1.1294319481376078
0.9285221262517045
0.8477633881949457
0.9723581320051756
1.1165798217249734
1.0467886862243152
0.9088748995980215
0.9935365265784682
1.0834942544967583
0.9515639072392102
0.9778207385637326
1.0656144032494965
0.9433209086378687
1.0287981765610157
1.0008222664464665
0.9831375755197671
1.0258263710965223
0.9729083901939131
1.026779549545975
0.9782770100066179
1.0144594613375078
0.9987920060634096
0.9862156881944003
1.0282319049363011
0.9690686189156358
1.0170500363384052
1.0096114725549459
0.9754071839398027
1.008929811444245
1.0204115046546434
0.9847255812491168
0.9813457344166425
1.013945367645069
1.0215500078553557
0.9986638586108986
0.9817790971276864
0.9844320588759247
0.9957440952612107
1.0057406369245938
1.0121862556443104
1.0156827789031322
1.0168537106018438
1.0164372089547162