20.083049078506676
19.708335929762377
19.567238067178586
19.42875140358845
19.397403036388496
19.519557258779564
19.651164177164794
19.617340694833892
19.583210808051998
19.654494824670355
19.40068957645215
19.236221465422634
19.532224714218756
19.16701077424593
19.156858163687833
19.160977634855044
18.94809339313581
18.946469643429225
18.77990163396903
18.77300673347457
18.462952673400203
18.641897802729776
18.282750286614082
18.15636755847988
18.211179079609373
17.953361624221973
17.77424633070054
17.73949241960457
17.603545673411528
17.349507277322804
17.098267479369955
16.904588930118937
16.750371488995096
16.60558657541441
16.455359761152867
16.294296324717557
16.112523920201234
15.89805738641297
15.675277265183288
15.529433020593714
15.480245740496473
15.32323228259075
14.943339385669375
14.67418746326275
14.624201599826918
14.414949890835588
14.038879483830247
13.969903981090656
13.702598079851647
13.417433144760027
13.307297787875624
12.961452135920426
12.795563662451892
12.582866767125164
12.228335383138733
12.194586198557666
11.749321311798722
11.54275896427881
11.509446807014344
11.161307982924486
10.728818089689533
10.49490826200731
10.387884792466336
10.253355565856983
10.04455590867583
9.79161730721278
9.534514742997233
9.29684709254948
9.081555177005752
8.864938359916863
8.594682609352947
8.223546390116988
7.790396505437222
7.470956409889924
7.43016786228525
7.4252836205483534
6.924190774251467
6.466148776697241
6.719354184803204
6.148109688220468
5.890338208825733
5.980227534955568
5.236871779044305
5.6036808019814
4.771417020824829
5.017314781900142
4.706533003391789
3.9345041608864517
4.752992268780842
4.033103261134526
2.980258735525619
3.6319019372980903
4.585084636967536
4.360700458661855
3.210316776154145
1.9626885364886584
1.062206294179564
0.5449175252256063
0.297128591696098
0.21208180086303516
0.23022236110780422
0.33187823939686334
0.5186713415672924
0.7864469955106189
1.0833654921277405
1.2770210413455512
1.219658566848989
0.9618843205655506
0.8408138461707896
1.0291753155681864
1.1182179440244013
0.9209573409369698
0.9917470649025233
1.070436189069264
0.9201193452671618
1.0755294473289436
0.9370435371684342
1.0588974082883542
0.946084135875435
1.0495065151931944
0.9684678426099254
0.9990238317320137
1.0378840585204734
0.966688272476205
0.9826579324159871
1.0329306574333759
1.0208451267546141
0.9842008317701302
0.9719976588519602
0.9833674413051299
0.9998015198929735
1.0110740271900112
1.015863386183037
1.0155137681842432
1.010826333740651
1.0023312021382802
0.991953710093268
0.9838250024977717
0.9838285809482505
0.9973490875198037
1.0160450500349008
1.0090735857940296
0.9832256696256466
0.9999702088772573
1.0139108021250745
0.986375611964699
1.006318083857047
1.0010278939448771
0.9944641045368456
1.0076114352323202
0.9929563995294807