16.236121440736426
13.435379338494013
12.687863954408586
12.729236229346444
12.944605024798669
12.8114649893404
13.026460744401042
13.07061080078029
12.88002891982471
13.017799730431799
12.780055329615756
12.911778641052356
12.722024613370808
12.85000012613169
12.67011877018747
12.741035892714931
12.558085437774194
12.421197993246002
12.374513884063033
12.245332978298142
12.336941947169791
12.386216126714361
12.127972460405898
11.949408212013951
12.079631021346048
12.040666666318977
11.78802076859341
11.828508237648622
11.668892983483024
11.496874878524666
11.584162402817523
11.30470382690285
11.424206164939728
11.12618997704702
11.23018440061621
10.912917923462981
10.995665445353291
10.72627993538616
10.652472368987972
10.639378520766858
10.352699778831285
10.385906574305233
10.347950701436094
10.028951751731762
9.874635758305773
9.92510868205256
9.855709104775135
9.580902786513569
9.341276558065436
9.24571278669111
9.149215249717148
9.092587709997053
9.028397296655086
8.882125564641434
8.790283248745624
8.61463304311116
8.506931291107843
8.31656043008333
8.172459294380355
7.929548543371644
7.704189363309553
7.480701732440508
7.337030864244616
7.366359559792239
7.337483810743455
7.056553768682245
6.702721198898602
6.674273577699434
6.741924731048041
6.322537040039747
6.10943832386116
6.301142358698492
5.789966198012644
5.8290467614205514
5.69354686440334
5.328014319003834
5.489587792046063
4.9542124556075935
5.177514193359042
4.714168324482334
4.693170035087144
4.71320984297264
4.031564303545754
4.576205844741042
4.049179945357344
3.4902037372133883
4.12128647191948
4.014272683040461
3.013546979568486
2.762819078424866
3.506350467362066
4.173397509496709
4.0280058983635625
3.239176351852681
2.2734089635186363
1.4362114856436559
0.866459698858437
0.5115493067879092
0.32955246508878333
0.2507497521488346
0.25694570191195315
0.3231020578623332
0.46149142877807126
0.6580530558131504
0.9048116560108886
1.1397462270728786
1.2663003251478848
1.216922726577051
1.0060338465368017
0.8473622394838415
0.9264637651063913
1.1063180689778294
1.0686198530919069
0.9080320752006539
0.9942305005771076
1.0839549376019035
0.9363214642885469
1.009601287940436
1.0323955504707192
0.9455343207975041
1.0574803464357514
0.9484950879815901
1.0497898310336222
0.9561972877154442
1.0453760800509397
0.9604079404459365
1.0305779751888073
0.9877743080369656
0.9836027152982649
1.0304958030037976
0.9765463125341183
0.9924201569657661
1.0308760530303924
0.9969159471143738
0.9718929822041423
0.99927350157115
1.0246735328424743
1.0148179786738798
0.9948240020207083
0.983011599894781
0.9782083800664231
0.9873597274613081
0.9940178026582389
0.9988094482110784
1.0034807072311183
1.001205349506804
1.0015243757684826
0.995101208954733
0.9908576685504641
0.9864154166311105
0.9848684341303766