22.829170150917
25.978541602460858
25.00472932880275
25.621362623513637
25.389652656454388
25.449352228723725
25.003235161006607
25.267340853326292
25.328572090511557
25.077027224345596
25.08707798998914
25.161076207478835
25.059432637827335
24.846226430084492
24.622289582036068
24.410337689671405
24.22496548807429
24.11769725315747
24.07912861637857
23.962784846532294
23.78580838867729
23.781889906447127
23.635937400444192
23.24965778385048
23.093775345568616
22.972002917528936
22.869702818922203
22.414182481757383
22.47356379282732
22.087566611390244
21.93265270956468
21.653406170528427
21.57830867090989
21.104029149486337
21.04712037745534
20.691253470234486
20.383769173155446
20.314260835485626
20.072114074157557
19.670572277120396
19.319197157654013
19.054622823925058
18.812534480044313
18.555332649250694
18.290560526595094
18.019993337709284
17.69404191297166
17.29659821235646
16.96010524072893
16.73939990237778
16.538611719607317
16.304161351813462
15.774565186659022
15.479708340517625
15.356240469090809
14.834026072554511
14.60845597375594
14.29176279680428
13.93963731485571
13.618329179708738
13.347841194792979
12.861703304422264
12.829254526634884
12.292849927940306
11.864221063479468
11.777218674757101
11.5116178016981
11.022388646953273
10.554286591363095
10.19995685047992
9.90957791233201
9.615160367446807
9.281321661466949
8.917941454892015
8.570277514265769
8.286143349317772
8.135233031900258
8.095366750016249
7.748885436772213
7.02561519784949
6.831364914573064
6.9823408711211945
6.1030893692244135
6.161674573990254
5.827333208700261
5.393862736980675
5.289046991560024
5.06214602820811
4.2362412600085
5.0997093911140405
3.8783479964920877
3.212961905907611
4.400103959638149
4.90831174092768
3.896640649536428
2.390397864387786
1.231727274459392
0.5780425281974813
0.28304121992354087
0.19142087228082708
0.21786941490207484
0.3388077521775848
0.5625809093916859
0.8751007599462669
1.1771399473381827
1.2895444241133889
1.0983749366930942
0.8431734685347215
0.9543117900700536
1.1362081133056254
0.9424912467233539
0.9799807487051497
1.0656816613010682
0.9303639906857154
1.067466821636822
0.9435525325368093
1.0417081440542664
0.9955477772983626
0.9646221205563328
1.0464548179396367
0.9936064360750442
0.9589581245618324
1.003094437061496
1.0355659381081022
1.0269413357669657
1.0038780051356
0.987237207168044
0.9810258452338505
0.9824359833491937
0.9874407609875095
0.9946603433157108
1.0084021205377904
1.0233365679630888
1.015629438667233
0.9903909667109947
0.9828058230706215
1.0092156997868749
1.0116075017719564
0.9817558309010715
1.0129086187949443
0.9952511600043646
1.0001222479283802
0.9994909671098181
1.0049654552639582
0.991156419989466
1.0115587195904334
0.9882164481559026
0.9992739701180963
1.013232904007084
0.9990093993742578
0.9898857377129817