27.431882585284075
23.250400444980368
23.252253851461337
23.41678846359746
23.533977122997445
22.994307821184375
23.2942435043215
23.23031719555931
23.239794898034212
23.29795968327518
23.07832755472966
22.85258689289212
22.78958284825257
22.794679726594822
22.780531892064815
22.732988196264607
22.638080710431307
22.454235789767935
22.198612494434148
22.038966366047397
22.057680656510204
21.908709462091316
21.52002789514829
21.48138222765705
21.342163157602524
21.13458481512067
21.070001763743925
20.671854492920502
20.726883758321478
20.37172999615703
20.18466769971522
20.135687332029487
19.714031488166256
19.55950085413906
19.492978084842544
19.183794627281284
18.88789265376249
18.56815932936977
18.364521705961746
18.22781271712147
18.019821275149937
17.750863377212983
17.471732709980728
17.18567125458477
16.879133282025
16.571773829445366
16.330290597090002
16.188782042299334
15.999597724638127
15.571352060359567
15.182332624959262
15.124160963925132
14.768978273561538
14.408034630332201
14.313734129167539
13.744490024491885
13.7618752388991
13.187825028332425
13.118342195604221
12.723674283964323
12.326947397689436
12.313778145787191
11.813026722626624
11.404995913686768
11.255388645844151
11.120203780825936
10.815184063313492
10.382989341466896
9.984859846196853
9.650707801456567
9.340887683352815
9.048382004861203
8.79798559498724
8.61576830796379
8.479658759395763
8.253417618258348
7.764542132747356
7.194506563316699
7.111659280151446
7.189253719937713
6.451890831454564
6.265105151795354
6.335839312882671
5.429713873415611
5.9439688958764085
4.8323925081247285
5.439219802423162
4.460385460941278
4.416078300439688
4.888910263440207
3.4534778554450893
3.3087873234388128
4.500456027043256
4.749870293835219
3.6629161974631415
2.234048865095522
1.169928730338454
0.5687443688894095
0.2897526469630033
0.19813941530463444
0.22092275732453648
0.33600167533505915
0.5464785465095694
0.8422365345656454
1.1460525485372823
1.2899747065424096
1.1407310778412223
0.8719587611371353
0.8971639971198774
1.1247326334423082
1.0060808175688332
0.921041253666728
1.0974414074642422
0.9257708844438112
1.0566412026607022
0.9543096752172283
1.0515033607747637
0.9439592803846747
1.0516978659960634
0.9811821815331573
0.9735314348763074
1.039889101334431
1.0103733512940363
0.9649383095155176
0.9769175295134311
1.0144362787918115
1.0299493109313385
1.027599620690851
1.0233074959596302
1.0207244587207074
1.0199779084901703
1.0213468315224035
1.022323078519393
1.0165661378309017
0.9994010316797439
0.9805724930142042
0.9851495295007915
1.01227202902898
1.0102265318578796
0.9842332054751999
1.0081558959823176
1.0054961004141925
0.9865814883135849
1.014078447205495
0.9875582263661156
1.011641046155531
0.9902230658102816
1.0045909375768078
1.0044690081697445
0.9890613558872569
1.0051928475738665