13.778284335319011
17.215893865394747
16.82982084194111
16.271602362391416
16.69003204197619
16.604369383191624
16.715588018892035
16.71405949620828
16.568376035067093
16.557255087660224
16.488707204630696
16.354066616452773
16.49676250927484
16.236543987260387
16.315582298350847
16.319978658779963
16.022584972978485
15.8989237508956
15.955745665883665
15.954257146366832
15.803641432594919
15.554700215434684
15.427577999021942
15.451370350555678
15.331339336211796
15.242201010804093
15.20081861609628
14.995066183333106
14.934522719367658
14.687436015413136
14.598467141968353
14.386827234897178
14.380568875734387
14.319889411725761
14.182318650705733
13.960074812083818
13.704810911385824
13.699299658192421
13.586606420907092
13.26641795221385
13.257757569068584
12.9939202809774
12.793799454121997
12.770585909874061
12.443888194732452
12.45920110602557
12.119266590596942
12.053519923777268
11.860838678073778
11.548928301291195
11.577627098955707
11.224208131684364
10.94861851204706
10.950575326001932
10.77737747114021
10.433339343018897
10.174796458586055
10.047624061783202
9.97763057383154
9.862810652643608
9.640703377841547
9.42712722077646
9.223947630152397
8.997442011512662
8.843705587893098
8.640782105705346
8.472564184572333
8.182507508366191
7.854980936240336
7.486562157447177
7.332178682471379
7.398935774896415
7.218876266350469
6.686299031621373
6.557927077480281
6.687323092742269
6.054022548901649
6.037903469378937
5.964452834249643
5.4116932267265385
5.708969795393766
4.945193405047248
5.3112578208480405
4.647000699005761
4.6363211670815705
4.757422424203701
3.7564344686040174
4.322119294224888
4.34422473997451
3.1506266795727202
3.0012373501898137
3.973591622082113
4.489141419872188
3.9235753864849006
2.8012335601032894
1.7351097692029998
0.9717896592582346
0.5312272528751686
0.308931451808107
0.22658954767678222
0.23875166740354475
0.32671144890540804
0.4943819725690444
0.7342210559697249
1.013813658464814
1.2338764926113293
1.2645779873765572
1.0768605569849228
0.8571933170795067
0.9061459343991877
1.1129409112201964
1.0520886677203585
0.8960487871332616
1.0495501229374926
1.032560717376009
0.9352451055980155
1.07025185346126
0.9360531872562287
1.0538750999392499
0.9494967035085181
1.0509740770745208
0.9524919121622192
1.0377404136769237
0.9887252945228943
0.9767725374195753
1.0360176245046815
0.9874385084408824
0.9702966518323843
1.0181133808603957
1.0300635146746873
0.9971666382069176
0.973135660628191
0.9783813021302618
0.9933963795026864
1.004274551964722
1.0153901525159275
1.0172362912044555
1.0163862828121146
1.0166734197524494
1.0089563256569434
1.0038277436161558
0.9900029684676307
0.9842258056424864
0.9870771706784998
1.0029303690132712
1.0174344020148751
1.0008686693499598
0.9845164913103315
1.0043862875155416
1.011817055949617
0.986229203000075