17.289303670581365
18.15520665624322
18.127504897388068
17.923996341711145
17.843699719768576
18.044389351703096
18.102351229665825
17.802377227115688
17.846791655117016
18.01530559371207
17.80922055613886
18.025044489451524
17.70951255968582
17.690761907390243
17.57573651357639
17.719928576813253
17.325896970744157
17.50590769990744
17.30490115333195
17.10567356359545
17.285358751477716
16.949248158762806
16.852472506137037
16.745112850477526
16.82382405479407
16.608435568689277
16.41209498134261
16.26468056695624
16.029667565722274
15.902247187651213
15.816070387419106
15.647929042508048
15.450885471069906
15.299368305306826
15.204493887957497
15.145890257906562
15.072537648911482
14.894804327980237
14.59192870963542
14.353262520027839
14.325631279994097
14.180233541478582
13.792882503433058
13.720397112304546
13.538371876392409
13.189638980433806
13.241769571479537
12.82112355749009
12.835505179213932
12.372326671843949
12.438661917271297
12.038026096024865
11.856167780260359
11.819535205693475
11.341859337073354
11.231995474594564
11.16181578865154
10.876413881127757
10.462571365454805
10.281455988291514
10.158555836889574
10.045283321908714
9.891098476247597
9.65117321475085
9.415621638641106
9.212867116574772
9.007589138378913
8.782544505289987
8.522267807212664
8.19394150596669
7.805254380443729
7.491780038029519
7.430645735552198
7.461788200391719
7.089645080892147
6.558154741542124
6.673623397023459
6.491729757407798
5.863768511289085
6.206695106165689
5.4746907006645795
5.687509958215923
5.051261854464601
5.337414596523297
4.466947103505057
5.080769296244544
4.120498239578568
4.088519393369164
4.644903574761595
3.556789074201559
2.937699366279663
3.8201632443809754
4.560194263122124
4.145624433126077
3.009275331747896
1.843835593896163
1.0149175271650719
0.539035509615874
0.30473044248175474
0.2192666445061693
0.23239936320505916
0.3275149189654029
0.5062671327635153
0.7632249091541826
1.051543547958406
1.258193851702518
1.2467320438489555
1.017839928034239
0.8381277777787036
0.9638076348849898
1.1330629816505144
0.9810903433866185
0.9263344849646753
1.094980452857105
0.950341116393631
1.0128259238231516
1.01089595538271
0.9805786140844681
1.0211021984781978
0.9935816759394419
0.9858166510840362
1.03770075066662
0.9548370357152969
1.0254764800502583
1.0182827115327782
0.963839864684683
0.9977420279426855
1.0322010180073815
1.0129099581095329
0.9826819365602331
0.9703380793065175
0.9837147959528686
0.9967036337569546
1.0043373691785995
1.0112756234626057
1.0129230731315528
1.0079138262981449
0.9995483725490069
0.9901499777621863
0.9827466080621914
0.9843053601926978
0.9996722443448652
1.0169101220230568
1.0110561187642575
0.9886023402690288
0.9955530089920024
1.0154797886179454
0.9924206776227341
0.9948581997732785
1.0092216174731345
0.9873786863999077