0.8996127990176206
0.907680056480799
0.9321176598055707
0.973515321990827
1.0324889870725393
1.1092152285540056
1.2029314488727905
1.3115166899197899
1.431255930774347
1.5568581774116355
1.6817518343714184
1.7986291344799608
1.9001643067113159
1.9797976046601262
2.0324644915516825
2.0551580627688835
2.0472423243299573
2.010476276634127
1.948756755551536
1.8676319029886428
1.7736690972542044
1.6737765637725464
1.5745721747742543
1.4818789145737041
1.4003803487082953
1.3334621125708428
1.2831995925433868
1.250461599027928
1.2350722968162628
1.2359892276386852
1.2514656184365665
1.2791882514843975
1.3164009787839785
1.360035995929795
1.4068797382867466
1.4537866632896939
1.4979430665701534
1.5371531018276836
1.5701083810718852
1.5965818363665087
1.617495071565123
1.6348168096777846
1.651281969788048
1.6699532137557398
1.6936826867023211
1.7245591611893718
1.7634393976777256
1.809655975934877
1.8609714450188892
1.913805014047874
1.9637122342268134
2.006045960989151
2.036691283587256
2.052745666014958
2.0530192216421685
2.03825941220648
2.0110486807005428
1.9753858761267065
1.9360172489998158
1.8976354839324714
1.8640888779777975
1.837743950692349
1.8191222437250931
1.8068761075732265
1.798110220261226
1.7889883889565512
1.7755102011941772
1.7543098929234628
1.7233246905097235
1.682204747358801
1.6323866996503158
1.5768186188060502
1.519391880701272
1.464194526512012
1.4147341044054742
1.3732866278879399
1.3404994467346592
1.3153274667008203
1.2953121140204882
1.2771430615433654
1.2573842127607702
1.233211413556131
1.2030070049511783
1.166686617578983
1.1256906113490077
1.0826445898076134
1.0407649112602235
1.0031414541734966
0.9720568605559615
0.9484940506161876
0.9319427351507295
0.9205478727402131
0.9115655645283677
0.9020205400539296
0.8894115699603613
0.8722984386852087
0.8506305110638233
0.8257372744520197
0.7999820933973724
0.7761626075524269
0.7568051317208472
0.7435287868705898
0.7366406255002903
0.7350669819345311
0.7366419553359344
0.7386817862694748
0.7386976270526876
0.7350594844692324
0.7274329403722949
0.7168672685669114
0.7055053774644593
0.6959890116128127
0.6907190593464058
0.6911755071604533
0.6974906833489004
0.7084027595564018
0.7216110830242048
0.7344390504439928
0.7446173060613368
0.7509584819374027
0.75371938973948
0.7545334647181977
0.755922276273295
0.7605237312852713
0.770266586085355
0.7857461432952935
0.8060022229945564
0.8287814791452938
0.8512152646635414
0.8707086325267265
0.8857600716892597
0.8964432142136226
0.9043819763285165
0.9122111554668841
0.9226852679610498
0.937722674738978
0.957705244205862
0.9812797506160588
1.0057451618236948
1.0279115843758628
1.0451484213106161
1.056262348044742
1.061891855567621
1.0642646433946057
1.0663859172441332
1.0709328960308495
1.079247427089355
1.0907971007999804
1.103316423239758
1.113595423180457
1.118640606071188