1.8526949848853675
2.6096882535372434
2.2339808467463738
2.51779614743768
2.2966383269256774
2.4498862373844092
2.3564336234360965
2.387593387136351
2.399707667627291
2.353804766329405
2.4034378473795295
2.3620803021256527
2.373328754862124
2.3818438892113427
2.3616010701341317
2.3538565628859525
2.4080249039149617
2.2840082656766882
2.4472391712079378
2.279507107426832
2.378289963564812
2.372692407099033
2.2736146316776553
2.410175637005215
2.2839510645370873
2.337697138522125
2.3377686186602835
2.288241157772608
2.345946005927134
2.266663046887672
2.3247859633577916
2.3111581500105407
2.2248472631453193
2.3417824763201263
2.2807652211298053
2.194059471676288
2.3259601808677233
2.271114573674628
2.171701438010615
2.2808098945364477
2.2640355809973536
2.163818680941893
2.2321134923782155
2.244352062905927
2.14784923515345
2.1869773407897504
2.242240608038782
2.1398020885547484
2.0970472885929663
2.2050132831893223
2.2090280488990035
2.071899111564301
2.050872584963594
2.167078790241137
2.1788339703176387
2.051183985060149
1.9985891600548442
2.0870931426235466
2.139464253684804
2.051192220405424
1.949554665653737
1.9769995268365883
2.0785461430696848
2.093861869269642
1.980890374278086
1.861337981735184
1.8618905408006938
1.9703977510723805
2.0617552377629336
2.034582728460681
1.9036521094820311
1.7726670074016229
1.7369956238456035
1.8110036218072674
1.9292471110837621
2.002421240199632
1.976885015003374
1.8599726596893766
1.705974824626283
1.5815947232938432
1.5341752456826687
1.5764956393942657
1.689325778070586
1.8348251413068783
1.9721291748011174
2.069021661458833
2.10741824527199
2.083369552292924
2.0037006948938387
1.8814834328597114
1.731903395412012
1.5692917698468862
1.405460973162608
1.249119848172182
1.1060109093770991
0.9794296880536951
0.8708696740079512
0.7806336965338644
0.7083335782755552
0.653256403081879
0.6146092359383051
0.5916695982430857
0.5838704883073735
0.5908380290972045
0.6123778008204953
0.6483763174733874
0.6985584712705207
0.7620422896188925
0.8366873033718145
0.9183595299953267
1.000412711374003
1.0738269303160195
1.128413719087269
1.1551722828431044
1.1492899216317463
1.1126849333009614
1.0548215659975264
0.9910734675114797
0.9389586090608362
0.9133867799111774
0.9220564470679725
0.9617169676115942
1.0164484118470092
1.0606961705086146
1.0699466443176828
1.036899149644887
0.9820360538874047
0.9445962604687494
0.9533526866396235
0.9996388863264487
1.0416762985028012
1.0422507067443358
1.0043632995816552
0.9674079512237137
0.9674979809303481
1.0021472874249397
1.0325855469834135
1.0230956258968167
0.9841908605484126
0.9678280059565331
0.9995509049286383
1.0318946702433585
1.0117209447002304
0.973324201627328
0.9844053182630449
1.0223091884010171
1.0159602762737212
0.9816483636796332
0.9863298177075857
1.0164064337865066
1.011460207420108