3.875092282423625
4.993787212069049
5.119535641314763
5.175363466082216
5.158836845366829
5.080461490769501
5.005495922969495
5.009856147455402
5.0653014441262165
5.044047371992492
4.950913423881047
4.972084957911139
5.070663643047564
5.021155428438057
4.982458880037696
5.0166329337902305
4.906118051001878
4.96602243609179
4.983181322809529
4.884973697820976
4.929511901351853
4.871702219684827
4.918178452203635
4.8006696742869615
4.894920502925054
4.782493337005424
4.806596788756695
4.804229341323671
4.704403557466916
4.7862224532156095
4.6902308490506135
4.661674056880184
4.691780244369266
4.651692839237198
4.564850057539347
4.56817421502105
4.614103746621139
4.533113889346729
4.464047298036876
4.430632874077415
4.4111885585253
4.430048595483721
4.432743950817472
4.384813084994577
4.326787689502714
4.286312686390356
4.250318128122065
4.206157630426333
4.159625032676827
4.1216597724200525
4.0964425951949375
4.080500149033014
4.06486354466258
4.0358417814971075
3.9787968023613187
3.8916018195932303
3.802647372690604
3.763780661038318
3.7890164175785284
3.7943433948612553
3.686801312173107
3.561003782346628
3.5865501380775857
3.612575121147908
3.453309103853647
3.4262534543717527
3.492855390497651
3.2883623210018635
3.322456818715315
3.2958426035639787
3.1467492499045067
3.2510182940243926
3.0053970867026787
3.17351458521884
2.8948229319677106
3.0686755690918317
2.800335760766842
2.9274798637584807
2.7805275319838154
2.671670415408299
2.840084719044394
2.4934607997648697
2.5743339777373166
2.705003982171712
2.329735861642277
2.265718657469508
2.5742108768476353
2.4821313373116727
2.0476247824468583
1.8627334461236265
2.126141857514095
2.5185894591022913
2.6636646073384465
2.471189234768872
2.0677782805430938
1.6081627816235322
1.1942647722634678
0.8723421301071527
0.6494766047076618
0.5136014424765334
0.45014657351856324
0.45019903272700607
0.5108822677028184
0.6305705984594624
0.7999978190815615
0.9907553274097161
1.1483099717677747
1.20496902041992
1.1260298024624922
0.9690568194761114
0.8792956624416602
0.953031996794705
1.080945379837146
1.0600286653037145
0.940505492562095
0.9704214829619945
1.0657091649063923
0.9853468663325943
0.9600814161815341
1.050741945191975
0.9737435333219032
1.0002227004113708
1.021081736127859
0.9675337385091605
1.0367634490547792
0.9661316803069704
1.0308958961275523
0.9717543927914868
1.027145034990238
0.9764189399954251
1.0166372631183673
0.9960661413281652
0.9895649663995127
1.0201257440909557
0.98463563951554
0.9968096140506163
1.0198095576330088
0.9873816016591147
0.9895946244941322
1.0126268463926766
1.010936401093293
0.9907062313916786
0.9846853816230914
1.0009036546088863
1.012662708089846
1.0113727089192168
1.005433937205645
0.9976965377402385
0.9903638354272536
0.9873579957635781
0.9885014036959885