4.414701797781626
4.720606504801918
4.659935959218514
4.694689386395941
4.671790133422988
4.535405918526736
4.681667007610563
4.711732855149105
4.633137480062871
4.6996991576126455
4.553392687691222
4.634968132119491
4.531355656967038
4.613336738714089
4.524413169945248
4.60839836297757
4.50495183441302
4.586474635644033
4.49584337576502
4.515882579818418
4.523883354510213
4.4396531946449835
4.511515318847952
4.495010950859928
4.431995607588679
4.479192945139836
4.466321149573743
4.36226207931308
4.3355616682678155
4.3971185987171
4.408142241962891
4.324611771902673
4.250225217763854
4.249439414165984
4.2552822833015265
4.244040551216955
4.261558403482342
4.2390735878008465
4.185363975064385
4.1729741959335716
4.115761182165761
4.091798401661573
4.06383209634261
4.031533924932139
4.0244400994408185
3.9938507677697928
3.9889384973608317
3.950282735134617
3.9085051497501926
3.8403255446772944
3.7542598077155547
3.7241787349285818
3.713933142644078
3.7518215209172583
3.7216327721156106
3.59247289048364
3.537287958533307
3.5957591409078424
3.5685035268884455
3.420912418623896
3.428807988676409
3.4815641848079792
3.307835701327239
3.3129337762835553
3.3359646146690483
3.1637445640596153
3.2842532637531914
3.104188769644112
3.1552155684430425
3.048787122006722
3.0372380771564007
2.9622313971951653
2.9620879416267734
2.8317927215127594
2.929839663401109
2.676832509224169
2.870472772011865
2.631021543046211
2.6247689790883113
2.750675541866575
2.4293896729636386
2.495071737984941
2.649863032139397
2.328112659981704
2.1714372786294267
2.439294573843633
2.516505078369799
2.1654684497141887
1.8417248046993169
1.9181682036775791
2.27333268403104
2.55585078841259
2.5687343560005256
2.325139758984582
1.9220246639927383
1.50312358152457
1.1382799609084635
0.8507004025579576
0.6550004894606838
0.525494496741363
0.466025068866521
0.45755705407521413
0.5092862440464813
0.6089307178218515
0.7622697808441351
0.9357396760178862
1.1040035092382412
1.1929959011715083
1.174710905526879
1.0456772920681987
0.9117701998904266
0.8956585993947523
1.0033299147100723
1.092971960914829
1.0278417440104646
0.9278571450007558
0.9872148416175207
1.0658510514396125
0.9816963885459076
0.9607681127891878
1.047642133111765
0.9841923727897175
0.9843198472132205
1.0374338535077345
0.9618136406117567
1.0267847361253821
0.9819834871476885
1.007823869495197
0.9980668609526014
1.002051295348581
0.9994536669558024
1.0076754892131154
0.9898977285084695
1.0196092679687605
0.9796700424293973
1.0211386520133308
0.9910765832646011
0.9940773151363629
1.016954656111405
0.9846148831864441
0.9945769487257495
1.0164034863020046
0.9962050931439292
0.9873090890156292
1.0063216099870411
1.0123086100002883
0.9978894779740537
0.9881316839277322
0.9928404554054207
1.0036665251640586
1.0121240690366389