4.3048489574714175
3.5813360233581775
3.538537762647801
3.514837541672993
3.4877313774789807
3.450828076415155
3.40579100562556
3.3620677901342337
3.3336083610656546
3.329914801575971
3.3447574721110613
3.3530301203112334
3.3266899494129665
3.2652484885414164
3.210959864888961
3.2162601849762034
3.2805738520961145
3.335227897085537
3.3214091518834876
3.266879948784862
3.234130387002685
3.2218048176082736
3.209685042258026
3.235418306367124
3.276561501869896
3.219614382407132
3.1308648405152955
3.1856214721038483
3.247264297208982
3.154123026318314
3.109246671823635
3.168808195577359
3.160048833238382
3.0974335571818576
3.0830323301255835
3.139902370514341
3.0656328210378914
3.028063513766413
3.119202930913376
2.981860439140532
3.0376115156049552
3.0309078289050757
2.94199140654702
3.0230864037510816
2.92317845322656
2.949928959997488
2.936893153433429
2.8693697955731388
2.937548820279302
2.806734361912777
2.9160174530572336
2.7620735846812914
2.874836984036028
2.732375672625274
2.8180350637082294
2.7111487670713457
2.753847433446885
2.6947570085124792
2.6738171334669802
2.7039281836917803
2.5659648927883922
2.703107686664321
2.535792588582632
2.5604621824585263
2.623169262728732
2.4290365369125717
2.532510443257364
2.5238857520233675
2.3502691621593943
2.462657552676611
2.4650905076266256
2.262941492739965
2.3201314347771103
2.44631906675667
2.277633152358979
2.112699475061415
2.236768544084192
2.36192740918233
2.21254610640806
1.9895624252229167
1.9941069122233617
2.1823085257296544
2.2762501859450066
2.131023114933331
1.8634895245297833
1.6904486535692116
1.7282446621936731
1.9342247778739319
2.1768350816473134
2.333231517301618
2.343553251596552
2.2125435055288207
1.9831096806696111
1.7075826473451325
1.4294990877017935
1.1771069802369947
0.9644956045546776
0.7958344057571518
0.6697905583146349
0.5828661956669924
0.5314572693103423
0.5128895316699449
0.525741464428317
0.5695949116720491
0.6440860738668333
0.7469430608037959
0.8709285194625652
1.000618344873737
1.1115713463092438
1.1753044405831305
1.1713584113926288
1.1019868509759545
0.9993996097908052
0.9164121684738947
0.9002323177473821
0.959947167304675
1.0479055896936347
1.083305694619827
1.0276226538571334
0.9464500207653831
0.9467319522031121
1.0242136559599326
1.0549575288893638
0.9934360972381422
0.9538489919844074
1.005065324198982
1.0410290071574082
0.9880607808309698
0.9671784098791695
1.0282394264068564
1.0131850540753917
0.9652344065948378
1.019641952779174
1.0115442872438645
0.9723293271324284
1.021809165380549
0.9975232737891956
0.9854049141729078
1.0223534420604428
0.9805949595832274
1.010856112787177
0.9996542213296072
0.9919791487992252
1.0140089409820698
0.9832731911830902
1.0177632714523177
0.9828777116494946
1.0162265253742055
0.9849630785220339
1.014435986843504
0.9859157368150904