3.2108754912395376
2.4007901464494408
2.6734653158416117
2.614511701054203
2.5482058289342984
2.6156222453367657
2.5778477235156867
2.6357587967133034
2.5082823187976926
2.6322012434066435
2.625546639953512
2.4798719511912126
2.6517487296997078
2.551576939496692
2.6033582779823643
2.4992609673920407
2.6098057824025953
2.576646484339319
2.538697829010585
2.532382718546274
2.5446530433872
2.588120305521667
2.519322018102227
2.5225778610698852
2.499315552653757
2.5457296430228697
2.5376870291637044
2.499729697678923
2.504194453172551
2.441323294137321
2.53571421728128
2.443184286266517
2.549687163827175
2.4218335093552965
2.476565495947125
2.429504627243525
2.3977286459676823
2.48389050241582
2.3732849069146393
2.471413464579582
2.4208430948276956
2.3633010588738297
2.452096231980468
2.326597908107057
2.347083626078253
2.398645273327057
2.2691663968951348
2.330461075379398
2.3664227374399713
2.2381149473424786
2.296596400862419
2.3511625098003397
2.219592271537769
2.2295799096831272
2.328377254930539
2.2315118757113948
2.145015711980625
2.246085789402781
2.269324461228943
2.1275689781004927
2.0921529591214445
2.2058586211754103
2.211616594776945
2.0662825070520365
2.005354129745002
2.110439947934505
2.185790061237276
2.091641912121645
1.9491640789475282
1.9430567672294516
2.0649397416106825
2.1421027063171474
2.0617551922353092
1.8912497658636087
1.7861000359453527
1.8292426731908522
1.9684835243128174
2.07775950020636
2.0618338346411034
1.919596629509558
1.7314779157977493
1.5965670782088317
1.5747844954743513
1.6661997500300139
1.8234925763049206
1.9843988714299254
2.1046441201745982
2.163878202773976
2.148788855811966
2.053243240037999
1.8974028206144233
1.718797135885186
1.536735501643939
1.350522701093226
1.1711660631724232
1.01943963796349
0.8948883695178996
0.7848812921931781
0.6954914051819289
0.6356380823311203
0.5937354577053388
0.5648765548420265
0.5615274493930267
0.5793836696279202
0.608399899503042
0.6605866017286989
0.7341830645951729
0.8125969687642138
0.9039012028297664
1.0004945044301417
1.0758263028911115
1.1351305343985305
1.1646901140658816
1.1443871231999512
1.0982288721926934
1.0270406366986358
0.9513062549564573
0.9132334414756358
0.9099522019949933
0.9571515728272051
1.0230915573975115
1.0653639060775242
1.0696231695957688
1.0162866269557354
0.9641800721444532
0.9415543866563554
0.9777561131658175
1.0316032170475415
1.0481068991686007
1.013406419541879
0.9628222564244051
0.9677060501287506
1.0106648225500119
1.0407220117594715
1.0042713095335027
0.9692026407720671
0.9832275435031141
1.0286593660738401
1.0172955054702313
0.9770908220039476
0.9838508175546646
1.0226130997965697
1.0130784376325974
0.9738731817879163
0.9997031866276831
1.0214026715072748
0.9931926712923507
0.982707975094813
1.01755405510772
1.005018050821306
0.9787201787247463