3.221655147518581
4.540225588186254
4.084748017785284
4.455935911285821
4.15189705190215
4.354491866714097
4.262255793378024
4.236441747975155
4.31606463685134
4.228014877509673
4.271060355848148
4.2278605837971694
4.264785521228144
4.2540422521608
4.162619081944661
4.230258122334932
4.280712716798976
4.172882579465371
4.115280456324181
4.183238797411861
4.223038187651629
4.1703332714114385
4.108767057634789
4.100864796079415
4.121688443742686
4.123180090698745
4.0911900092941345
4.0427801229547935
3.9992007682803203
3.9700763133002024
3.953715656569159
3.943752097477186
3.9344102623878117
3.92252091642358
3.907379105942465
3.889745747332463
3.87057808377546
3.849704928048365
3.8251043165077196
3.794324370628909
3.759216919777159
3.731098982281647
3.7269670603325733
3.7493241903209675
3.765206274412377
3.725391713284469
3.6313198380274523
3.561675997378606
3.5758081821656726
3.6124733518866785
3.572664987766613
3.4761749244786753
3.43987469192016
3.486796273262668
3.4483399137687707
3.322534127480711
3.374376033736651
3.367876330843947
3.2114925610956715
3.3131823343391895
3.2089910725703383
3.1531719713306434
3.214070065548556
3.0415733053035545
3.153855026309522
2.974609630636897
3.070842346763086
2.90402156450227
3.0034253532235673
2.806675950175159
2.955377947182833
2.7064735183291933
2.866154250714577
2.695015297127434
2.6531260545708086
2.766329487368883
2.4885124337466573
2.603025403474999
2.628232065467311
2.34051141283054
2.4393838868788533
2.5705662638310183
2.2882862724065536
2.1143194195067547
2.3342290627800244
2.4786851690492724
2.232657495843342
1.8772592811297657
1.8016414581322662
2.0484968804404815
2.3749691531498427
2.536588228976649
2.447287747526616
2.161096005824092
1.7841594086008172
1.4076473298907382
1.0842530321567438
0.8331432438365588
0.6539038999550049
0.5386455734570378
0.47926769107292316
0.47051244578157253
0.5100979149784128
0.5966960543717317
0.7259445093938113
0.8847308473892741
1.0453621963186246
1.1644969136890813
1.1953876541700543
1.1191575251685493
0.9811453048411983
0.8875227212768803
0.9226747491133066
1.0408810729189784
1.0885897383944847
1.0039672275334017
0.9308061584590096
0.9943748518030383
1.0605010007726823
0.9896464312395401
0.9548687332812313
1.0397688096823308
1.0075288663606181
0.9606790745727224
1.0393149070155938
0.9841969253219864
0.9916397969627637
1.0248991692247182
0.9701331659333351
1.028834549633258
0.9759508469113416
1.0199632764774957
0.9832966495786589
1.0161277944580085
0.9829803760242553
1.0198704862830474
0.9779397850572961
1.0222465609037723
0.983113156404459
1.006249794026407
1.007319826780374
0.9838288675963156
1.0147239929329157
0.9973062808878358
0.989477741420387
1.0129871567707698
1.0000561541327277
0.9866240684400961
1.0052495964651884
1.0131775697338608
0.9959601710484207