2.7071581425339932
3.3685585417036505
3.637595504024071
3.752498127182268
3.672809121285854
3.6076436441842685
3.6363466703670886
3.603173564461792
3.507175597470485
3.5367514308932786
3.6148166504884642
3.573711152648304
3.585808985265452
3.6505205623036963
3.593617351773942
3.610752443260586
3.6306983119141214
3.569430962375975
3.6130549255907343
3.5585671162872994
3.557367440905498
3.5352266578274203
3.4886509405427106
3.485548664989857
3.428919156541505
3.452159438261483
3.4287934751721365
3.483363986045231
3.477271585975573
3.4831887126686083
3.424519515422076
3.3585940539026833
3.3617128559221467
3.369373050949011
3.4263286646191324
3.352336743587301
3.2768811491235907
3.30747379890964
3.3327602529894773
3.2925626202575446
3.2215158524959455
3.2439901721655264
3.267034376265877
3.174195169780294
3.179478607648352
3.205768435761795
3.0985977896560755
3.1521857486117617
3.1341825950274713
3.016199756530978
3.116468111872701
3.0046050131545665
3.044346165940736
3.00179724489453
2.935114654178956
2.9786185002708514
2.8659520334091813
2.956062623088989
2.8206159155434367
2.9121206077472137
2.7765101928764286
2.8368194021801623
2.7509373423334815
2.7259638088012443
2.75782373562553
2.6000263962272525
2.7424770559825147
2.55767807257646
2.593548044864206
2.6414347828530325
2.4312405922525997
2.5544716305370323
2.549576884906843
2.3311570682117595
2.440951811952833
2.509838514907168
2.266409027421196
2.207654366022982
2.3966625558571213
2.366912836922556
2.1040404887912105
2.0203569728518134
2.208883730779674
2.345017907952835
2.2023264855836926
1.9078131441222133
1.7285712510792512
1.7957802534907616
2.039661392247172
2.298049862825628
2.4221181721945215
2.3531691762031457
2.144439689181818
1.8575857445486146
1.5372007151467033
1.2476717679867129
1.0048889936754053
0.8057722780374545
0.6664787848086421
0.5679812412375144
0.5114593536238226
0.4973223328788036
0.5143221506290301
0.5760398805149569
0.6655470559405077
0.7922335160967962
0.9294489959015343
1.0643126415048316
1.1584347765888563
1.1853243317427415
1.1321613471826415
1.0233446075857067
0.9201474109370568
0.8949021556794297
0.9590332584486156
1.0599940134589991
1.0788967388897095
1.0081652931110872
0.934968306149096
0.9688715058194515
1.0521356690205805
1.0319604285431225
0.9576073355782322
0.9804285011969602
1.0424760388982064
1.0004683650864994
0.9643378901229815
1.0257301092544064
1.0099713364172151
0.968416841784518
1.027156310253933
0.9975734826571224
0.9789284133014615
1.0287144466237288
0.978334930850017
1.0137506271468955
0.9971689105795579
0.9906142784871681
1.0137336931555816
0.9842032784726358
1.0203687472784768
0.9827468738387335
1.0182528588842559
0.9821295641742034
1.0139047749173224
0.9856002080236134
1.0072881665406164
0.9955934289060842
0.9956329827769355
1.0094601125125302
0.985410161690049