3.1566719332722664
2.7638240038328115
2.791277681021446
2.832320358931456
2.796439555071826
2.8203017271688404
2.8974501967580304
2.809754750565451
2.692192043850317
2.799733151792307
2.8999532025865773
2.80033787527959
2.8004991354270112
2.8384803641732512
2.7159112610240586
2.743951260495363
2.8202862209967408
2.735317973016275
2.816741616507556
2.821497393854808
2.739982212497099
2.8283240805229966
2.723311039322025
2.749060708786689
2.748458546805743
2.674127652024107
2.756968227317328
2.6428947927087525
2.7365832347997516
2.6402875824484076
2.70314105688561
2.6426983558116506
2.6714273538424806
2.6382080910482175
2.648743895673337
2.624696690423969
2.6388020391363964
2.6035082764496407
2.6428903454525035
2.575530479924818
2.6536641050400203
2.541837987889575
2.6465608053256915
2.512100409539856
2.5894505443870015
2.512112743621751
2.489490470987203
2.549906902213579
2.428258440452943
2.5443379887701423
2.469364698343529
2.4191154195789033
2.5048397871237875
2.361765705519307
2.3962230911623896
2.4720727749683706
2.32356263615177
2.3551382892703985
2.4147222358470577
2.271682547667144
2.283229178053544
2.390707686032338
2.2676909712284523
2.1663560763237117
2.2915140174608823
2.320602044227764
2.1466430080167966
2.0968509549095082
2.234423188778649
2.2582207643744474
2.0981977846847006
1.993372927814225
2.0688579834489484
2.1924433730103927
2.1711113834435327
1.9815301057458314
1.8457044650237129
1.9026892976963674
2.0473524088874147
2.146458588929011
2.0895750768681203
1.8887027334373996
1.7049461904871746
1.6088415013851685
1.663662150416936
1.8307915608561616
2.014028278382337
2.176022054040703
2.2257772029872505
2.1992535295596456
2.064551984472479
1.8903222012270529
1.6694003441067646
1.458427567103978
1.246614816678646
1.070094364148407
0.9093819605968066
0.7891962358310831
0.6853153883543616
0.6193231557146898
0.5670579162150803
0.5486138663498757
0.5451982223334747
0.5703364032686125
0.6168008406843969
0.6823907929099816
0.774149615586575
0.8689039328161934
0.9783234819163037
1.069598964709051
1.138112199341485
1.1710980447551198
1.1461237817011545
1.0893999783817934
1.00408141659268
0.9278359115968338
0.9034751993593813
0.9299039678881679
0.9967257414544742
1.0649263002590752
1.0738350158312502
1.022301400340753
0.9617760238283137
0.9430451419294403
0.9848514869846908
1.0434411298604445
1.045060456952517
0.9862041181206046
0.9529848746591533
0.9944536441705777
1.0417582568466346
1.01551359770573
0.9649744838025052
0.9836630087146571
1.0328517506569668
1.012724295853932
0.9692538673268817
0.99728385282409
1.0268978787953158
0.9888475400526265
0.9845977313593723
1.0243959392214932
0.9977698278552577
0.9778335465964485
1.0178777119331415
0.9991622107180291
0.9849513985059359
1.0218038547507686
0.9931039196280421
0.9946046022581388
1.0161763250956066