5.9602629909659575
5.618574686928751
5.587187625599249
5.505324075495231
5.404961462625079
5.384982156364807
5.458797510236767
5.480957340155226
5.408779010735526
5.4264391724292365
5.501813470738894
5.461639216642769
5.493199941114966
5.507396332319884
5.39779403965046
5.399382446571318
5.340983032735479
5.436228613226032
5.381715605794805
5.340460960692396
5.285546191038064
5.380956403982157
5.260945709111135
5.252598115905393
5.308244096464688
5.16758774759718
5.241668709369078
5.1815369557215485
5.14444521696951
5.1241932349880726
5.118074484261039
5.0803985656077435
5.059534571315449
4.968106453692459
5.026761771345383
4.924038067467552
4.945732570351062
4.941214625060529
4.827190871267455
4.833821731668786
4.844911652608053
4.7493996561215965
4.6768988841529175
4.688181521367672
4.7007601831926555
4.6539604022352625
4.567262209675846
4.483041346135699
4.422680994060354
4.3876177917550025
4.36960961495621
4.350672107885323
4.31085367742979
4.254502471044449
4.206610949620605
4.157838049479869
4.080633036767003
4.014430266103257
3.9837005957271776
3.9587648480303823
3.975477786213719
3.9579517735998495
3.8497084851982812
3.7254078733622125
3.682500855334142
3.7507073062496175
3.6539518824568837
3.4926496079844336
3.546800798022471
3.5153557664632373
3.32088884637249
3.422955538905073
3.264769105028982
3.228502023499781
3.225964314422011
3.049962047080387
3.1446474309328405
2.9366421924589186
2.989724057069604
2.880876640576849
2.746777004156092
2.9156924718739377
2.5397926574122476
2.698950064162751
2.723948442037048
2.3063027702155194
2.4190922735618727
2.6720829169589564
2.3595358067390317
1.9342647091423777
2.0030253602883756
2.425419362431803
2.7129497142997234
2.6183194568534383
2.219425325423543
1.7141309199922532
1.2529765243595103
0.8973376010810343
0.6511734436991757
0.50180402130619
0.4366179911055555
0.4423420192081898
0.5119982162555236
0.6495089216088348
0.8415006228373634
1.0404709178881872
1.1850359582270504
1.1974122193808827
1.061563277655822
0.9089563074201242
0.8967493816001512
1.0382844298855858
1.0898105034619887
0.9706102066561524
0.9394391343846463
1.0601076117361177
1.0038159119370178
0.953484202882121
1.051896621546854
0.9696696363730205
1.0068734007913058
1.012844887615516
0.978148950122563
1.0237016367136937
0.9798557539408349
1.0178716788971651
0.9896535765231878
0.9965143022622297
1.0160822224984714
0.9768602658102895
1.0228761252323229
0.9981718630433778
0.9827107415061156
1.0177477696794355
1.0061210800658194
0.9808053376512658
0.9950306643195355
1.0159999100586952
1.0113332794453793
0.9940743257373302
0.9858286552766253
0.9902154178911705
0.9992318993468325
1.0061696723109403
1.0099785532582588
1.0124275716443614
1.0137727563805092
1.012634872157519
1.0105505271064859
1.0109632869668943
1.0105516717947969