7.855528664620562
8.372701994755879
8.560245207722158
8.316633926012905
8.33315847517626
8.408570576730078
8.426432153481873
8.42833093872781
8.433780183578715
8.34579494871009
8.399489846337994
8.352871282151598
8.303133654734713
8.320273435412043
8.289392464446573
8.192995310349682
8.123540615661245
8.13991560977948
8.15188345392118
8.060353417541869
8.028579475952663
8.060369215770423
7.936267819162763
7.955224603761907
7.874203529022758
7.873295022559801
7.8137296711037925
7.828670644740498
7.680684650922916
7.699376373749097
7.652389523597223
7.538709656909044
7.52713302845526
7.530786480786144
7.405122478376651
7.33326967216589
7.2434770180705055
7.225683208741645
7.156485054642285
7.123481432604051
7.0566722237383095
6.966494821046409
6.8980502998549875
6.814495412431336
6.728523794030931
6.686512209047442
6.6713912859560525
6.593185618927987
6.449504327382722
6.405122800972565
6.393777450547447
6.21999863184883
6.199924384687539
6.106583685017127
5.993276028440251
5.94521530197631
5.8332976390793245
5.753517273554763
5.733367598220927
5.527218634956896
5.527840171889477
5.474741651769282
5.274756085251049
5.190429802451591
5.18056976422689
5.130104324217059
5.023848762409677
4.8904457060993645
4.760669992677067
4.6586687966571345
4.553420960271752
4.478941858903602
4.428585213626778
4.3794090736809
4.302577620106543
4.142575509788958
3.923426828566711
3.8406254766291004
3.922060571456567
3.7480795063181898
3.4858400231080457
3.6498713524562305
3.3381761136568286
3.340056735089385
3.213665966336489
3.1167780455955265
2.9332126089494928
3.0858265733181747
2.534166154482422
2.9046133959117224
2.764711776727121
2.114780563670786
2.303619112940077
2.903666866396217
2.9480477779664924
2.3918758043835675
1.6531076877663153
1.054024157259393
0.6608239878813045
0.4523086970518396
0.37960441796213845
0.41483053931667796
0.5557963390131199
0.7927074612424666
1.0613639359142952
1.2232637203080439
1.148894290542134
0.9275752795438361
0.891609502390072
1.0781499574858877
1.0424194381958838
0.9200189779283274
1.0659308469185202
0.969599798001226
1.0102013241357441
0.9966036619858722
1.006633548565387
0.981663830946863
1.0356974695067924
0.9615799912506712
1.017822385783029
1.0198812457616673
0.9709158153863922
0.9898818047054837
1.0247189731229445
1.0195831076868334
1.000588798272739
0.9829375729495239
0.979896838016853
0.9795573400621381
0.9803492183129497
0.9829080383494222
0.9823461824045348
0.9856421489953849
0.9971155791632832
1.0111925198558425
1.0146770831276573
0.9991049834944254
0.9854949773214404
1.0013153077467407
1.0095175692015803
0.9879850477282226
1.0036281457205554
1.0005725422364184
0.9941804967260538
1.0059560140529584
0.9955571415376161
1.003489751525004
1.0017584833625617
0.9918786735739286
1.0090833228680107