8.069187635968484
6.263106734325829
6.720781938237175
6.424384934805325
6.5464629215138395
6.511654569493831
6.556907316699782
6.455372384056772
6.4401683246924675
6.574052648466436
6.485202592528276
6.417595986233555
6.456619383982422
6.429858037257391
6.35407987901697
6.328347390236164
6.35207146083946
6.372132111137528
6.362143393556215
6.329290705363554
6.291411683829439
6.262818117192351
6.249052417624079
6.242383995215001
6.223749346216126
6.184944130058402
6.150572149646228
6.136028443136131
6.085818688451531
5.982819209261871
5.9513289634239745
5.985537804884947
5.949894954565859
5.87974347885642
5.802485996433235
5.847372588649152
5.758780779456492
5.69501522408552
5.718316592109292
5.600880670785084
5.616632467565323
5.519067372172905
5.533520935713042
5.398609897918972
5.455979886844893
5.309260856051163
5.324185670622981
5.247813706794413
5.153224646361887
5.193628602281445
5.117616484347693
4.981725093609724
4.951331352261302
4.959540804385045
4.9036519681939605
4.795568463115852
4.691457961433135
4.6167504609552745
4.564913758843708
4.521097302710873
4.474057610056236
4.415894072397147
4.341022800789742
4.25205894191719
4.1668987293525985
4.108932020207341
4.0838713808518685
4.07886070085723
4.0576148862311054
3.93700448980111
3.751679629529396
3.736423214119094
3.79485150531405
3.6087694639560874
3.476650091470574
3.5904234904261045
3.342445733606297
3.349394505938974
3.30054479815293
3.124719341367923
3.1929908885514617
2.9668612128627627
3.004220490107336
2.9263527068437685
2.6643227764982544
2.9540391064967033
2.528271542995135
2.4588317338324086
2.7964627775669877
2.4580380088908558
1.981146303019885
2.1567401925371295
2.656785455959945
2.835142219591773
2.529026472068855
1.962728207315619
1.3921061427268488
0.9473190204809128
0.6515826183023119
0.48244528782934526
0.4128792449627547
0.4276488949460901
0.5240892678182436
0.7000140574940008
0.9286171728088204
1.135788520650564
1.2168395025288696
1.1157215668805096
0.9285148569880791
0.8852677322791196
1.0410942442376625
1.0870268650164698
0.9429075623288157
0.9754576882592404
1.0664780908304552
0.9486263371766118
1.0220955544058266
1.0045997904913164
0.983271472807629
1.0221644352368113
0.9797159762216898
1.015341645554816
0.9972664900958627
0.9857083085770451
1.0292979644439864
0.9733685967624061
1.005818885785099
1.0190784423998522
0.979786071747894
0.9891712724481582
1.0198984321716982
1.016414217975041
0.9935541945548214
0.9824005831279833
0.9877547088203129
0.9990758598178887
1.0080031962513676
1.0123377465611405
1.0131343612842219
1.012118697599765
1.0106715401879376
1.0089554795067532
1.0049885499538078
0.9967603735496283
0.9883387073262462
0.9891133763060539
0.9997390570719179
1.0089359421839392
1.0065322530778265
0.9922973567867193
0.9943483656347148