9.896373169712424
9.020744322390676
9.294445161566296
9.057617488247653
9.146710013856996
9.117881556234005
9.229172561237714
9.070359460846301
9.023438078394001
9.086254226480813
9.039107466364284
8.961485393652694
8.940377487445524
8.950458336554712
8.95583655229347
8.954872766973605
8.95476435789439
8.938277974658774
8.875405099456552
8.793670467504649
8.754209257368268
8.694831216161477
8.618983743729881
8.668236174771437
8.613511128641395
8.514424349062283
8.465300891524862
8.49036570653403
8.323734310277862
8.378297769321422
8.241976614938222
8.229766505683092
8.123071123433364
8.15073417848005
7.993970607634558
7.947572658744774
7.927443840133621
7.800128874697483
7.712727671055085
7.690363298995006
7.654064778706386
7.576715392511964
7.48008622154637
7.38876863788513
7.313543668522175
7.247690574882215
7.174580566279969
7.099507220547278
7.0366047352441115
6.927610741088671
6.76613322880023
6.691975095535751
6.6690455229318975
6.578203617852845
6.394041648517758
6.416963059700434
6.2459518681320665
6.180116519956959
6.094693203387976
5.980724935043466
5.86486113661666
5.851121084451025
5.6330518165320544
5.618276131075601
5.545378513798847
5.337450153793246
5.2222977171418306
5.198543023917611
5.152942261314432
5.054208107217035
4.931363765550554
4.811700690520823
4.70380308969738
4.608218472346532
4.528604494035909
4.450140940944504
4.306696351254058
4.074394920179371
3.9008519764732377
3.9268246182637725
3.9273911823918954
3.5795133789235907
3.5690823403497585
3.5765298444174425
3.1919391249691023
3.438868804978682
2.9199183768572334
3.2368488266641924
2.7736626580222956
2.7497025192466613
3.0159511040876255
2.3072065831428263
2.1960159833299384
2.8401220776310248
3.055259386220751
2.5396335343823244
1.75339294095051
1.0917443529009545
0.6672335633403562
0.4447422919072682
0.3689185328290159
0.41194847370036236
0.5702498669252118
0.8270236151800598
1.1004832932064492
1.232637494049495
1.1021463470942265
0.8826840287687918
0.9463218642381711
1.1073850346570846
0.9642635913616121
0.9736464967148191
1.0577754382762081
0.941231698000077
1.0551400481460187
0.9534928363192547
1.0361743607230023
0.9895582067871993
0.9774805132907232
1.0367887502218467
0.9910582697232423
0.9712463405719509
1.0080281970705385
1.0289241104921436
1.0184776350582916
0.9999161916247375
0.9875379614696347
0.9824361093312441
0.9825357665025061
0.9867330071962742
0.9937013657671548
1.0028038047367358
1.0140480573555413
1.01533084943986
0.9958139748988047
0.9860866900139867
1.0038930296751747
1.010897508632727
0.9868655549485
1.0077418608280897
0.9982269803947522
0.9980359891751645
1.0036149489887332
0.9980340557180175
0.9966042388837121
1.0087362721479263
0.9914437920173418
1.0030094609077156
1.0071936610220327
0.994246898582243
0.9915429847343722