11.0373010935419
9.967322135849045
9.836196875103875
9.788549830305678
9.89332633166244
9.94675765168079
9.84252439349067
9.9410899941867
9.951968130904735
9.863615753373224
9.84657666155812
9.798110783262247
9.831894583565665
9.782946478586977
9.702306295928398
9.725321091639278
9.711639673022306
9.62981505831796
9.55839719253429
9.51156865359666
9.540881779216718
9.482946324076373
9.434998351330208
9.415457706698046
9.361451134308004
9.270308648205342
9.16955760915517
9.090167223770385
9.062668673787615
9.054185281030684
8.959445040967708
8.842164077662346
8.856827101458261
8.764375623567734
8.69223936717383
8.647936560990878
8.509515281895462
8.479327512614432
8.415192864795447
8.257501047144741
8.278414667977662
8.150285693748915
8.019146382509032
7.95226769476829
7.931805817480095
7.835842935025969
7.746812725403597
7.639727864572788
7.52330352170047
7.4353415642928855
7.365648800199766
7.290873409317807
7.188629612816463
7.039214778004786
6.878666171230361
6.8095991059866465
6.785529384732606
6.605606153197768
6.493127274732801
6.468983369216221
6.233751203061218
6.250501876509777
6.019165280321269
6.036589293547272
5.822307283835174
5.7246812923812245
5.707575040271098
5.502162892526211
5.329124135175845
5.291578414967848
5.243698114123565
5.1515607978557885
5.007039435767964
4.866525680494155
4.752583185167609
4.654363852732409
4.565770262251256
4.461566967199896
4.283584845741783
4.026278369351829
3.874083940738635
3.957256970174786
3.828207132348852
3.4612355975399955
3.6499783045949106
3.3078176741390815
3.3172020067960313
3.0836487066527267
3.163142292773175
2.64553845627898
3.1152233281609316
2.5994009834918774
2.145640743284049
2.7433726352019017
3.1370667278229685
2.6969562476456024
1.8612357511142197
1.137512720498689
0.6747456954027576
0.4351968825088701
0.35819395097993617
0.4107463330930786
0.5854944407819949
0.861724095893519
1.140994599103509
1.2325579224127992
1.0436927209483646
0.8640109169053248
1.0148760754444133
1.089838369714966
0.916720079077703
1.054316592194852
0.9733169557536305
1.0182564118120718
0.9784537267418263
1.0374508358349843
0.9540360030573889
1.0323379103474308
1.0105896603182924
0.9657427612621391
0.9953361825353393
1.02980619997266
1.0217921855969887
1.0037555585614568
0.9895292886161162
0.9823559417967073
0.9832212378960264
0.9878334527826247
0.9953463609098012
1.0068292394165819
1.016440184488472
1.0103358397901052
0.9889411531355287
0.9872891809982794
1.0117758217484474
0.9995111535494307
0.9906229020455847
1.013690445610991
0.9881068031139141
1.011197359416034
0.9880874459710028
1.010639058970451
0.9955933109541898
0.9945921186384292
1.010192419021027
0.999515569592418
0.9911364447617053
0.99643236932767
1.0044525148658612
1.0091140962334952
1.0071732557935562