0.8141258363461987
0.8159280754516446
0.8213257561848114
0.8302910532294273
0.8427752680299034
0.8587055580594144
0.8779807717096006
0.9004667715232535
0.9259916952664956
0.9543416425441085
0.9852572814579833
1.0184318441506952
1.0535109881157227
1.0900944465780529
1.1277407120792478
1.1659734332189438
1.204290609112479
1.2421755253178028
1.2791102830557952
1.3145897508641704
1.348137301831001
1.3793191996251062
1.4077603063623427
1.4331565760036593
1.4552871259652356
1.474022555289637
1.489330546430314
1.5012777734508909
1.5100279520160866
1.5158359508256698
1.5190380686086007
1.5200387665626724
1.5192943238643588
1.5172940444570293
1.5145397782979095
1.5115246222561465
1.5087117290489755
1.5065141729307463
1.505276730013939
1.5052608475520344
1.506632441115145
1.5094546018307355
1.5136848526038484
1.519176217220072
1.5256847097929849
1.5328798356918207
1.540360202388674
1.5476719457690018
1.5543301909434382
1.5598420003628235
1.563729971002815
1.5655553480789235
1.5649395624384068
1.5615831565547265
1.555281179896021
1.5459342399576135
1.5335547256585182
1.5182677403526077
1.500306713952656
1.4800038047696338
1.4577756152023282
1.4341045911104255
1.4095173404903993
1.384560606992273
1.3597763040000412
1.3356766566379201
1.3127203797518738
1.2912925215505222
1.2716867589086644
1.2540933155516787
1.2385914772974014
1.2251482984182553
1.2136229423253397
1.2037769053056835
1.1952891075507885
1.1877757230253316
1.1808132338565422
1.1739636574926187
1.1668005306781966
1.158934194169713
1.1500349311722609
1.1398526044512205
1.1282316101609067
1.1151202140505718
1.1005736466698193
1.0847506899839485
1.0679038887212327
1.05036387012103
1.0325187208962838
1.0147895558050555
0.9976038090383115
0.9813680394310478
0.9664417303422415
0.953114065545581
0.9415852156470776
0.9319532693909153
0.9242080875349967
0.9182324066760157
0.9138103351335053
0.9106427771360062
0.9083688363799906
0.9065917989975875
0.9049079269551206
0.9029360368217222
0.9003457202328017
0.8968820970591236
0.8923851855896371
0.8868023195356372
0.8801925208813001
0.8727223181549558
0.8646531629184753
0.8563212076035892
0.8481109503204257
0.8404245563174835
0.8336495128173467
0.828126837548803
0.8241228300509623
0.8218064895973342
0.8212348426995191
0.8223474786930317
0.8249710221377943
0.8288333864866768
0.8335868048883077
0.8388378299709045
0.8441818161819562
0.8492389132624969
0.8536883618378592
0.8572979266321444
0.8599456401681237
0.8616316439780519
0.8624787621866798
0.862721455810828
0.8626838971353537
0.862748971047267
0.8633209452064472
0.8647852925216349
0.867469465824154
0.8716085796307235
0.8773195704437248
0.8845865402146349
0.8932591929122979
0.9030648018149482
0.9136328611805168
0.9245302052730769
0.9353032077001041
0.9455228093116048
0.954827674473065
0.9629608130755546
0.9697955499621359
0.9753477407492502
0.9797725350530884