5.155094561577766
5.9641635763002965
6.084290842397668
5.994899315807565
5.985604763978722
5.896552251888516
6.087029075939416
5.9826916956025356
6.017354073878817
5.8794261226954365
5.922825189767432
5.891267002788645
5.885850710383656
5.938968934481418
5.880172456688607
5.8717414015780705
5.890634175745591
5.8362661103784905
5.772759748606358
5.758380480062377
5.770611138296242
5.78378749648889
5.786673291256076
5.752994580944787
5.671578848926819
5.6096929551119
5.63533057851281
5.646464451481102
5.549817725401604
5.528514998774469
5.55856718228961
5.445948151262082
5.47001670494536
5.43637149852394
5.3871893031116
5.407732985337126
5.303709026537958
5.307934156571077
5.226849673111701
5.2222891464133845
5.208619305642905
5.077040800929318
5.136071975593233
5.057610721116346
4.951865271538667
5.0059704759269845
4.948045322520441
4.832642047201558
4.789501979045191
4.796179109052287
4.788353486211499
4.716253658225736
4.6221048855086355
4.547495097556088
4.465704382234662
4.426132644268151
4.369999696360412
4.308177568017912
4.263249103108877
4.204614261956044
4.1389072883819225
4.0988025358762785
4.091305949878499
4.093203990819397
4.057956504054519
3.9438407972425193
3.79181202761747
3.737711633766828
3.794961354545719
3.7250650635639393
3.525505091693957
3.5603360744408388
3.5604560597343777
3.3192404797208934
3.435027527761447
3.267085901413414
3.2216210707629567
3.2131230057923985
3.0495442128917096
3.0763574663527353
2.945981166419325
2.8563636661029186
2.957341393692335
2.5719177767768606
2.839375037366147
2.6637467568527082
2.316247376258679
2.628408414647988
2.6579844919956748
2.148171428612619
1.938873027495261
2.291034657509696
2.7099544604539827
2.739166890807544
2.3743019719378036
1.8395838337942236
1.3186316205569044
0.9210786839573867
0.65210630132654
0.4910054236735635
0.4232883977594143
0.4349710126594977
0.5189150184664479
0.672824768282695
0.8814348337868172
1.0917276534602955
1.2115694213020693
1.1650727960014917
0.9911828041680202
0.8743076804964043
0.9589581551593919
1.0931611429057306
1.0252203781882934
0.9214264143361761
1.0288104862279874
1.036174097724001
0.9408840292278742
1.0436693987691412
0.9796263595839383
0.9997406942514615
1.013415290704543
0.9861967232701685
1.0144281049073125
0.9914819092777435
0.9963087958418533
1.0181337173135954
0.9736850510879126
1.0241312556724533
0.9937902816465257
0.9834244177751162
1.0205132210349552
1.0052531497618367
0.9778765567366189
0.9978487415041382
1.01681430348383
1.0136326463498224
0.9938631680620795
0.9856085367860792
0.9838980084196989
0.9928720125977971
0.998361500041398
1.0024514106559654
1.006609025823267
1.0050688330405853
1.002726251280734
1.001114258503055
0.9964356638367338
0.9900688375885052
0.9877533816620528
0.9934208555248485
1.004712196583521