9.373404940963802
10.593363365726107
10.789316497577321
10.932337241185854
10.836253450133242
10.790812436308
10.840657045300878
10.687652065105194
10.748752759837087
10.685388614517478
10.804652632222846
10.680891308315028
10.596972823269954
10.698242107562105
10.581043600053263
10.51728919053755
10.519715578573258
10.47857897339817
10.443914669444112
10.44523161399534
10.31589123697793
10.31271450078529
10.29209513685714
10.17574492028836
10.060832304399394
9.999965799854877
9.982096511218522
9.945019063785384
9.85193234686108
9.788861324915954
9.709500309957308
9.591700175134225
9.544655949502177
9.486844428769812
9.463078297233402
9.32377338390419
9.19661645901604
9.213255653020619
9.051618892194755
8.992496551371133
8.866578621583802
8.812023038791544
8.666750558153142
8.65878502451991
8.485356998280754
8.381931201299233
8.347093624798484
8.228923401827691
8.069958570823625
7.94398499192463
7.844309005463548
7.731413647975923
7.617486077028474
7.51466916815966
7.379381730778886
7.286486602041862
7.213377615393023
7.158320232099929
6.989509800277848
6.804730512682427
6.760892217605345
6.642962265162598
6.44374575554364
6.448285704167561
6.183618927324469
6.190824291967271
5.949039465363821
5.8686297710716575
5.813771250586816
5.559366065122823
5.437035623952322
5.418948462982935
5.334757638672939
5.171830958896262
4.988742931239635
4.831755176862868
4.70667829476953
4.596351437337739
4.528169295614859
4.452546290663504
4.282576115361111
3.9803202030199714
3.814570194666082
3.9295808458628367
3.6850391446002413
3.3991761416869073
3.6076958983574237
3.039222346677358
3.4011404115597164
2.7540184235129117
3.0479438567734767
2.919028826187231
2.181303466960999
2.6229870463765206
3.188529112184717
2.843814169634896
1.977443159462176
1.1875528797538442
0.680406406538972
0.426456327962409
0.35091001846768155
0.4098744729611934
0.6023654627350584
0.8955858702036908
1.1740421812755086
1.2169642911709433
0.9847444331777884
0.8698751675472346
1.077506765184128
1.0261407339359987
0.9338288870380748
1.0730260566058596
0.936107601044178
1.059354733489208
0.9597593473325272
1.013165991505601
1.0282228377886544
0.9620532603492025
0.9963330014743805
1.0347249977549504
1.0202869207906347
0.9917571054651992
0.9771471249757627
0.9757923216782742
0.9765196081536623
0.9768729734580872
0.9838765642431235
0.9938812624738076
1.012354423979822
1.0170365074058245
0.9989760011038556
0.9830558210433654
1.0098605885751595
1.0048686097514037
0.9878556290274929
1.0125235907137622
0.9872510248149924
1.013131622508912
0.9913795485608019
1.003885329853801
1.0075558830638658
0.9904833732379472
0.9995953641005592
1.0104333604079945
1.0059875235563789
0.996871690316479
0.9924962699640046
0.9925159909741716
0.9917382397854576
0.9915520243918394
0.9947716099061734