17.47776780805973
15.08424919862176
15.215675998542066
15.21160827586209
15.249403873974964
15.091317503598875
15.023341079266427
15.068964149685629
15.093799494339924
15.064729640243504
15.00449971256011
14.946907335963559
14.929113824118067
14.91738883997506
14.787531301145265
14.689805328892632
14.764799584719519
14.57052698857552
14.586391030057438
14.446724759888003
14.413257569584369
14.342192532580382
14.19882163223964
14.097027533993952
14.073000645859908
14.015308120882256
13.91076478938246
13.794747637053135
13.676743441678157
13.542992836843181
13.390814627313995
13.275554482261608
13.230634788942295
13.07888674037182
12.881070826318705
12.861807361086663
12.631843990152364
12.577166070663788
12.38985033867545
12.237025405114322
12.162819604263222
12.008357649574325
11.79286753168858
11.619072072384386
11.477631429654245
11.331541500565539
11.173511617479468
11.020245461388866
10.897089051459977
10.783515675476151
10.576503761626519
10.336393550911392
10.275649971351221
10.044189125228224
9.896133520212057
9.693394492921069
9.58591783710304
9.316193785151858
9.172683721300535
9.074296260692593
8.863396383182373
8.620057623138406
8.410544170725016
8.225245315088547
8.05139115920595
7.898224051778746
7.773839543165508
7.621332949477303
7.342712460806929
7.101424138254174
7.0701632480278125
6.75432943233741
6.651367398826314
6.381485507653848
6.326496521676969
5.96637517621799
5.868786572074699
5.798410927350277
5.527462294456398
5.232846759612404
5.003711515061489
4.808081619722778
4.619353982026204
4.4599155646330955
4.390781793048677
4.3797489106393135
4.1172015626751035
3.626468363794408
3.788223034298303
3.5049787766411185
3.240644050941076
3.1716828055838437
3.167074373398772
2.3063332096107114
3.04695515918243
3.384528188672738
2.500840672585228
1.4171983608651355
0.7200182569124427
0.3977520932847831
0.3180267875841859
0.41551341016539056
0.6785549935302143
1.0410198412735983
1.2510732328417673
1.0601312070202953
0.8553010099823144
1.0831268072287092
0.9908310931414013
0.990896956448099
1.003004443284602
1.0281264739487286
0.9468370963235284
1.036597481341664
1.0310319637844088
0.9747544125608932
0.9607846363598449
0.9734449435862029
0.9838440768962785
0.984252330297031
0.9779116156321643
0.975401302979363
0.9924963259543932
1.0205094315282728
1.007169586578897
0.9794065481925316
1.0165614072392648
0.9896382075420179
1.0094273213061877
0.9876368877154225
1.0143843584396834
0.9940921414733247
0.9888662300874911
1.0075557519690972
1.0133233521899732
1.0072306290273811
1.0018903626704272
1.0010036496933896
1.0038267210874023
1.0082750879166043
1.0085231423432244
0.9982792350602321
0.9904254133682833
1.0048748825908884
1.0030566838641701
0.9938756088376963
1.0061005475117364
0.9955200579310884
1.000731151676333
1.005046254141551
0.9935225041732905