13.642542484082869
13.87268397426057
13.841310240847548
13.909039692209891
13.960468998789672
13.825659582034683
13.87555117508553
13.962194487693383
13.8646033612578
13.781524075040071
13.850074062103804
13.699784827989815
13.747598670532875
13.674479614958715
13.652767583682657
13.491140818408322
13.490279744073511
13.474204123730408
13.365786644488285
13.258138168499865
13.186492262938664
13.13945337661857
13.086351472824397
12.98384590213166
12.879138309948864
12.860313149862737
12.79580659638609
12.704776643907497
12.52993222246899
12.51035781873562
12.373911955709994
12.261561450667546
12.203162030958904
12.047121898597682
11.907606877131842
11.867533080972137
11.698500486487765
11.54473898013928
11.453732005601788
11.361290775908813
11.248151642542341
11.131924790729828
11.011519056478667
10.853434974882171
10.672922670318572
10.510558124496475
10.364974848248139
10.31544638783089
10.103709750287466
9.943223306039943
9.866466097929761
9.61076090815366
9.570618531906533
9.344947115223055
9.195050368062631
9.10914101152957
8.883875866919965
8.674080995028504
8.53713029082532
8.418029666113956
8.279740634328697
8.11182020848478
7.920962356357162
7.724697662423486
7.525302055872175
7.3951120508461035
7.33272428205068
7.084257791314474
6.862540190351171
6.833481381402074
6.494211355977311
6.4995941920287414
6.161500631829771
6.120641439042672
5.946435182928242
5.630446197826798
5.511144281118621
5.456105512518863
5.333897917432035
5.164913977159181
4.9934277836022245
4.835593834310499
4.679793035027797
4.453929752193756
4.096671473971048
3.8731849013308763
4.0060241678945605
3.737942268951519
3.342365790818792
3.621855028658518
2.9145654946928192
3.3047633550203965
2.848107471162268
2.3098774165608407
3.1328883660610676
3.2647830948751877
2.3593093215441154
1.3526139028495168
0.7089511430871336
0.4055370146514876
0.32543870176435247
0.41229101969465193
0.6581810893538472
1.0054557938256852
1.2410769379824107
1.1126906517455335
0.8596332406134581
1.0274484645671218
1.0576409037731267
0.927413158159324
1.070591015518583
0.9508860723673529
1.0174062165548492
1.0285824149319809
0.9523799344774679
0.9945840430548339
1.036831626093241
1.0294071684987613
1.008857699125991
0.9979644936536786
0.9985898720795601
1.0063738527202453
1.0174791259774398
1.0236578650976238
1.002856076123258
0.9793876250683199
1.0042301511953193
1.0124673732602356
0.9823345494677973
1.0173479229210884
0.9848634338975283
1.0131423798542902
0.9923792133408581
0.9930664872791158
1.0125661846219993
1.0042964219557666
0.9912015480845224
0.9882399705927197
0.990425109258853
0.9926725690727843
0.9932912775038337
0.9911293778929493
0.9907623172323263
1.0002930595353634
1.0079590550509514
1.00114556572342
0.9919083175340647
1.0080397358132496
0.9944982738209374
1.003631251503866
0.9958735413741754