23.969884898930722
21.364041722796205
21.271081145875392
21.419175744542954
21.411322127008503
21.203049434874533
21.231734246109617
21.166840667727577
21.132998664237093
21.132048768190543
21.002835098015638
20.92824811558592
20.788370370472038
20.72989235731839
20.67750676521311
20.605001942748757
20.55710156554192
20.49288171874239
20.294310409288464
20.17223883233254
20.056498165906625
19.93947361271911
19.78735977144871
19.69810475063605
19.515364323226333
19.320925259793047
19.156678194502632
19.04003079376508
18.87550133075543
18.675341976939702
18.489977256564995
18.363456584129988
18.216078559855973
17.950688482189413
17.826834388745585
17.54493121416588
17.424432513444028
17.137344953409368
16.954325021455023
16.802633700760207
16.567476328473354
16.302108808629246
16.081433550631864
15.877971736111405
15.675082969788066
15.43414574359089
15.1208359369061
14.890760082725375
14.703537590838858
14.348853364144182
14.214370412663227
13.889095565781805
13.617846266980006
13.45311991584348
13.191394054374507
12.88787587630159
12.620230528698851
12.36744771604781
12.132117884005655
11.89710431112113
11.583220364012318
11.23970447566044
11.08925568506707
10.746784603383762
10.519437325510385
10.18160072472406
10.03787518289598
9.687339263268166
9.348024599312057
9.11169976819404
8.871303197664826
8.609849700859243
8.317182624984605
8.008343179295784
7.780576790967088
7.658262616766747
7.296994331659143
6.985550916892739
6.85414711562284
6.485957920715401
6.22203953879141
6.152790866856361
5.757808852160247
5.3778770804001805
5.099006809828328
4.846590566428176
4.577707127381672
4.345872533189038
4.310940200200175
4.316027700831165
3.661558009896478
3.5429711149048786
3.499401400036355
3.1082449856183785
2.5900133286958815
3.6264604635668047
3.0967961805280697
1.7258084172741277
0.7795927982548703
0.3724488158000198
0.29074228690715126
0.429481757583455
0.7702744110347205
1.169860940503099
1.2086178073295746
0.8766496009826089
1.020852887687946
1.0235296625450472
0.9944152943114812
0.9684371677787339
1.0669297911179703
0.981190977074265
0.9495433418375465
0.973111976421332
0.9940809751039873
0.995546131312416
0.9819404620476572
0.9689407717663182
0.9880353334901735
1.0259651148453455
0.993298662236078
0.9953349686964351
1.0073732697293165
0.9985580579928269
0.9888542071351737
1.0162309774129195
1.0064137163618445
0.9887753442126992
0.9847030933663768
0.9865601323659802
0.9873222581451382
0.990867042768393
1.0030182795635194
1.011582535950955
0.9947356402379514
0.9983578957132263
1.0056635790027075
0.9947180487953393
1.0002277265324562
1.0072579571616531
0.9944355179331957
0.992112803096623
0.9992537799527672
1.0020390227399327
1.0014218535649482
0.9986304014646175
0.9941166599118553
0.9947072418888007
1.0044833722904047
1.0004693026537164
0.9954672233306664