1.8398063548697756
1.827477589323158
1.7917040780868292
1.7359294170271173
1.6652893460247624
1.5858534040015266
1.503815589232335
1.4248014582079809
1.3534136578281346
1.2930634022928043
1.246052457250501
1.2138057649290028
1.1971250393701178
1.196345753153002
1.2113307294464153
1.2413034657273412
1.2845927331176394
1.338404655465166
1.398745403625992
1.4605845183834518
1.5182850101293797
1.5662503585761691
1.5996730901980958
1.6152333787511364
1.6115976447528808
1.5896093865850311
1.5521314264032888
1.5035747275051297
1.4492129124960305
1.3944188212419464
1.3439612922132267
1.30147445778917
1.2691608489675723
1.2477374572817987
1.2365902200441077
1.2340746795119368
1.2378958204249413
1.2455094596411294
1.254504112910155
1.2629360530140223
1.2695973219816485
1.2741929094584952
1.2773988050533485
1.2807733562696184
1.2865041062233336
1.297001057804654
1.3143845680569963
1.339955560219558
1.3737624000589281
1.4143801258303081
1.4589869608684827
1.5037623601362151
1.5445524363805199
1.577673437693954
1.6006729745137427
1.612859581115707
1.615453573820803
1.6112967519907835
1.6041679437329759
1.5978571877014078
1.595221468357964
1.5974642734142208
1.603829514329364
1.611802462343771
1.6177753237432588
1.61801257130308
1.6096639889463948
1.591554874397314
1.564536933794119
1.531298828725796
1.4956819763741234
1.4616839127468282
1.4324208990741458
1.4093384521648507
1.391887632028598
1.3777613051985482
1.3636223452084182
1.3461162761876064
1.322876856477504
1.2932330800191352
1.2584113184645382
1.2211737456616292
1.1850008645745895
1.1530637685325071
1.1272963189562746
1.1078499308893501
1.0930983336047781
1.080191010075279
1.0659828116307462
1.0480472064214674
1.0254511299531928
0.9990423816668133
0.9711553942250317
0.9448298224419308
0.9227984995769706
0.9065809597929161
0.8959886853556589
0.8892128106929681
0.8834685006836378
0.8759772504920551
0.8649465000327343
0.8502005609901258
0.833234240415914
0.8166633039717593
0.8032645320382817
0.7949522045515058
0.7920699508177322
0.7932675146973195
0.7960182479602395
0.7975904816653177
0.7961065406422456
0.791279227451409
0.7845304753602473
0.7784326609638919
0.7756814341773249
0.7780040520666196
0.7854456498283595
0.7963351825492667
0.8079613460171878
0.8176936055829712
0.8240871928064003
0.8275018710059845
0.8299559527170901
0.8342572565386533
0.84276889559476
0.8563411073579212
0.8738865321850907
0.8928072836690306
0.9101072161127406
0.9237061639488738
0.9333623630295115
0.9407668151413033
0.948740466925166
0.9598814747348183
0.9752820140714432
0.9939250448298358
1.0130702952029444
1.029474875849453
1.0408838697717313
1.0470734213154698
1.0499222371038623
1.0524492682255602
1.057268743732249
1.065222687469918
1.0748882220505394
1.0832354663670694
1.0871305954381199
1.0849312086936287
1.0773480219061342
1.067104908789102
1.057549465204408