27.74421834186168
30.07493288183616
29.98059724061846
29.75143001760092
29.82026581505456
29.868122383636038
29.829674476508018
29.72446133261501
29.55830671796379
29.45070078949143
29.523892469376705
29.31515558393299
29.23589349208761
29.051322980682677
29.054449922131155
28.805142157573837
28.58355342764143
28.423577458522757
28.254873791397102
28.07054332652527
27.927373179917662
27.83313421828337
27.552186462618415
27.30610114528064
27.149081461868235
26.890700497703033
26.578620705540086
26.420107862083857
26.206989655885465
25.942662582037695
25.67194088102473
25.386810689729533
25.04182455089084
24.692648027865655
24.50019306218612
24.127647723905028
23.873602019822098
23.471439636425846
23.23983475357773
22.92624007103246
22.55676141062274
22.201946521488583
21.871229322686265
21.558669202067595
21.212082095058083
20.775407219529686
20.455243671441984
20.103407736422177
19.72842354260364
19.317899324567612
19.025858991485226
18.653192135371526
18.247045632315288
17.85906303854071
17.496547916116967
17.143724269774104
16.727391561540767
16.267058483522952
15.983178423525521
15.505320255633459
15.219979287632912
14.73021795389237
14.348400473986795
14.025387747900202
13.667266648496833
13.283131902934896
12.870889360223225
12.414524310978953
12.020481221784772
11.770988224937586
11.257133446190617
11.007592906577965
10.478860558012078
10.229086295965041
9.91436773195145
9.495808295830766
9.098624247253175
8.758174832559009
8.468271345248798
8.113965618554822
7.5707749827962285
7.340814691817818
6.998449097609429
6.670069131450698
6.170413247650475
6.096851439099527
5.831409486179965
5.439717757554658
5.111830766370958
4.901741659208802
4.682354906548778
4.01952412716995
3.531201496254957
3.9876156908857094
2.714216060394121
3.424860553926154
3.690821774670147
2.111159415422786
0.8579092144868137
0.3516380670824097
0.26910763252073444
0.45303647683603476
0.8729849344111273
1.2555167359957102
1.0568981875199654
0.8813950914286975
1.1133986919232017
0.9305236331392078
0.9989208860618728
1.0695990495971959
1.013668682958445
0.9774539833111097
0.9743441418679838
0.9916867524477754
1.0243148323261546
1.0276852232095786
0.9744646702347441
1.011192461818998
0.991908668576912
1.0166555570941176
0.9790439320801533
0.9968740192137184
1.0148961599322694
1.0173614379219356
1.0162758101695835
1.0125977052592927
0.9987297415855607
0.9865535036528104
1.0079398917646207
0.9978746819398396
1.0026592892243276
0.9920244672406705
1.009850296748244
1.004355540255805
0.995352610416981
0.9926507946493095
0.993604473537217
0.9986797884394952
1.0070673783561674
1.003049381817231
0.9926597329955569
1.0074413480630204
0.9928601588235515
1.0046444218060149
1.0034575516602828
0.9951765720702058
0.993589978910695
0.9941167039593986
0.9939279595638708
0.9954371173016375
1.0025325119097113