2.2319512918742923
2.0447505502012904
1.715999866486878
1.5555193218036998
1.6255980294615813
1.8181244375987393
1.891697316177961
1.749033706587262
1.585697706236037
1.5975907640272766
1.769395253914333
1.8882598883791026
1.7967660336392108
1.622181667003503
1.5794549329796133
1.6988277998597563
1.8197365150953417
1.8033324121298306
1.712995080102402
1.668375173998061
1.6686323132444374
1.6688584005067886
1.6836736607540375
1.7519003799660957
1.8123285645962608
1.7560712870143387
1.6303396114332978
1.5852414588329247
1.6532713989019097
1.728091040573931
1.7424455166290385
1.7478765354970018
1.7543635240136044
1.6915194256755324
1.5905447272098405
1.5706116756766952
1.6440800576532668
1.706384724836172
1.7217031194766999
1.7480379320330106
1.756442531248855
1.6772067469391083
1.580709288047472
1.5615175877431335
1.5811710999036468
1.5901344631453194
1.6377598026925213
1.7274703728040266
1.7558497396500992
1.7161209016511205
1.6896872945823656
1.646089886511135
1.5528464801421715
1.497510053320385
1.5086721237175982
1.5178472944008343
1.5398258046857025
1.621773668039555
1.6900941393275628
1.7042155817748854
1.7310922045046082
1.736837799663346
1.669716888336117
1.6085258369256283
1.5605285225448937
1.473182242931748
1.4104181234122932
1.397485221501865
1.3741990547158551
1.3763670538726163
1.434745018105761
1.480359446006256
1.531094257605205
1.6228924507893372
1.681895292400662
1.7273939373093343
1.7979065986949905
1.8184949299080457
1.8242324124769953
1.8454800495097345
1.8114924194057127
1.7770560735967937
1.7507323633484728
1.6757386107548577
1.6195679320404566
1.5610926422144606
1.470035567735002
1.4106531705476013
1.3363097499930392
1.251781930057258
1.1984245135689464
1.1215395616454824
1.0574531888391199
1.0103605121123913
0.942532765751399
0.9023029034169748
0.85866614906044
0.8103445120416035
0.7880373291653556
0.7491922172110741
0.726538049589099
0.7120943033921205
0.6868175116804344
0.6868225129891916
0.6754926986706304
0.6745508744606105
0.6856393708117426
0.6851246459266134
0.7089885223719702
0.7224592055095077
0.7459611030061954
0.7799599196991343
0.8020579586099984
0.8474830864981155
0.8774297885719525
0.9188332954476695
0.9615700861409056
0.9912070135434399
1.0376509969979983
1.0584637829405394
1.0910080097751558
1.1073777280874457
1.113753473523853
1.1228212617029294
1.1041400479574264
1.0981902278847455
1.0658989648146728
1.0423347005285617
1.0106596165051818
0.9780553913986183
0.9591617224661887
0.9333457495784945
0.934854265564658
0.9288198235539812
0.9502586817934108
0.9654502819763741
0.9952780384689577
1.0197304653031878
1.0389011816132063
1.0544883371010492
1.0484301395030664
1.0447075392912277
1.0161061740643555
1.0008833353421553
0.9706365335413492
0.964863644314838
0.9555909037781645
0.9721515756330921
0.985952499359473
1.0124780377730767
1.0269455229041613