1.9813230861941538
1.901910815207805
1.8818979990323237
1.865996929179326
1.847652359480937
1.8678373763678546
1.9249604476967404
1.8708016765389353
1.785746677735954
1.8636955328423843
1.9792572432867581
1.8568391379345046
1.7324558958148601
1.874574429414172
1.9950850755781706
1.8407541305743491
1.7464017877783402
1.8605582829188752
1.9186438078153272
1.8720791745222558
1.8462278303695663
1.7899067988951327
1.7936901885028045
1.9223692175191611
1.919642908728985
1.7749521313021914
1.7662289504932913
1.8325999423016892
1.8575273871021774
1.9022561025237823
1.842487732081221
1.7229966154312977
1.7666720809111116
1.8465290082893595
1.8598917633884606
1.8791626290478383
1.7882129188684661
1.7002744441859423
1.7552284663109154
1.7997900356900862
1.850908849808185
1.8791042191037723
1.770998863576553
1.7127476216965196
1.6955549200168654
1.7030988282907398
1.8106364781421114
1.8410547785504978
1.826185016306427
1.7859071805884896
1.6709574896427841
1.6473139542789037
1.6463842246129226
1.6920834280266868
1.7904759690252259
1.8049952699850185
1.8254058105475153
1.7567882778788657
1.6705399858213041
1.6117576847465287
1.546948265941182
1.5823694697022281
1.6133539832168056
1.6978011262717816
1.766040675172078
1.793854885511454
1.8105127184130223
1.7414029584718531
1.690249436450046
1.5783200827732025
1.5124175004468212
1.4412036313309637
1.4176894251594063
1.4308111205476417
1.4647118976204756
1.5479290640381274
1.6131475700518234
1.7195293995286958
1.7760995582088672
1.8599153288293269
1.8786031814742408
1.9147390142601488
1.8861954005372628
1.8719601167037498
1.8030826239004718
1.7502030316315018
1.6556799757279759
1.580856914431768
1.4758850823234912
1.3943216750567433
1.2906814111451022
1.2132948263210594
1.118392923925514
1.0516105227136971
0.9692278163164336
0.915990739754853
0.8476218839084175
0.8086281833802401
0.7547590499464533
0.7294787931623067
0.6905233573084929
0.6778698875792806
0.6546780383803344
0.6533988271940544
0.647288342095666
0.6561919546558213
0.6684422435128706
0.6865423484467985
0.7173200247559666
0.7438675079806268
0.7907350411815106
0.824953147893142
0.8814848641653917
0.921731218477731
0.9772063960284926
1.0194970677351776
1.060781242495291
1.0973688894415599
1.1133929564425022
1.1332239031852893
1.12070532390141
1.1139605072676775
1.0810046767224475
1.0476514765042817
1.011619454146478
0.9683907411869312
0.9475294243829486
0.9232290099336122
0.9265529452569169
0.9409925128947826
0.9630341604942763
1.003722560516902
1.027382603458083
1.0533747818130836
1.0596944646771587
1.0429955354827016
1.025589471500341
0.988819018644104
0.9653004792959816
0.9575311527707863
0.9578838372752819
0.9863241902007118
1.0127846944127232
1.0304379569170845
1.0421943875686464
1.0229656996685803
0.9978510324604948
0.9790585612067471
0.9639478698083288
0.9774868041583561
1.0041539254350627