2.485236399201737
2.0881796283721363
1.9067249582735122
2.0996162077075673
2.045710886113817
1.9836531807490987
2.033547787326641
2.0419064462178613
2.040252328016384
1.9633467620577394
2.051121148287722
2.0839860571268063
1.9046873442604562
2.0568083770013756
2.095808819159857
1.9053339389939556
2.028819968468821
2.0596934726827016
1.9943579017595552
1.9613926148113516
1.9928900218396062
2.0928604744253465
1.931617501744192
1.9470563443309679
2.0470143560832206
2.012966637778327
1.960214271570305
1.9035159111474174
2.050020965508994
2.005790783570896
1.9351644441613092
1.9052001118690962
1.9826328173319554
2.0380307915743803
1.9232806677601957
1.895616096666994
1.903443975831754
2.025894806382593
1.9605188250855352
1.9051807764378539
1.8329264904219071
1.9319577041004903
1.9715614305981453
1.9708466815268106
1.851334969944626
1.8238865006676104
1.8523266081839915
1.953646233948096
1.9479673346806534
1.8949608873959072
1.7823087755197817
1.7840023694370244
1.8221534039917204
1.9276421961215542
1.9179643505772994
1.8826014237010742
1.7562102004649338
1.7235434997291266
1.7187748805548178
1.816616436442813
1.87700355650886
1.9035133266401503
1.8502357674888026
1.7420618784752087
1.667199264175136
1.608080858977396
1.658534508260007
1.7155230209363728
1.8176736143020793
1.86857948872231
1.8636047841705212
1.8210379852858447
1.7027920011329674
1.6111672624820408
1.5098113499460453
1.4607897894256296
1.4716119843907434
1.5052682788763594
1.6067331631474728
1.7002187349913005
1.7999953962786326
1.8993297082267142
1.9398944205111652
1.9738442699813308
1.9666678795582246
1.9087625543048572
1.852883447529967
1.7583304089525018
1.6439550684931323
1.5450066929677262
1.4235523950262132
1.3047149678492445
1.2082782314591296
1.1013976616392247
1.0053009161251347
0.9327289540695634
0.8558839906827724
0.7891372951220386
0.744921152903794
0.70034922818
0.6618084125937242
0.6445300143992687
0.6317281471172659
0.6206951857882671
0.6286065558342383
0.6475975535553331
0.6658414478440077
0.6971307674777147
0.7450179432718049
0.7924306272335575
0.8413211959365402
0.9040644458514526
0.9677731701818755
1.0181695111988458
1.0654013649687444
1.1108363209714354
1.1348691875492174
1.134265377442773
1.1233676137254338
1.100708800090863
1.0572824910398166
1.0044506613122635
0.9620672301949396
0.9350889933552132
0.9209058845232051
0.9246948042077651
0.9529081122982164
0.997514477707987
1.0375585156439673
1.0576106928419076
1.056754537877203
1.0389615636209826
1.0072533459055206
0.9712961219846196
0.949368685618997
0.9557793228061132
0.987714774491476
1.0249051217012277
1.0434682082784532
1.0332724659437884
1.0036969761003427
0.9752609894264865
0.966428978749815
0.9822671075686313
1.010198653760319
1.0283946973685316
1.0225222694456892
0.9978993445931889
0.9766392945188151
0.9788399393326458
1.002242014738153