1.7172089037055973
2.276583781537335
2.2258392271527514
2.122662415091297
2.290636585686176
2.1296545062115464
2.233467315220861
2.2006046927103258
2.1690480913804198
2.2104126112763933
2.2100668238430337
2.1210358018483517
2.2984282164220877
2.0715106738386093
2.265169713237553
2.1579424593495604
2.157014062273329
2.1986792293302058
2.1956485735333287
2.092636450379759
2.2662408604930664
2.103682238567104
2.1564841026907886
2.192099275301852
2.1504626662804727
2.0902895940133415
2.2195845889346346
2.126070821527461
2.0781966153097957
2.193915962366592
2.129862430726291
2.0795983181565196
2.1085160442995923
2.1893053123345463
2.0540644404402606
2.0582455804767097
2.163314255413413
2.097575891176201
2.0364452291943986
2.047452914626006
2.143291868091624
2.082766683781196
1.9695240622019057
2.0535486483227885
2.1076074963700266
2.0544672526733594
1.9734507792233438
1.9639252250310288
2.0764744230249272
2.0796820406348964
1.9505523351069025
1.9148940969902697
1.9737482006403368
2.0386342970492475
2.0360188075505845
1.9192917721370941
1.8394284147287445
1.9101581177988163
2.001254064663253
2.00369708775635
1.9341555040275817
1.8279865943600486
1.7720594308034747
1.840627447172236
1.952026320470776
1.9797908435708165
1.915840929356654
1.813303218157985
1.7129507407679698
1.6724367911330378
1.7340800378688364
1.851032411864992
1.931062881161894
1.933996582808189
1.873562802943596
1.7666154362763598
1.6347178102126125
1.526445572474803
1.490816765959479
1.5345274313032973
1.627027529321815
1.7384100425059152
1.8541509323181744
1.9594406037626135
2.029909352122629
2.0453585844421838
2.0054292439246786
1.9263018598379809
1.824577894159243
1.7074957532592503
1.5766042803480436
1.4361271549604362
1.2955468254129299
1.1651906707140554
1.0508225850709598
0.9523712661631756
0.8667830342261806
0.7916728921792143
0.7270013370128444
0.674435205681811
0.6357466732190908
0.611662544887606
0.6016894283623613
0.604631315233718
0.619253589072129
0.6447072836865411
0.6805882581450474
0.7266720793410884
0.7824266852392512
0.8464310386441494
0.915860446821711
0.9862229028458281
1.0515095123232854
1.1048420023657635
1.1395822771787327
1.150748185439512
1.1364782485193714
1.0992072583305932
1.0461545199019333
0.98871811473279
0.940487443866061
0.9139212482341402
0.9163118887950547
0.9463306518373548
0.9928814711126526
1.0377236801384917
1.0620396135479242
1.05499873963672
1.0203288517011528
0.9764370327183903
0.9479826902929457
0.9517832511915424
0.9850247992035827
1.024855478646444
1.0426299249360047
1.025149369960878
0.9868620570315231
0.9602918574047865
0.9687074275520624
1.0035382696780717
1.0301617930022027
1.0214714196366395
0.9876397614026294
0.9674376179420612
0.9848278298598993
1.0187460382096338
1.0269486922646032
1.0003488901787516
0.9771722804232719
0.9910289425447047
1.0210308131591934