3.5602841282389894
4.676052358014178
5.151721859876259
5.366961050038505
5.2026547922326225
5.023068993481456
5.053896362175761
5.060184996038269
4.946254800754161
4.994633289565313
5.137930188516669
5.0810259863746285
5.078721493471269
5.1728597794798326
5.076024841754505
5.091068288604402
5.118277187070491
5.022501641075692
5.09352175224661
5.011270449405043
5.0251594999703215
4.989935784836347
4.933339233254618
4.912541098508902
4.81645398238013
4.805973133376963
4.742218307763041
4.785275010781796
4.802909491165137
4.836954439177997
4.816713724623414
4.691522076641999
4.647477202827122
4.596638244685678
4.701700127194143
4.6899942114627144
4.543405267009231
4.50377261560143
4.545898879912843
4.558588724054791
4.442996160955214
4.3801978918811155
4.46315865185134
4.380451704465043
4.277051207559402
4.366674345793937
4.242641942370564
4.187395460210487
4.301927575050999
4.077276603386701
4.13791717543325
4.097438597026947
3.995115181036685
4.107642488094506
3.871123507301734
4.02185213177344
3.7656987342828785
3.9327840035324892
3.686042603098645
3.8678041863143573
3.6017825540097834
3.7979281956267035
3.5211938413625226
3.6785174297779486
3.501017817864222
3.4673423284731353
3.550442500723068
3.2548608824398864
3.469438582803098
3.295942596599689
3.129384566741494
3.365838873977029
3.11108396000315
2.9446784276461773
3.200363320772425
3.0476852882717127
2.718343001160947
2.881678844643991
3.08418527713053
2.800087775249983
2.462857083280206
2.573235823162457
2.8783287022725648
2.8686627905295605
2.4829201762524162
2.0949020128684004
2.044829522587219
2.3429576438185924
2.7444968843679387
2.979623116970361
2.952643824905353
2.7058424531032514
2.3002762213936947
1.851787014356783
1.4487206859722341
1.0981927578702195
0.8310171593147752
0.6410949821645617
0.5044358611807535
0.4300806961836743
0.39274285252609
0.3998376838982003
0.44454166840314874
0.5247918659308929
0.6466695398149634
0.7893986911733031
0.9566146527722076
1.097791189408963
1.204150588340065
1.2149716280099903
1.149010790322916
1.01107593095612
0.9019340253998751
0.8749887884359677
0.9653761516712683
1.0753576472514637
1.0926071982225625
1.0023655893155687
0.9185473164535563
0.9730412421416282
1.0638339090142777
1.032248591970047
0.9487340232163642
0.9803243592307023
1.0518832625978054
0.9970566664667531
0.9584649159610835
1.0332704258099785
1.0082416569467303
0.9649059348675441
1.0343332498686661
0.9907017261966398
0.9800713989844754
1.0347136845642666
0.9714793100171455
1.0198105782006273
0.9907741699056403
0.9942356666481036
1.012978912945831
0.985096633816874
1.0217905287404865
0.9813806100984378
1.0193789935774367
0.9807810542548014
1.0134675432207472
0.9864473579158776
1.003877800737516
0.9997107019402083
0.9894306096506126
1.0144847380567623
0.9811437946917855