4.26752203390949
3.958253070037238
3.9741826539588496
4.01764687614244
3.9976601338115936
3.892129631020104
3.8052599441498605
3.8675089061688253
4.037047200471862
4.104326832201114
3.994505280764415
3.91423757558156
4.004454730304933
4.06138992583996
3.9320639145249845
3.8628028730575097
3.9766021705716157
3.9659011661344543
3.827598485858119
3.897752291756424
3.9631836626345716
3.8199646962865783
3.8667841009145736
3.9408145186537973
3.786575168431218
3.8576554936129854
3.8638165900103405
3.7110676738821917
3.8259035689730183
3.6973833818975046
3.688098071676457
3.752915205070243
3.6223313830220785
3.7844399769543204
3.6246985193144723
3.719483158003087
3.5908122147306236
3.604898860919725
3.5772359592192817
3.575295549815521
3.5907165702738117
3.5216498073220865
3.50462719594378
3.472141340521938
3.4695792518626023
3.4892664383383143
3.3594500288241886
3.4551800845313925
3.2905998748384198
3.4595985080167857
3.2256442616940566
3.3335765096106464
3.3023099512767526
3.16660179008336
3.312189949725171
3.114696852522476
3.1757259232454897
3.200152856337161
2.998084556956842
3.1332731912397995
3.09956169138323
2.899110199767132
3.029086115841863
3.0536423741750958
2.799396753577477
2.855979906405856
3.023867567855953
2.7824376297246616
2.6455149101465465
2.8197652823539396
2.892915305421151
2.6366618537280093
2.464875270580568
2.6385029002454603
2.7934611622641636
2.660074555203845
2.3470806833751223
2.256541890469905
2.430727717519913
2.65944458660879
2.6532560757754955
2.390794304481726
2.0742491225950954
1.887485884289619
1.969421000907813
2.2062089570278527
2.5145541357111787
2.7238638652798
2.769948496209858
2.675370271344872
2.427670825485774
2.117995956319514
1.7967388717100379
1.4712493419903023
1.1932289616434577
0.9684926015951474
0.7788259384165244
0.6373931204127634
0.5427235933082675
0.47608714294488647
0.43734205251369734
0.4334989270443497
0.4583445029472216
0.5042487684774103
0.5760571842582746
0.6788152834598385
0.8017103114773731
0.9275354065577404
1.0471185177313949
1.1488511252125726
1.2067948498604912
1.1979545691196687
1.1259403395644947
1.020805489469612
0.9255586357884711
0.8829679645473835
0.9149082954861846
0.999993660036755
1.0767476184635167
1.0843213203467919
1.0168461085504312
0.9410092578772025
0.9385044976731529
1.0116439912663373
1.0669961455502794
1.02979883926939
0.9557251532658059
0.9586555109232354
1.0283812186044856
1.0383013022389664
0.9718252697630256
0.9623445332066835
1.026713844475602
1.0224250461686792
0.96338772959434
0.9924144274034812
1.032979099304939
0.9806823916214569
0.9797175794929951
1.0285989796993134
0.9850520574377516
0.9824611068020479
1.025399833295271
0.9792914253077258
0.9989387111014223
1.0184376323711843
0.9779307262284291
1.022148555418884
0.9939799883856627
0.997320358942638
1.0122157687395548