2.499362646508991
3.781424279622961
3.2353147103408726
3.2338383348629867
3.6117426285540306
3.2021001105530824
3.313512155782939
3.535046881811863
3.2063590637735286
3.3787962926065185
3.360047635805473
3.3652886227367476
3.320453699691123
3.2446983787030335
3.4735144075223143
3.2362969003746165
3.341321725462137
3.2322106914204487
3.4001917684088245
3.273479709296948
3.2770394333508936
3.2270602746835153
3.3017374734577083
3.28730318061424
3.2749337461267833
3.1908898347772934
3.2296094038119794
3.183794976622378
3.2950469863412573
3.1603183553249488
3.26939631701839
3.0686619864751323
3.216536244909855
3.071037135736303
3.183034181784178
3.1531310416223657
3.0903472786048636
3.196064756956648
2.997189571847776
3.1182824245733487
3.027086424008626
2.9570980542111975
3.094722553353126
2.91800125153208
2.9860407153430857
3.0480202569994113
2.8646507055892054
2.9838827718791334
2.9974343331835174
2.81253265729602
2.9303877166982004
2.9615335995596004
2.759994988952705
2.825175701970383
2.933786071520572
2.748114176509658
2.6774838038856132
2.843483377619179
2.8040485852201202
2.5903857974487425
2.613032309411097
2.7727442071956694
2.6940889567043884
2.473070257214788
2.466379630589956
2.643267261307474
2.670353711367002
2.4695649515749505
2.3126584821300624
2.3973000471042902
2.5827218924031294
2.60225192340439
2.39876763501721
2.1650856377830436
2.111800175063153
2.264980715714905
2.4690402536795664
2.53645176844848
2.3963150164752482
2.1305867832762195
1.8923535345125695
1.7986719863016334
1.8778608910647334
2.0768867908045117
2.3087681460957787
2.504519429858774
2.619939008353291
2.6174847109225094
2.4887268085090235
2.279010417160928
2.0398653883130273
1.7820646890954157
1.5144554768319067
1.273892439113245
1.076282891336284
0.9029218025451572
0.7549628849147234
0.6488025011514483
0.5707951405579138
0.507992061751498
0.47505646364723175
0.46791058462166873
0.4718973183378053
0.5018423423263308
0.5571823784918709
0.6214348359586117
0.7102415362984612
0.8168545623489145
0.9178801386922713
1.0268816513485444
1.1198785244224398
1.171941784217552
1.1985256033607448
1.1695863464061633
1.0983786578650414
1.0171827287490582
0.928498147052622
0.8904424971405731
0.9013699981433608
0.9616515390395884
1.043704235044522
1.0831274987737611
1.076543585087435
1.0050023590423796
0.9472855937715621
0.9328814280220643
0.9883363965921621
1.0472789233597712
1.0550344021650147
0.9998799928671005
0.9508750092528118
0.9689794172111281
1.0287062227254404
1.0428088855714646
0.993843065851231
0.9569402435773546
0.9982206615729912
1.0356818899868796
1.0115459523776171
0.9624077400104161
0.9972763343074071
1.0308611411974042
1.0001439412869262
0.9707365733142945
1.0100669205155368
1.0256298240328798
0.9749515475177457
0.9941663559172358
1.0262337904883563
0.9861064474966272
0.9889017518142503