3.7785687274816824
2.644148901169533
2.991762449233778
2.7537690622142668
2.912507811747037
2.8148899561905956
2.8449078672110963
2.877586599573047
2.7774281313264435
2.927331048682475
2.7404201062213103
2.9218518774908238
2.77663140698851
2.8317591077535
2.8837205747202357
2.705263327941137
2.963805501257034
2.6731024418567633
2.893022391205932
2.7970023887808497
2.7202899588817986
2.9076510574272088
2.6826580667637203
2.811347031987867
2.8117994467342986
2.686261425900796
2.8054291437190226
2.7627733579216556
2.6859209932479273
2.7636690877333474
2.758007025898609
2.6509113381687737
2.723816337348273
2.7652478645202123
2.607145699298455
2.671516650137738
2.773351196190211
2.5868086311980076
2.588095545783603
2.759003013069778
2.61969860060405
2.4971664215734535
2.6685214730875226
2.6858137322959603
2.4904901938039963
2.501501729590389
2.6505093728924516
2.598686109895325
2.442661668860837
2.4537324218028984
2.572432770153441
2.5693080058238276
2.431751991658123
2.355933050040756
2.441168797122482
2.543164301044457
2.482665563722195
2.312703839309623
2.2522747589702297
2.3749104370921494
2.5018879711235407
2.4444159174592914
2.2480543558463215
2.1249976173685914
2.1949386824112436
2.36282764866358
2.4420852675574216
2.3466215819577787
2.151967756742362
2.0046696492569245
1.9973297923310098
2.1147413329223226
2.265679314311183
2.3513077228071353
2.318619157467342
2.1770948615370536
1.9836134820231428
1.8118342283346647
1.7219102487825706
1.7411583908287502
1.8597972368153433
2.03979200629002
2.2307775291605463
2.3860569811477075
2.473545136170433
2.4797666455152476
2.4079205623814657
2.2725563451891286
2.0934950198219844
1.8908154031289301
1.6816787619513813
1.47894531572472
1.2911053052171553
1.122953659909298
0.9765411846540935
0.8521052836898616
0.7488372141590577
0.6654479461445967
0.6005504572966377
0.5528962182106465
0.5215029812749981
0.5057013122240204
0.505115528726641
0.5195843430529027
0.5490192824265956
0.5931961645427798
0.6514781146830716
0.7224798220121726
0.8037038118066946
0.8912108682806044
0.9794252096356204
1.0612112113393328
1.1283746327113573
1.1727115162839479
1.1876236213238882
1.170122691469418
1.1227721500986692
1.0548368659902458
0.9817731234004468
0.9223833896859842
0.8936406904997842
0.9043339862716374
0.9499462157945978
1.0118245275471653
1.0628636297783098
1.0791464430631574
1.0529782017122438
0.9997354049757903
0.9519260141184153
0.940443786454722
0.9728539757446718
1.0247389382107364
1.0549275139106795
1.0379050158340053
0.988300073182709
0.9519432340680725
0.9644171086125082
1.0132924331798772
1.0465486570481848
1.0272886826996919
0.9783780130658272
0.9592635021009448
0.9929315201891727
1.0333185002379783
1.0252167729302573
0.9828332956390025
0.9708176530768502
1.0054929402657837
1.027779902084148
1.0010691690381033
0.975298252739829