3.767616748023613
2.5707392850901023
2.4656683595278466
2.874170600308965
2.422664089515847
2.739305787496721
2.6145137346973653
2.567971066147838
2.664876105782938
2.6337917042879964
2.5521031061000405
2.666623713926137
2.6326344449734447
2.4848262540305006
2.7734344377353644
2.481290314866834
2.6113127851451012
2.6447249397421224
2.5662662775518332
2.5151458386469256
2.6988888082716116
2.515351387138028
2.5205400835552902
2.641082811098697
2.5710380763304252
2.452402308733382
2.6150328183478573
2.5842736110968456
2.465212651738246
2.4888941058417857
2.6411024488033052
2.4699242057470765
2.443609751667662
2.5076761656807696
2.608293438672989
2.3976924266759583
2.4195281996568396
2.507836816333687
2.5483200226999787
2.390463079914195
2.3389007602414273
2.49632442638108
2.4950795018749785
2.411777510847513
2.271273555917976
2.381398255548535
2.4906467180356153
2.416727894057319
2.3027967053617733
2.216132911485157
2.3544597435435235
2.4486675520648915
2.3688405285716856
2.2505175550201004
2.1413964764302973
2.228089454238743
2.3731586297095806
2.368481188612519
2.2817037146149532
2.1238487845598057
2.03810272660568
2.1407002719924337
2.262225102444472
2.321855521978449
2.2972947702417232
2.132522993008626
1.9649954100373541
1.9234947629381285
1.9655671451974037
2.081706359872661
2.2355653261338295
2.291533820391237
2.2221605033334706
2.0980862838943946
1.9319022764444562
1.7568140600294238
1.6685253064448002
1.6888747436394667
1.7685884879165121
1.899153401479306
2.077899304328354
2.242379973595598
2.340056789687404
2.3840205570078514
2.389738569171144
2.334484968916101
2.209796575496115
2.050683426477286
1.88927495293985
1.7225191351667604
1.5415412782234144
1.3610790615604358
1.2032537664264649
1.07088654233683
0.951728725470055
0.8403219458628989
0.7441192117712919
0.6707675926221759
0.6179476042653141
0.5773856462753874
0.5445871606131331
0.5222037708429468
0.5154083665527303
0.5259635468091596
0.5507806941664626
0.5851962669317808
0.627188663513919
0.6786338101249983
0.7425495161053492
0.81875401238653
0.9017547466364776
0.9826978630771485
1.05352552623556
1.1096086015243372
1.1489011870086883
1.1692538511369381
1.1672693468665687
1.1403666538521626
1.090480404552998
1.0262721917590218
0.9619996792298845
0.9135944540852582
0.8937946286585358
0.9079078520656146
0.9511815298045332
1.0087904569596773
1.0595547970461552
1.083447286622898
1.0706023981909722
1.0274160363935123
0.9754006610921792
0.9415281261014562
0.9437240817839946
0.979339280917841
1.0247660157300917
1.0490779391206415
1.035125569506999
0.993700483612919
0.9577722217195267
0.9572860835138776
0.9928159559068216
1.0323922427704078
1.039152981512117
1.0075676574776709
0.9715049497288737
0.9704085484254119
1.0052670327229718
1.034970974547783
1.023721831115018
0.986540890640255
0.9724804938895697