1.95845306575022
2.3123186320751583
2.6559134671406928
2.3276598749421744
2.3655903210383804
2.508482756094633
2.408998387348502
2.3880313311370216
2.3946811015889846
2.4799901876572052
2.41797859478789
2.285379840024887
2.5238178375419897
2.4543149112978284
2.228642266928719
2.4942444883648704
2.4692288523490635
2.2954762171682592
2.37828345790333
2.4184836305265978
2.460728499983828
2.2809004365363252
2.317326447813733
2.509940373505433
2.3440631353418344
2.2988940650792284
2.310189022866298
2.4418163323691404
2.4040604142641073
2.218500272721611
2.313190130375928
2.366897353566301
2.430777377896378
2.2455594960346517
2.2171246148436925
2.3150889648722073
2.387538856537288
2.349085335584289
2.173884147459407
2.2083267530921007
2.264915693783257
2.3983664579227972
2.2727212151584766
2.190562146857944
2.098726968892835
2.232017962881982
2.2972248028985622
2.3330303485856203
2.1761180534657045
2.0924740861257995
2.0516265521902146
2.18338475876629
2.2549934744650066
2.2971847229509694
2.1569318569817586
2.0569872160423484
1.9509071623743528
2.029622074386681
2.105316861717877
2.2426358581150097
2.2193014524504506
2.162655781595599
1.9976252833302877
1.8913011239344357
1.841874408772207
1.8893273305731881
2.014605483752865
2.111812655184998
2.211679107485359
2.170347300556261
2.1083844204232745
1.949373643409495
1.8027032306733897
1.690592362311185
1.6128821997204088
1.6480669878738663
1.700936124044169
1.8409707992424174
1.979570360917309
2.106958403613283
2.2418425948998277
2.288249096422181
2.326499413354848
2.305944742559865
2.2195713759782434
2.1402643980934166
1.9994275501218954
1.8500856320187065
1.71523220449181
1.5447319957213241
1.4011730057930738
1.2708812846216917
1.127158641863112
1.0197008161783623
0.9215641928556175
0.8206585846681929
0.7529433511879243
0.6919517587388808
0.6309193299561281
0.597737606277029
0.5714824307878049
0.5444998956506606
0.5412545006065689
0.5480284511382039
0.552485218371004
0.5770186178143902
0.6165309494620975
0.6519913734623448
0.7010507884125088
0.7687594809117779
0.8301682659198615
0.8918214441241009
0.9686347297625689
1.0359166194967078
1.0831854376544587
1.1304166993471167
1.1659415510652489
1.166515510916562
1.1480358028438655
1.1234879341729185
1.0772463891422943
1.0135441682793682
0.960592159949698
0.9272553782723313
0.9065065796982137
0.9051436105862695
0.9353569092764293
0.987345067968387
1.0342164362245558
1.0617227730003227
1.0717457932500731
1.0606673851240096
1.0228977801043704
0.9732560227345363
0.9412880655783742
0.9442083729647203
0.9751492418203529
1.0133257239934985
1.0402250376890267
1.0457727946384552
1.026563174131296
0.9905204166410001
0.9603730510316532
0.9593554051352938
0.9900959431301833
1.0288578156806871
1.04276413801078
1.0192897646936359
0.9800376099262105
0.9613533717374061
0.9802640791989364