3.4441508411079944
4.294629420321516
4.383199871231713
4.4753874485355585
4.5854258882707555
4.690964627502567
4.751775939987586
4.737123154443376
4.659412677669676
4.581209423892917
4.567626248721909
4.61285318354538
4.632543963856029
4.570402734677384
4.498391112927709
4.52886032927244
4.625359629128448
4.648957197733294
4.612218336870177
4.631341246959044
4.6268678413646604
4.492402810893296
4.418657514418898
4.500079673171458
4.5312836476797775
4.523523101285227
4.5003243262645976
4.355649527850786
4.369732085527556
4.487828081022859
4.4004087613103
4.318326708932348
4.286778488622207
4.3845734244912125
4.314592201843586
4.172041576414605
4.30459396542739
4.240918450001908
4.132779544208232
4.1843435721064735
4.193273718357618
4.012096581087498
4.175772328445516
4.009261370923777
4.009196346726555
4.060508763355366
3.868849489083648
4.036569172090658
3.807083265234383
3.9411050041380897
3.791255558388449
3.8189057738522356
3.7667071966681567
3.736423766094508
3.6760665491554847
3.7065882101595897
3.566753397378526
3.6546128336628683
3.4666101984050854
3.6278190731528848
3.346960524554401
3.5229426631935414
3.387706870238441
3.2889832506216763
3.4299001468529764
3.1482829239254624
3.2770481124152724
3.292660956084095
2.9884616970743196
3.1498500484362264
3.1744630954174964
2.8630761917718037
2.9552338538494918
3.1261464254785554
2.8422089153584995
2.6304319582497135
2.8473533202662447
2.965947327681934
2.669258464127492
2.3847280820458305
2.4981665923144356
2.789180050986884
2.819976563361924
2.4995445694392773
2.1152066235084686
1.9803196053644792
2.1683581889373293
2.5232793533997264
2.824183221639545
2.925535778668677
2.798767638835752
2.4994449970617625
2.113122290756639
1.7152283197772646
1.3543139438225125
1.0527365779501578
0.8152178267854439
0.6380216514750237
0.515091865170691
0.44043088929079166
0.40805404255444216
0.4119304939311573
0.4476957414984085
0.5150538599589319
0.6166535334981198
0.750753563957083
0.9030044853047893
1.0477281705225219
1.1586051572101994
1.2138794445598744
1.1938308749438873
1.0956230979915909
0.9644515069288706
0.8815743880510752
0.896127066526064
0.9873171039818942
1.0824884432933033
1.0895748798710065
0.9936205464550518
0.9216875938409854
0.969230550556068
1.0532872873771668
1.047997427711603
0.9614293851367347
0.9562895796115627
1.0436996025958019
1.0262898660283208
0.9573263308701999
0.9957744111259909
1.0426820072616532
0.9739152825197158
0.9855261435766268
1.037686133480828
0.9741416516820248
0.9979366318043247
1.025703038949672
0.9682409028737631
1.0240727850360025
0.9914768926250909
0.9943460629739346
1.0164303521988631
0.9780487340754538
1.0245903144506534
0.9755320478728498
1.023511783449083
0.9792906540870834
1.0177508920726712
0.9849175344844597
1.0151891031468305
0.9824259396549319
1.0205177971502961