4.69693491643582
3.4234906704097723
3.526087825281688
3.7682798310999734
3.6937502217466083
3.6231786738354415
3.6869412932190375
3.5858132221512906
3.543911045137277
3.7677201577668136
3.728828624516694
3.511473633663859
3.6107665522874437
3.610531379825488
3.535280340236716
3.724170711056479
3.6323263664476584
3.5609587105276024
3.6476337572848183
3.4593886486393672
3.5604532436189404
3.5313848853270002
3.487253452803572
3.6177973797173495
3.467473595314713
3.6226491195865647
3.4740782651471305
3.5668586098374657
3.4784264831032536
3.4975865375257844
3.469973081906099
3.4404303307787765
3.4485232173924762
3.401913672742364
3.4150529872769697
3.382565315464379
3.3681955576295852
3.3820267625431755
3.3065674037331885
3.392973608667505
3.2375938559674675
3.387467745583236
3.1882806337762823
3.316535788659248
3.1939850697917804
3.1645253810273877
3.2364951752137787
3.0407788458895646
3.200100412250373
3.1005671241180717
3.040157500040137
3.1947375118636967
2.9896263715082445
2.9994765637511396
3.092947314958602
2.876262418871993
2.929514501894398
3.061195086099721
2.8451051900562394
2.8000935405726737
2.9617376590983953
2.8370576045866565
2.6746341694623204
2.815691419579243
2.8760789248812784
2.6527646879986384
2.5517042766039126
2.7252620322016585
2.790678359241216
2.582400942252721
2.4019805298650283
2.4839317224589417
2.6662913254665424
2.665030800960467
2.4209259786900756
2.190607276804583
2.230178060993804
2.454493618309198
2.594973015407376
2.5396098899732875
2.2891768039374014
1.9884863781935331
1.853303624749828
1.9090395454054436
2.116300397505448
2.4025915220579352
2.602956432471014
2.70602009532374
2.655597316647072
2.481115599111125
2.2389236374485577
1.9350810805562861
1.6526520734459302
1.3652181152940377
1.135611655166899
0.9248867575444238
0.7720348925503909
0.6405477253921177
0.556274212216291
0.4889396709675691
0.4606572482025631
0.44545690659331605
0.4665023578283992
0.4991140537731138
0.5674744783348474
0.6461733037098512
0.7546192238644489
0.8671446044944943
0.9870288080880487
1.0942487510813597
1.1670636125115785
1.2056170393870829
1.1755327253587697
1.1128740569259195
1.0100528913770388
0.9233277700485785
0.8862893441785572
0.9058616413096394
0.9886639394823378
1.0664775363514019
1.0882420505455785
1.0484053476021302
0.9655520150093986
0.9254901372055663
0.9705547807009033
1.0395399176598263
1.0570114364301957
1.0070032172342445
0.9502935092704518
0.9691684959024641
1.0366638283594563
1.0406730954471486
0.974758242249515
0.9606819498571486
1.022686272735151
1.0359667095871656
0.9756009568315734
0.9728786769892888
1.0298848883273144
1.0138000163894816
0.9693584843392994
1.0068032911754987
1.0210113271468195
0.9752818269395113
1.002711723310622
1.025375101391033
0.976798450730204
1.0004940450169468
1.015065306932412
0.9767614169277928
1.0159611506078616