10.757364643590673
8.913835978612378
8.77182960368922
8.62672728290569
8.498855220434853
8.4557903435139
8.51559633042061
8.566654640446057
8.468380887743495
8.296973756918426
8.273139005714103
8.332989631196245
8.296319713726307
8.348625608842633
8.395454538976828
8.17605844834396
8.179781366352596
8.261622906065751
8.192375951645488
8.095187861540907
8.094044551008253
8.143139572803396
7.934487105682807
8.06840229667924
7.917345371564188
7.896576751055541
7.90795352870296
7.769089496148893
7.797914936161922
7.731155873710018
7.646516232984424
7.6398308762571165
7.5306712003227405
7.59512933204855
7.38300741596776
7.36798215691051
7.414784536649819
7.245435172595262
7.1931494748131595
7.227547205904872
7.110585787363182
6.937824610125042
6.8769448001520725
6.894123330241026
6.875988669786883
6.785072147159243
6.6565891756364985
6.533736554895083
6.435253565894259
6.3584044000044
6.2906408610988045
6.217284335088164
6.128262096720924
6.027911082856838
5.938558547743046
5.880974971458565
5.846384400102537
5.813140190582337
5.784491574620244
5.730534780183317
5.559544610441019
5.3399759018238555
5.288326485950035
5.345424518176045
5.263021860094723
4.998265787941815
4.937998558407271
5.045304275901509
4.720457659040538
4.686215369791486
4.736514447213867
4.377720588903356
4.563184945758411
4.223248890515442
4.323344048412011
4.057109678621088
4.127992742132538
3.8230290522015653
4.015007095413112
3.515105517444579
3.867703937959554
3.4551398624850425
3.309268859444611
3.6415903153054594
3.089969845823711
2.9060114825312215
3.3838697289654918
3.2122345306641487
2.4989727054038275
2.319282309475134
2.8356742004812463
3.365836717682433
3.388988974924897
2.912053865021332
2.2138425292266692
1.5454367630667782
1.0261881092938845
0.6732989935190973
0.4595444682888829
0.35140890346496684
0.32413417185931365
0.36390458319300456
0.4657838689121716
0.6290634715001121
0.8441723932702242
1.0696385356016826
1.2236716006152633
1.226887730915816
1.0792638117376667
0.9006571577845477
0.8735077044643793
1.0303499243538898
1.1135475867770201
0.9807089775571481
0.9215839204347095
1.0520873727892424
1.0332992774036376
0.9320263853228368
1.0513757271445665
0.9902496092518057
0.9790222941327043
1.039300939835054
0.9559285989185876
1.0456318509635896
0.9570694071513288
1.0402776165662213
0.9659530792490797
1.0276325964527784
0.9824616561000341
1.0017612821616335
1.0202419452503757
0.9702479915393901
1.0144358329578123
1.0124065809265856
0.9775373594088242
1.0036992528452655
1.023126122895541
0.9974285377183263
0.97848883722061
0.991507641103829
1.0117541664126966
1.0166693248623573
1.0073768271528942
0.9950901620153257
0.9872059797179918
0.9848300851533296
0.9858175593566244
0.9874884692739128
0.9878895662746221
0.9865804483505175
0.9851743939098846