7.263139114076506
5.683894359319017
5.236446665227314
5.732196042346381
5.63726428658195
5.362877666807686
5.58242208059983
5.547909440031588
5.630634447973997
5.4302534747412
5.429899203177604
5.509997509387807
5.55129656319188
5.558604898858541
5.458128671739156
5.394098242488091
5.3647340389958265
5.335858275803595
5.412761114249607
5.359229697698512
5.448832471060686
5.390839409275401
5.391753037555531
5.412746825287203
5.3286894673508565
5.3456286878817565
5.33860951866152
5.2583142179460385
5.249315192088761
5.2384518738109564
5.146081949253162
5.063366721099992
5.032689027183425
5.001311196757714
4.964380461975949
4.968781688537505
5.0102432917742705
5.012946825047158
4.923236749433877
4.799010982782379
4.758900016361988
4.812141662141126
4.807909120627005
4.673152672414464
4.596068301784267
4.685573673866247
4.675725762103628
4.497562507052952
4.513220526664932
4.578467080609326
4.380862624831149
4.387880421805109
4.440339653805293
4.215725686799341
4.323686664584713
4.207912884097383
4.110100960408406
4.189495936110864
3.9470766457556454
4.116248513772498
3.8484521407690444
4.037910066634516
3.7599340914047445
3.943423065865169
3.626773895155752
3.829669786663737
3.538971538617644
3.697287456868265
3.533134654326684
3.4165833057688273
3.582757805931021
3.2351023293886194
3.394555570651152
3.3529348505533294
3.031295968361264
3.254617686860095
3.2227767722336638
2.840412786054502
2.9398278059991205
3.1731584154648926
2.8689303651246654
2.5106382321969165
2.6976035275470114
2.9922479062225222
2.8793179848509998
2.3958679660047126
2.0796750992627477
2.18433678465612
2.593582934430945
2.958858817546452
3.081666024640688
2.879972090758059
2.4937211400647765
2.0063681329678564
1.544679950130267
1.159833510526286
0.8527712518097813
0.6412911013446804
0.4994842423939159
0.4119882106071932
0.38035579544233444
0.3927755829914998
0.4423830306214103
0.5369319072054364
0.6748614930649732
0.836788965119156
1.0038579138868318
1.1503292451045215
1.2277478910803443
1.1979930406954198
1.0768920573534217
0.9360178391792333
0.8701922238390317
0.9304212311244047
1.0545828252973568
1.1020642809958912
1.0150248154431252
0.9199451174382036
0.964621640518996
1.0654728743497268
1.0319563397745821
0.9434625387396043
0.9987218241372432
1.0570620668899546
0.9732574674961784
0.9802447777869263
1.0486433814879754
0.9743107197837304
0.9973178740843531
1.0334382764032657
0.9655540643235255
1.0313133448980631
0.9865545368966574
1.0006532765219358
1.008319482696809
0.9816798484672763
1.0179928830094513
0.9799694198195211
1.0220063406096809
0.9841380548903826
1.0142041408823304
0.9888883428052968
1.0010432128135083
1.008695103896076
0.9864590166366837
1.0180696054901646
0.981737266639969
1.0085190527197978
1.0085278459696967
0.9809761194014738
1.013018524021449