9.820099893864374
7.881959917517461
7.675274082130292
7.564127003673184
7.563076217023738
7.671170620164339
7.7860375520349905
7.768554491204837
7.654931131145999
7.670710184823536
7.819509922778291
7.7806934887831645
7.609115354287106
7.6503335420947804
7.615253585660399
7.501395345001523
7.677342723951759
7.551192710567261
7.483109657248577
7.502106898069138
7.451671676102413
7.484816618446091
7.31275617200664
7.440486497878936
7.287244640461945
7.279518477167841
7.307878263751222
7.116404422557787
7.267989332020699
7.0639514909644
7.069449341730193
7.08587720445178
6.983217492433022
6.852030226835125
6.960749755632715
6.875583784524489
6.750184403732308
6.66667723522578
6.648998671370432
6.700293584427184
6.638538818160564
6.509263751324156
6.419617379605495
6.331945660425773
6.230166258637292
6.156078923911081
6.113037879052745
6.065691748633539
5.9940745584742015
5.906321030433076
5.819787808009723
5.7485085333814006
5.702708338901803
5.686678889829744
5.686597121847321
5.658852304125154
5.550181128747615
5.367850418376753
5.228937708229854
5.241111516042291
5.277701230549555
5.105950055230145
4.892940199797366
4.965431763450279
4.957310988442712
4.668181026103201
4.7318369815751735
4.671418167763265
4.385037563186395
4.584052276319068
4.242741210969782
4.351894038437665
4.109171680900078
4.161220084696344
3.9331943532455
4.016929167574435
3.684706517656656
3.933020059821668
3.4468507324519058
3.6896444362488
3.5216314438622534
3.1447107276081145
3.52103931074269
3.2697774884384945
2.779245130105336
3.0931671231093123
3.336132832286457
2.8028993513238745
2.275517880456395
2.414330316991221
2.983869524070481
3.366301683034377
3.236589664411297
2.7118924355414076
2.0560209294052956
1.4534571822541194
0.9845217657019185
0.6622426137272226
0.465090266408917
0.36322473944897815
0.3343507017210825
0.3675625131870254
0.4600365016379431
0.6102629872890301
0.8078826338887765
1.0210099524333784
1.189079572070242
1.238667607500003
1.1363155985350768
0.953700094578859
0.8572832600017054
0.9494439400891084
1.0958130655111826
1.0651570110565243
0.9261497815870723
0.9666872707734847
1.0801726775033347
0.9851901487585765
0.9544900738060982
1.0585165288561176
0.9661297861290391
1.0001729475719279
1.0299324091662148
0.9594462460771238
1.0412862679436004
0.9618933582905117
1.038303852909618
0.9625060498874386
1.0362649200108223
0.9696341353811944
1.020785117236273
0.9951133481072263
0.9868290704656504
1.0270090228855817
0.975801535920252
1.0036290159382035
1.0186882535299076
0.9853295521034829
0.9874098885465333
1.020246288113337
1.0087647549306746
0.9840722745354158
0.9870210136217998
1.0030279470191332
1.017013525630483
1.014479211875893
0.9999667792148649
0.9903779125065677
0.987709930772918
0.9861903387826445
0.9856609928485852