10.769293226357707
11.95709091554882
11.89789548043985
11.825523742943181
12.014320838636044
11.940973682817845
11.733559206266515
11.89949741515284
11.73231265484734
11.794283789774603
11.757107879368364
11.74662971790158
11.672753591577356
11.658155109351615
11.450656842139605
11.571064815490555
11.482639458440863
11.424124220754024
11.425684862648168
11.339151115948678
11.242450929678453
11.156888653341072
11.230117098654345
11.16946728883995
11.058086472094177
10.963016207828378
10.837643276669585
10.759277441005251
10.687204982410174
10.575758859484008
10.555810508495936
10.457866806160375
10.408802011976654
10.4083435676715
10.316854317918414
10.13625929326957
9.966024312047539
9.918206555607732
9.941746026059878
9.791981849829105
9.579832590656167
9.59817364497751
9.438050024559997
9.272804945749193
9.289214981652666
9.026790873104137
9.08555868659262
8.808942731762205
8.851907454247296
8.58752099119022
8.511419869109783
8.44916188892779
8.194475779659511
8.18302507490356
8.092997414334144
7.8459988491454675
7.6874562615396975
7.641324494147467
7.615642665804363
7.450553582862041
7.268981306666257
7.060732043915548
6.901481872506072
6.730230429359692
6.608509021588109
6.460485903133595
6.357221884107029
6.286984085092365
6.216703049511862
6.135794972024483
5.95094007892274
5.641494191318086
5.435262086720003
5.49656259710198
5.425296263312264
5.003744884018868
5.000360571791684
5.021923432604796
4.521663749155053
4.7742083466766205
4.278090415345741
4.4398906335343815
3.977821912367825
4.230306756302835
3.563081494772871
4.039679035198891
3.4484114183722263
3.227287992770168
3.762551388797237
3.15167478122645
2.465000877014821
2.914291679628389
3.6493067720871983
3.632164547814042
2.918915724575805
1.9907243849457597
1.2322072184858204
0.7240833443923959
0.44394359929765204
0.31172841040762866
0.28931795837876273
0.35618503666765583
0.5035236766528414
0.7331731844587789
1.00617713731514
1.2156982530467841
1.2401814691808
1.054763418258908
0.863576742231438
0.93258352524579
1.112350388011591
1.0199674525721152
0.9084681409591231
1.0662727374015466
0.9915621938604668
0.9672353085458963
1.0500132767401307
0.9454317330543188
1.0496999744050826
0.9540215090913783
1.0354217411298785
0.985252699465494
0.9926751536884126
1.0321947524284698
0.9665665548369432
1.0000950862265563
1.032382737280962
0.9905554621715078
0.9729579036524859
0.9971103355470065
1.0200779687619552
1.0246926510913907
1.009234710168064
0.9995420879047799
0.9883959354261239
0.9878219764752908
0.9858036615551553
0.9882122286676137
0.9951755659034434
1.0007471418327218
1.0110790138338843
1.0174689517619022
1.0081669086419027
0.989984683530114
0.9861858818054846
1.005614293380045
1.0131411264248125
0.992017655905752
0.9973305381090433
1.0114886941128636
0.9891349647770097