8.096987127959233
7.030013165765875
7.103573365342706
7.139422411827313
7.040317430155629
7.215464130779327
7.29636917053197
7.042862588410103
7.112956446263306
7.058498719826004
6.949173902259151
7.0873093891990075
6.913449035025472
7.064995375370722
6.89623094003502
7.0227487860845486
6.852129602962533
6.979988422485102
6.811479031673988
6.932194900680457
6.84957935599896
6.845408347241252
6.917706013867716
6.734148980442493
6.743843493233447
6.7474291811138825
6.623742042345453
6.65153341248386
6.689185117422566
6.562409513033617
6.46604644341094
6.480686805494255
6.482249316937815
6.47338591475665
6.406077635553809
6.251123135673051
6.205489951699673
6.165562496434572
6.132245701470161
6.150539480997573
6.088201610963261
6.093134628290222
6.008933578657958
5.995143218213921
5.8990072429457925
5.863226428674523
5.757794170954151
5.674788891453457
5.580823107003943
5.465852485364483
5.441043189216645
5.427048617083156
5.434375273181422
5.418209374739833
5.26127891273408
5.07786583767919
5.0727410370801875
5.155682727116502
5.028640893583086
4.7982829368312006
4.843835196219616
4.871003986838933
4.609002066402875
4.654368795489041
4.642164157237906
4.3573468384359755
4.5234981644048275
4.240887636105542
4.2904090975410885
4.1641187649064255
4.08114138257698
4.035979322004648
3.9352610460271404
3.834864559229737
3.8704947665342604
3.563638370904451
3.833571811692564
3.3769638628326506
3.535276558727448
3.5205888419812577
3.04944168832963
3.333150290481006
3.356448465565063
2.805055272035797
2.830163078653549
3.23280972459826
3.055498699435388
2.4358950903092227
2.1968941239272866
2.5755756094906084
3.098996206615442
3.2967880086867
3.0678840845921505
2.52286647950324
1.9169008486483636
1.3631649020338568
0.9477770480713443
0.6541694869410467
0.47530550032406454
0.3741846799939604
0.34616326378366896
0.3690072999896148
0.4539425254896932
0.5875127508179483
0.7705239641106358
0.9773099632074189
1.1501283176060415
1.2413246763514216
1.1859594963727798
1.023459545001431
0.8832644803551536
0.8902364193478252
1.0310177271343082
1.110542585124961
1.00633579015776
0.9138035391814333
1.0115956329245968
1.067949392510601
0.9552665017542504
0.982480137773386
1.059353089033165
0.9567347976550451
1.0074547721375393
1.0211012033027735
0.9594354503053741
1.0405766832412118
0.9600000746933286
1.0327011675467554
0.9687283890186287
1.0273806498684737
0.969392068577865
1.028079852138892
0.9691196652791603
1.0224183888263487
0.9880834731588276
0.9960516419242478
1.0225581872516734
0.9789124882536708
1.005363551367694
1.0142394801255397
0.981354691047808
0.9970732434748761
1.0199420900964304
0.9999888273257326
0.9822595987337344
0.9953923274882889
1.011907673740545
1.013872836266012
1.0029866309415478
0.9872047738239051
0.985808760489066