26.69340750400229
22.856572722776498
23.670936443403225
23.07361607987909
23.195315337058897
23.39868544937576
23.163226516437806
23.085144747925117
23.107320541964267
23.052614386095062
22.942208754777617
22.836941051743413
22.765844907945283
22.73444302313355
22.709691892947582
22.607084129001343
22.399649847904875
22.22225650379192
22.110460156265148
22.027526771982007
21.92851570115637
21.63270950092678
21.696990550837736
21.30538986663211
21.36379279354483
21.046390104804967
20.891191029202673
20.79696889163008
20.517256270461832
20.337442880669272
20.22111729419107
20.04650963729345
19.82115809419053
19.590738986503094
19.376275747666437
19.17278927960894
18.956109109014857
18.701702454515768
18.41411656526897
18.11365195363034
17.87312721699657
17.752282288585313
17.38836907028993
17.13908822401988
16.954371669231787
16.594155135933843
16.395691101150025
16.127847462729626
15.772542812980786
15.63174366034479
15.282368965254959
14.91113065263762
14.680038027523995
14.485034422976064
14.24783436718633
13.97250801384009
13.67950674518752
13.374236549087827
13.047995634332473
12.688723961244925
12.317308391689961
12.052851186561401
11.924354308888736
11.537406548083608
11.126252700494407
11.068723725576069
10.511825159185635
10.472883506382175
9.923776253347944
9.868777365054891
9.435039864854792
9.061757551468476
8.995383907337144
8.71884497456336
8.265066204839748
7.860739872599359
7.5452165580349275
7.263179677386376
6.974748287517439
6.681323762455354
6.4356168679791645
6.324050370038644
6.284632629214011
5.908326794034093
5.234674952650051
5.339981608090927
5.148826548620082
4.431016599051419
4.850583512911735
3.847999583488774
4.259049664939974
3.894210246789697
2.8271918394574302
3.7988053917712103
4.331029865894741
3.3128707054361874
1.9003741358129456
0.9206386717459117
0.43052073791641843
0.24828604600255322
0.24229571720253637
0.36795855186699855
0.6255746400999732
0.9802229537285133
1.2574077237143608
1.1969006996990996
0.8934474627868004
0.9190586060719165
1.1307884772963808
0.9247443574346449
1.0361370923189628
0.9836566471794138
1.0282618794661758
0.9521855459659925
1.0624405170055027
0.9691423844972206
0.969590239834724
1.0356324076007306
1.033092342244777
0.9968048475629553
0.9739914643421363
0.967717039288559
0.9680546959153574
0.9710398246566131
0.9801005630932372
0.999525527948587
1.02061715252913
1.0174807331704692
0.9873492768897975
0.9878399390799056
1.0193914976696135
0.9872044913960103
1.0061847236220824
0.9959911510901808
1.0071832664318008
0.987293861439117
1.0152096595694935
0.9930262473757857
0.9916347776360916
1.0097539922646572
1.0097164577304312
0.9987762833562687
0.9910220029677407
0.9884019550014513
0.9884174754657723
0.9900786379933677
0.9942724210546651
1.0013231705968035
1.0077806618590646
1.0061939013855896
0.9946950152279088