22.23460088190626
19.99394389150242
19.784927700259573
19.579184788440703
19.50417540452765
19.574005490428114
19.525748757455453
19.457221279848934
19.656738088722566
19.419749350975884
19.30748221109652
19.423712423735783
19.2255755452524
19.17561117459743
19.159630225294443
19.024607944099156
18.85931153904439
18.969205618984173
18.720664394176875
18.611920900417058
18.57741593608863
18.398915033073575
18.19798336691084
18.063541677491436
17.964292299275733
17.86132009029131
17.748544219324497
17.627500636695835
17.472406677455318
17.254440145393524
17.056001756921827
16.999846438100327
16.914032347421237
16.65742547772797
16.428517991188293
16.324139136910407
16.152853235846734
15.867745968402724
15.807118757812935
15.501960562442214
15.367251729097314
15.149411328247462
14.899218738388347
14.825530943615247
14.52689886466
14.20950654152911
14.044590814322666
13.912737617301724
13.725678103479511
13.497452354361016
13.265885399739041
13.050769185956213
12.844244840510605
12.61317878201327
12.333332236969001
12.020726137630138
11.715820735670944
11.54380082380415
11.441769947677386
11.017219721134927
10.8273362360346
10.671213814500476
10.265187753587481
10.214892615865038
9.762859353529198
9.695049244902908
9.402633448933338
9.004331840414356
8.967876055187165
8.73020996325966
8.310634506930173
8.00839058348199
7.834319168019848
7.67831424333291
7.486396230967419
7.256059788809403
6.991611061064304
6.682287365834002
6.3219077463311395
6.003049073295628
5.929616792062556
5.972362603600839
5.531857584175321
5.024810855225817
5.287546795790692
4.695058154074703
4.6145656327739575
4.367654278237117
4.241747471396408
3.6311622490407003
4.270439250514211
3.1147012245910446
2.926163074540471
3.991451450731338
4.043733691113554
2.9379191362412085
1.6969976854662878
0.860841198117951
0.43086422497728677
0.2617076443862985
0.250865106720276
0.36219706379011274
0.5932839147712028
0.9168436650220403
1.2084008739960104
1.2503563151035695
0.9896851786340723
0.8470242886726199
1.078234915090255
1.0482909833451606
0.9128661677675634
1.0892119879489102
0.925301711891288
1.071725818521119
0.9362323672776208
1.0453657531581173
0.9989852642596728
0.9603669232784162
1.0320725406047024
1.028237810894135
0.9797904093737704
0.9629963859485839
0.9750292606204377
0.9909452387395628
1.0000951141906727
1.001868316244618
0.9966263174607874
0.9849571256028061
0.9755285433842515
0.9857348223800646
1.0122351061433992
1.0164850345344385
0.9890116553741122
0.9915468169308705
1.0178778683160568
0.9829759274085768
1.014005896816259
0.9880324564974767
1.0118668634368782
0.9873212092888712
1.012131113394926
0.9969839988871864
0.9881949460098955
1.0075029843210423
1.0108783715662915
0.9993044397333127
0.9912778960704659
0.9903189581535935
0.9918132779403469
0.9923070391383458
0.9913472480526676