11.384472667506476
13.58488850007967
14.04797972833986
14.200071735692964
14.02210418514422
14.094172993085715
14.15423486592775
13.962066339143268
14.072300237473977
13.869508845721077
13.883890451218727
13.674674041047709
13.765416248377523
13.715731850333023
13.766136805849317
13.619192569695711
13.472240357603617
13.576160483635954
13.443950402659073
13.397538425550376
13.318297757828597
13.14933864278142
13.17863619462954
13.031642411865885
13.004166054726143
12.949105919775583
12.749866949949453
12.778198307189665
12.636264877934307
12.430044722312136
12.39612916308649
12.401885246268478
12.302685847662922
12.106127315738405
11.915150343390572
11.812152138264961
11.701219747791963
11.54285070804087
11.457356401544931
11.303429751009983
11.201139322668947
11.104212855241393
11.050064762078392
10.93248160822319
10.759410090134148
10.489898426770974
10.433538267339578
10.400307592651153
10.088873029025669
9.982495884838615
9.928589527838877
9.63726562199297
9.654444532045973
9.304734439977382
9.327973691198075
8.997119723203738
8.952856708914684
8.797455396725512
8.497605899555168
8.49805357999278
8.364003881465827
8.05491629040359
7.864359934315433
7.794260119116412
7.711876664296513
7.5756546592346
7.384935342010295
7.168410114070473
6.997745807991162
6.838339034522722
6.694608088524083
6.580780804055065
6.402836214512938
6.155040933561925
5.806424908484356
5.595557120970326
5.658707940586627
5.5658960821305685
5.081554889138687
5.04846954853389
5.07896838874116
4.481056817794715
4.796808117034367
4.157806250160507
4.485880214072113
3.7511122125259635
4.254000235395969
3.447741065303114
3.5489677794555337
3.8751511678676165
2.8812245634603375
2.649150600190674
3.496002328601883
3.8909380798374915
3.306038430623239
2.2746166518589095
1.359337975731883
0.763472294785058
0.4367563522910649
0.29341764341173593
0.27668880795649414
0.35380425818435696
0.5319634981956796
0.7902265759704752
1.0828345826895784
1.2562867362798
1.1882592361319657
0.9360559438382692
0.8616552842483197
1.066307466246205
1.079976684954846
0.9040749966866244
1.047087140507533
1.013003186065298
0.9616849228473254
1.0462789849569702
0.9549371602207105
1.0344451206923273
0.9850381345347923
0.9890907509311634
1.037548561706841
0.9630690124384313
0.9988484217496774
1.0334406732483477
0.9925996617136926
0.9690326370354958
0.9900414673211462
1.0156388082595251
1.024333394114546
1.0240557345858807
1.0198727476934073
1.0134588901495902
1.0156190221860792
1.0171568352455171
1.0193423421857961
1.017336501368396
1.0044419217792373
0.9875823023705239
0.9859455295647852
1.0036328046340361
1.0153924031187944
0.9914615781557935
0.9924901565676406
1.013434607642022
0.9895261932576707
1.008025353269081
0.9957896359226486
1.0011954520364705
0.9952695941170099
1.005475217436828
0.9894442609646418