17.527580434577953
18.10522872897474
17.994729052559215
17.87810188704005
18.067107318829116
18.098021924794015
17.833130999176777
17.971072563655856
17.78630563859211
17.914806993554205
17.82970975909839
17.88545011714771
17.565872172827763
17.704858933333515
17.664186423870298
17.378953846908917
17.43786093747899
17.354716267779228
17.377260411961444
17.156120458657696
17.0858976085768
16.934108273935593
16.782437796837677
16.741636752085906
16.66279088340805
16.543038073521956
16.41785718049427
16.24289244740269
16.036500904021437
15.950552542638425
15.918048481628075
15.65599195652224
15.507004553319266
15.422062906720887
15.126426399635925
15.124853635276574
14.848874007370778
14.788106603805415
14.545625426744811
14.315397666329897
14.28746359847726
14.039271272448438
13.788089529478487
13.57249633288403
13.496592670771287
13.322187591550755
13.174064292060109
12.968103225264528
12.750223447204936
12.575414934152178
12.368406424548755
12.100127038230548
11.797358970535692
11.542404574332682
11.430430366223671
11.320295539525004
10.966854108758923
10.736997323001214
10.668557124755422
10.241853857054636
10.223246806525099
9.819658747723635
9.816008462989911
9.36002799525611
9.30911273220258
9.075002752040666
8.67721237412255
8.59066787355533
8.494891858425396
8.172751590973927
7.833503135880692
7.537866647983031
7.3043732261309025
7.095355999670461
6.851818074165601
6.611395214583883
6.40704436202478
6.282528166591867
6.244793096967798
6.099365942123373
5.620724345048435
5.251061642990703
5.443761590468299
5.030947218136082
4.650253783512355
4.885120163207499
4.091945734944072
4.5322628553424495
3.7290203820529637
3.810132168086122
4.0293554207753655
2.826112542852567
3.056365138080032
4.028831867427105
3.8698158983711095
2.757288595457335
1.604228765343515
0.8298620118301795
0.4313080478136086
0.27048587653021644
0.2566430139459152
0.3587600892902209
0.5759556946955552
0.8865223670233827
1.1825330318963891
1.2627984325095447
1.0399660332171201
0.8412781741200855
1.0159153764925866
1.102821775777004
0.9011127207606018
1.0576675498411257
0.9762278746360356
1.0149528108395358
0.9841744743032269
1.036212793706075
0.9478297450332955
1.045563025995687
1.0010301532480548
0.9579295811842682
1.0121078412218572
1.035576977280925
1.0166519275524135
0.9858637172043812
0.9751176598358615
0.9722345340114059
0.9718717504279096
0.9759001932245852
0.9798849052957911
0.9885859466251058
1.0061364525809038
1.0200328222012398
1.0082196995448387
0.983702322293924
0.9977702795335609
1.0176907711743866
0.9869194502298524
1.0058891466848041
0.9991971957600916
0.9967598334615438
1.000318456453284
1.0055179764897841
0.9898378408391054
1.0112713810427767
0.9971030139952756
0.9899149828248406
1.0063761128556523
1.0105573970641246
1.000584896500737
0.9927802978420583
0.9908270311941275