23.688598063603347
25.51784515835336
25.697194471214175
25.36461700341585
25.246081256431925
25.421883635916693
25.168840082735198
25.37099166008464
25.084402042905435
25.013722819848724
24.978317413248377
24.85203931573747
24.727576572820436
24.69994637922491
24.7135259548418
24.48894403738736
24.423871732774465
24.253105051977183
24.100294801139764
24.045887706194126
23.834639496257118
23.52937438247571
23.324979929134447
23.29871441935529
23.114780511312162
22.82694255019901
22.781521161735952
22.402033003748457
22.340933886631028
21.98399978760962
21.892635403268887
21.716561089785525
21.311131391348535
21.112559251904447
20.95965166001046
20.738106173799363
20.515646911660628
20.237564413543563
19.968783338650354
19.742442944926026
19.42134602229625
19.05958559225776
18.724154609325232
18.52508690108887
18.343599577231256
17.902419132863653
17.676159849901833
17.393139915044504
17.042769313869165
16.758013481477327
16.479220550317926
16.027683930722155
15.886823092441187
15.59032209496443
15.140169047658977
14.79123661725105
14.46704996910767
14.209906257568685
13.879392323611366
13.553820106938547
13.197915586022493
12.831368412500888
12.577384260760772
12.408989938850581
12.048636036359158
11.545334300972499
11.423224373812253
11.007945069429091
10.683898954347043
10.387442872001026
10.093915130580577
9.600781891678517
9.554025100496078
9.124063087107448
8.616155894244688
8.3958791186971
8.246829882456899
8.019264697814238
7.744241487519054
7.454049626243668
7.1373639929496875
6.768030393773738
6.263503340512724
5.791931975792008
5.765929853394971
5.779341160034113
4.943789238137476
4.999119166059718
4.714536363179978
4.299118930849078
4.072503542084163
4.2875579011582
2.910528022739563
3.65291315165463
4.43539990763173
3.5107766770369935
2.0113020464956075
0.955341825142812
0.4299898142352488
0.23981405605090853
0.23838410833774945
0.37252909026158126
0.6439741340849376
1.012261955899049
1.2728273398112584
1.160384958567379
0.8593921107483921
0.97041833288215
1.1145772638240345
0.8951680240350497
1.0860849184174997
0.9244934954606067
1.073391436546116
0.9469772238465322
1.0074544188676768
1.047350865451662
0.9780524288148692
0.957768621411777
0.9861499560591621
1.0159917583086282
1.0245510462945504
1.026641218185215
1.0210092134773427
1.0049881207663345
0.9854722860213996
0.976099088642305
0.9992651818843657
1.0223663816436075
0.9886356101996235
0.9922191078702904
1.0138162352311548
0.9827173495040161
1.0152177483831115
0.9906938389321424
1.00090605969804
1.0121567778414668
0.987928356591305
0.9921870201504638
1.006476117979367
1.0137587348157875
1.0096877879461519
1.0075566638887636
1.0048381298823486
1.0088486642771124
1.010738086166676
1.007599267129442
0.9980300104887778
0.9910529510606807
1.0032947496711282
1.0078520518056113
0.9919253954229893