10.731614414970675
12.604223796729391
12.681413160178597
12.735931235154352
12.814045223315619
12.900305780751829
12.925375561035509
12.84205494897286
12.742987612443823
12.757904728935571
12.772646133741066
12.677683945187798
12.670459980390367
12.630966460646551
12.56309094981821
12.5572134509579
12.453932444548045
12.459486250199193
12.35067879499788
12.317376539328865
12.282260465039053
12.125366526690206
12.169054450891036
12.068104440300795
11.898134818782781
11.8951587595373
11.89713921165917
11.772579528850793
11.60063834932902
11.471492985216193
11.391811417345094
11.329436612763496
11.259147687850893
11.170839540377875
11.062057276884094
10.933416991549883
10.792578402878803
10.663927498715157
10.586625274388776
10.569988209790147
10.52452051851112
10.327594031937544
10.090965235694162
10.072984066964242
10.030732248294724
9.732659828434464
9.721144626963872
9.587164751268107
9.37412391357284
9.369185863813069
9.09485846060691
9.085344412056708
8.866910305876084
8.724866044851046
8.693418195633987
8.388150110974154
8.3236606877046
8.27542670741783
8.0175147398289
7.7959878454988925
7.717186393714176
7.663842727994552
7.547817416005297
7.376227327385282
7.187433615586968
7.006966420924776
6.84444760306
6.70318878395418
6.58446126049209
6.4805715145051686
6.358774917066334
6.159554326795788
5.861384941674421
5.598992816222511
5.577727638082931
5.61556838400857
5.257843272573517
4.969875827069881
5.165089344386861
4.720703140390312
4.638642513440102
4.615742358804684
4.19295157461073
4.358972042848366
3.9224411534932337
3.8812312309927903
3.9539484790657067
3.1815642835913542
3.730668571522996
3.553018105535418
2.602822029384266
2.764137547906884
3.5992199679821746
3.782346614660721
3.10804442603663
2.125622064484444
1.2906591767949724
0.7414748000868695
0.4375013532608536
0.3019329774807468
0.2812645258435116
0.35343510652579
0.515956224348627
0.7619160393370027
1.0433156136981707
1.242796288347956
1.2217338993258502
0.9949417706835281
0.8471672779355379
0.9972430488963797
1.1213437469316092
0.9475076092262189
0.9632104335083147
1.080223486763261
0.9292267154509548
1.0531914889441316
0.9641934149134623
1.032184079138147
0.9661197538702545
1.042194180917479
0.956343727375185
1.0314338318441996
1.0016662407322554
0.9684679153730987
1.022838972750525
1.0204382789878121
0.9797738932347605
0.9763553231589026
1.0015466987623336
1.0203436112708817
1.0229771226830395
1.01704350305187
1.0105529147178534
1.0070126304668707
1.0070384037676057
1.0101076488673222
1.0146508504987042
1.0170775340635236
1.0120693444942896
0.9978730380804937
0.9852348903052336
0.9924353497895229
1.0122715071834891
1.00631642639828
0.9862081057975949
1.0049850835009098
1.0065566595521267
0.987848996949251
1.0127157271725458
0.9888015827814534
1.0102201855116018