17.77672489441823
15.196763826111
15.118837177141906
15.498290914278655
15.128636664918334
15.132760303097363
15.248201846634931
15.197962987574861
15.291265125684781
15.145957953858167
14.978306772795042
14.97212545525475
14.985115305774457
14.937682017474893
14.872242672903786
14.827986198672875
14.787244660573176
14.693251554865704
14.53281963337495
14.426841500148543
14.470233506808762
14.436287798641224
14.247071571552251
14.264601716748066
14.111640092494932
13.934984617634573
13.972241076211509
13.779023942334646
13.704973542331855
13.600355839153647
13.429862591927753
13.423334096283511
13.212719528773516
13.047781472487998
13.044989006275525
12.931311745453966
12.686966938913054
12.537522726777159
12.38176654315753
12.24041293956023
12.140441561335908
12.02125879042297
11.856261192595376
11.665408785763425
11.476360586989625
11.320987076983382
11.226780413119483
11.154395580607117
10.973767490991191
10.685496793856561
10.56597251583763
10.533335467585546
10.214988798062809
10.1186052534579
9.938636744707756
9.697382617688245
9.635877852969692
9.362178756654997
9.201942114307162
9.122856360548179
8.740594902395621
8.737240924588118
8.568685412337983
8.239806269293155
8.027166221009658
7.976635792715981
7.886344807879307
7.680146951769928
7.453800405614122
7.2387754495479095
7.032560618416846
6.851078077333311
6.706385816916094
6.583298916367071
6.4225245518154725
6.1386501108544556
5.75713504929619
5.550809520015899
5.644199885709138
5.443244873822779
4.918331023579324
5.102846780459423
4.788934979020684
4.482831910618217
4.582739266081954
4.053929335637115
4.178802408962701
3.92610054291871
3.3834816079890624
4.021346519377025
3.2508223233164255
2.600404247704657
3.3713961813951703
3.9735097032963504
3.498677978194428
2.428627706323356
1.434648684984701
0.7820507973086225
0.4341790763094845
0.286926138272102
0.2701133877480541
0.3566021668755847
0.5440563995491662
0.8208557199489271
1.1147077696807952
1.2664747148792743
1.1418246136577233
0.8886466350625561
0.8969226026949504
1.1106410991614097
1.0135724053708157
0.9222940768871815
1.0891727550874237
0.9362617937874776
1.0458935631041535
0.9627148181600628
1.0442627931244377
0.9493487242909833
1.0497846663058028
0.9767471043285354
0.9812567178802679
1.0375688069623934
1.0039241344787153
0.9647333107860516
0.9872839646177717
1.017171995916435
1.02713941683149
1.0253364570524575
1.0175078560159247
1.0107117267212542
1.010001087980222
1.014638083052256
1.0203551330843497
1.020649956679268
1.009178604880085
0.9899841115570068
0.985390962566524
1.0073061664012726
1.014959851413096
0.9878216794740539
0.9975666630460718
1.009788840076566
0.9868651474301325
1.0144443145897504
0.9869870323625398
1.0115379438697485
0.9893166310034417
1.0086092745736674
0.9978594417433176
0.9928091977455464
1.0103646400493773