32.94827350521945
30.163157571558923
30.001878011354275
29.892347267672417
29.794856421151653
29.842294497127845
29.880799081013603
29.634788991752842
29.621437436849956
29.620865793260062
29.59109128694878
29.521075161740875
29.243948992750752
29.097492203180977
29.11543058151343
28.824804242303987
28.89329942271973
28.56435297962044
28.41310011670091
28.281200688736
28.03016258208225
27.74600819438792
27.6902947721384
27.45941939529737
27.32162631147457
27.020309424841987
26.79321938558536
26.547314631176327
26.187948643634833
25.85441126428006
25.680813136888407
25.440125281774893
25.008369244076786
24.868409660876733
24.451243236220623
24.298884472324964
23.853638256399815
23.657842913178907
23.277703540048236
22.88205190593005
22.548686077851965
22.32219442860303
21.98723952074991
21.686850158708832
21.29896933208169
20.933649046853002
20.54401789046949
20.086607044759234
19.702452022822083
19.4670286856345
19.041136176971577
18.565146443520447
18.368814073924213
17.803935476097934
17.624336267741693
17.082604539488827
16.69298419242723
16.471741515134948
15.991692806845714
15.481066130991914
15.095691031159257
14.725038811075493
14.351242987627957
13.960182398042718
13.519816783237784
13.13185682381529
12.877336344722655
12.620678957865817
12.065447818830746
11.63926861072583
11.48086687040886
10.811850759330092
10.73162471420195
10.057048885876068
9.89135122535989
9.590470603550019
8.94562143292139
8.612621977480984
8.435282035187768
8.202140107841243
7.885715597027459
7.563009218293699
7.197254335305283
6.739594063948809
6.1466040063950125
5.708799900702447
5.840552155910491
5.536452517284472
4.640364169080538
5.184549380027127
3.9097028807773175
4.738843193335787
3.3799818140275963
3.3507369576217005
4.561210109366663
3.90496961884485
2.26370957957201
1.029944361664809
0.4323817662389561
0.22800842523977663
0.22917098626402443
0.3805110760868847
0.6843076818259417
1.073914668779309
1.2880919115130427
1.0731212792353255
0.8339124454133438
1.0809025037160795
1.0090612703307007
1.1577616424004307
1.0316203017252896
1.004294600273998
0.9567748478151884
1.0603468490529693
0.9991746899716158
0.9502387779935069
0.9763566820324246
1.0107956916668295
1.0252074564219489
1.0249484619021778
1.0195503315312726
1.0006763556996583
0.9762580886617739
0.9757344488080961
1.0131810909841783
1.0162842494419593
0.9776698928447809
1.0178062893830335
0.98620578382576
1.0127890187706634
0.9821600811264163
1.0173518841899247
0.9990375305921092
0.9834198511807613
1.0014569142087226
1.0116920333013169
1.0149870393117468
1.0103390158670833
1.0109126731433604
1.0126490367289933
1.0106344934282028
1.0026806760391829
0.9908750000534211
0.9953248707893351
1.011188065476077
0.995449086933156
1.0014576844978225
1.0010915371833933
0.9997166163252585
0.9946840827634015
1.0089706854143101