2.5430921614124236
2.511827481931854
2.4218968101280365
2.2841442713644056
2.1143556891226725
1.9304595735469092
1.7496672711286299
1.5862023216210719
1.4500328468796468
1.3466802391539323
1.2778683767866443
1.2425688167575166
1.2379932055979952
1.2602225163565002
1.304407241392221
1.364704362296523
1.4342495920320246
1.5054469965575417
1.5707077529962294
1.6235429900473775
1.6597220563360937
1.678107349861762
1.680835028941914
1.6726961638283961
1.6598274862084537
1.6480509070693727
1.641325271444584
1.6407450759067148
1.6443603702778102
1.6478379569801644
1.6457457403095508
1.6330785738349336
1.6066080910392682
1.5657312866254192
1.5126656429300496
1.4520283512727228
1.3899810432102857
1.3331823704472279
1.2877706901264838
1.2585256589229823
1.2482780477329471
1.2575842967841337
1.2846705144660358
1.3256641136346123
1.3751379785449367
1.4269651695974954
1.4754039029077337
1.516232619689507
1.5476686770093246
1.5707846432951955
1.5892158596815156
1.6081329983871648
1.6326813546020627
1.6662940214040356
1.7093856220183394
1.7588730273692965
1.8087504498235834
1.8516230105403615
1.8807798789289778
1.8921795858798685
1.8857045738384757
1.8652458716712654
1.8375420776628908
1.8101072645276874
1.7888965188647203
1.776470311761422
1.771269788799703
1.7682566324666342
1.7607154296146088
1.7426166357851471
1.7107396759574107
1.6658296070042022
1.6123886913351635
1.5571763011206359
1.506940164694131
1.4661787979333767
1.4357164427550029
1.4125938231444823
1.3912996749391673
1.365889205465635
1.332214045371855
1.2894494545541564
1.2403648755041499
1.1902508110229553
1.1449164317074054
1.1085218719038055
1.0820692657535385
1.063125336371535
1.046872157638969
1.0280669373968505
1.0031347289540435
0.971564158949593
0.9360523811152928
0.9013472877525148
0.8722643895549215
0.8516967202536542
0.8394445498749195
0.8323550053850134
0.8257132018566861
0.815292545357695
0.799181638867718
0.7785913130805205
0.7572817991267323
0.7398556512482761
0.7296733702124586
0.7273318495320953
0.730406932797869
0.7345934092853622
0.7357293213526229
0.7317651233304174
0.7237420286564712
0.7152939805752987
0.7108869907241729
0.7136299630698318
0.7237253843467465
0.7383429193868759
0.753011735766642
0.7638645290588394
0.769610982853178
0.772219033703255
0.775915028839761
0.7849766775296135
0.8014448387404417
0.8239652192255675
0.8484137365906721
0.8700243123598057
0.88591192834222
0.8966239235405128
0.9058330708035642
0.9182812486565396
0.9370646496854631
0.9617664989419823
0.9885241194011162
1.012057104900785
1.028557236088987
1.037798156625108
1.0432128492545838
1.0498311195696541
1.0612304311964853
1.0772850130650231
1.0940868584571408
1.106152016550504
1.1096406487647679
1.104653896088485
1.0951729387721285
1.0866212931421888
1.0825169992499195
1.0823010465240306
1.081745914162483
1.0757397717679387
1.0617041710601007