0.8250949046004341
0.8709328716522441
1.0059279642769225
1.21823859525561
1.4786140265633834
1.7386091653856144
1.9415092929609656
2.0425166784989073
2.0268176687405406
1.9146154702587734
1.750633571826241
1.5852409716954776
1.4580252784559915
1.3905062010375187
1.3871831399771755
1.4396475774498698
1.5297946536904756
1.6325513304665964
1.720941034701956
1.774252915272772
1.785832324496315
1.7651090618928669
1.7313910022572618
1.702604033145302
1.6858806522841732
1.6755932042055588
1.6591873433420408
1.6262490828530907
1.5751288780431076
1.51423444782537
1.4588261057063538
1.4258589913373514
1.4287258024388338
1.4725685814607898
1.5509581517964675
1.6458117344683618
1.7323793408650123
1.7886636495715957
1.8050494174917573
1.788339546680976
1.756963912861004
1.729655519928705
1.7144470989241982
1.7048743577304128
1.6855354783077023
1.6430761533561347
1.5755014457521772
1.4943780413591743
1.4193025886571775
1.368448468785769
1.350496230846736
1.361712701533376
1.389026986708513
1.4173204039378946
1.4374966770116286
1.4513847061318643
1.4705182570595605
1.508668899293389
1.571900819610393
1.6524685153185086
1.731511009015064
1.789971328124458
1.8208452111692726
1.8337701978085716
1.8477094346080252
1.8763224270647798
1.9168384758737904
1.9513664675637168
1.9602566396465584
1.937409505638115
1.895340362767721
1.8556190949551976
1.832084599302925
1.8203461465995354
1.8021751672499347
1.76120276811389
1.6969145090288171
1.6253027931445982
1.565734005812113
1.5252269989015257
1.4934742137524213
1.4526617901213816
1.3933959951706687
1.322872968550502
1.258359738579336
1.2120155677344322
1.1806277793190474
1.149266338314625
1.1052716514037024
1.049731584625523
0.9960761051115118
0.9573637678798673
0.9342530523134299
0.9148626318206577
0.8864299329308094
0.8475006779691029
0.8089732379987261
0.7831555439160037
0.7716650106202823
0.7640972901955053
0.7486879123326091
0.7241856583557144
0.700908427003786
0.6899353061122873
0.6915988376050831
0.6952664088513871
0.6906849872509931
0.6789179213957548
0.671149752412434
0.6765129634989493
0.6920674719025377
0.7059976667326406
0.7107193485974995
0.7114191124368253
0.7202714604197831
0.7425538343996518
0.7703741136593959
0.791485471622656
0.8033748616909517
0.8162481127225847
0.8410041481047147
0.8759967332340775
0.908412468167121
0.9291300324866678
0.9435025968883597
0.9647341651126593
0.9973653104737223
1.0309548843711815
1.0521957194189218
1.0609412870551271
1.070097610923863
1.0890122247780167
1.111045634714292
1.121407565563139
1.115728321139862
1.1055576620807166
1.1033223277110735
1.1060899781754645
1.0996137837595688
1.077640976403047
1.0508341496712208
1.033101145401187
1.0236344521013137
1.009212014984023
0.9837500894562444
0.957981744064938
0.9455062073068555
0.9446697551005828
0.9420430424608243
0.9326482199119486
0.927686265159087