1.3664809257640105
1.4748516317876992
1.7866516067644442
2.128394802315559
2.2101957797918947
1.9969204539052423
1.7408467226213797
1.6620112246888628
1.8056643824822023
2.0481116494548357
2.156222348020343
2.0195622320435986
1.784807929146547
1.6715034608635075
1.7624355021261733
1.9626419132615172
2.082024787089138
2.024285949447002
1.8854294967452858
1.8029363867772519
1.8019102806344531
1.829478274511844
1.8475218209204736
1.8768008857188077
1.9527933693655206
2.0239430414056447
1.9842248670972102
1.8364588299744657
1.711704806078439
1.713301436411905
1.8138079574727166
1.904507340540712
1.9294448489366363
1.9382458967319913
1.9650101741984676
1.943392655254452
1.828914194393211
1.703356588201455
1.6731699088575682
1.7359777896541202
1.804645167020793
1.838835091238739
1.8886750474920866
1.9693089989749
1.9907137678588747
1.90369644322569
1.7939175475301634
1.7376820777989983
1.6974745891125977
1.634443855593065
1.6040071738412358
1.6644080853974632
1.7659963283155191
1.8250697351640681
1.8616174473523415
1.9319100346456266
1.981225778954433
1.9372905067995365
1.8581688186925271
1.8108690581383096
1.744492831330314
1.6278205673485564
1.5378684652326762
1.5134460546681396
1.4952524098696514
1.46797882978827
1.496310247236416
1.5810586035973477
1.647440819784772
1.7012646451880857
1.8037066387764247
1.9097184552805975
1.9559583390468027
2.0028025579362954
2.0765767352700064
2.094201423480552
2.067567972900047
2.0724490150830697
2.0559770371010138
1.9778809314640124
1.9188132422310546
1.8743809500053092
1.7766195841040273
1.679918744117223
1.6190570625493024
1.5252550098618112
1.4181655255342516
1.3524995199614371
1.2744305596248415
1.175315205956814
1.1136565983450746
1.0545730593173706
0.972112432749391
0.9198487392596529
0.8788477415860576
0.8151627471939867
0.7750208439668735
0.7500614049244497
0.7041500325908673
0.6773827607626877
0.6667674356147029
0.636849767756608
0.6242377303484918
0.6270343401184489
0.6116871211713468
0.6140663220356204
0.6298595743806763
0.6282115743991006
0.6463849553027429
0.6745048618941607
0.6857236469537332
0.7196530949052524
0.757915198246034
0.7801400605397086
0.8274242600995337
0.870595525060544
0.8996148723060913
0.9536602810495501
0.9924281950152493
1.0208690989231717
1.0699675837202463
1.091979026774263
1.1103578608745248
1.1397348970030616
1.1344787950725437
1.135337482318587
1.1338843667750154
1.1012572888244536
1.0855192238862628
1.0556077903023597
1.0129406758508341
0.9934383389403443
0.9560829243200033
0.9332754604171889
0.9279850101219718
0.9125729495292726
0.9291754607003039
0.9436966189973184
0.9620770355327581
1.001226316444524
1.0174333724776214
1.0462829760387429
1.0620415999033552
1.0562163892831782
1.0594180672106888
1.0311120078244147
1.010507933795873
0.9880644899233302
0.9587310384313987
0.9582266397916848
0.9494692188165789