2.5203360840919276
2.299219420567977
2.0028173179732165
1.9329234736764536
2.05518080821498
2.2170209175674813
2.1364253799709014
1.9349980487486946
1.9154395851864159
2.1213692953490213
2.259158968995074
2.0854562514875234
1.8633576718231881
1.9191044203616647
2.1677517481789974
2.232761928083951
2.0393223411983032
1.9045076418895623
1.9669880822280255
2.0717595851855837
2.0901442792625735
2.0973622872073756
2.0901015913541126
1.9738724794493643
1.8746547897209043
1.9679498430851528
2.144059575318724
2.1447729707640395
2.01765496681714
1.956390850252444
1.9313479830898272
1.9021564739838972
1.9728754678312264
2.1214860546969874
2.1266531076928423
1.9969858433652334
1.925938174045313
1.891647553649127
1.8481020452731174
1.910552636346415
2.05868460058745
2.0905831405971322
2.032512106864886
1.9985483517765303
1.8995903278557917
1.7796348492323082
1.796432924217158
1.8751837950299264
1.9183884991554154
2.0115864323953585
2.084970017150508
2.0175541253890628
1.9442592668187249
1.87725840471964
1.7479101128422654
1.6944625399072564
1.7304064344834977
1.7509546822713875
1.8340190299220378
1.9594390134524127
1.9940982266633647
2.0291434610453916
2.0386300674589974
1.937117255165255
1.859257044914152
1.765549246193117
1.6314999050441399
1.5794218231621044
1.5383825163376372
1.5129341162014143
1.5804348280420075
1.6370632526952447
1.7182385673474505
1.8506794665631825
1.9233683486840853
2.026484488290306
2.109855974272657
2.128242058031162
2.180818300543581
2.154747385998867
2.121889868955238
2.087298003260562
1.984556827747051
1.923623442846105
1.811054816753487
1.704182533277348
1.612866597797592
1.4813911028815967
1.398669942149333
1.2825304345521886
1.190386760617478
1.1086056555437322
1.011220010832942
0.9546149486659075
0.870948415391145
0.8220666730753373
0.7658231118106537
0.7169795511728855
0.6878482338971175
0.6434910163462709
0.6321343773248463
0.6013883657989137
0.5982869938198742
0.5877888059488018
0.5883475993011517
0.5996141519179352
0.6045164984054998
0.6346965054147727
0.6477414672630074
0.6913899340054628
0.7167530960885206
0.7673462211644254
0.8070619599747789
0.8579675359021784
0.9100019904561117
0.9549296153021342
1.0123731275010281
1.045446978589386
1.0974314456524341
1.1133344903200977
1.1479292600370474
1.1428409445521732
1.151459346449545
1.1252140958227497
1.1071657204422538
1.0659300510307514
1.0309229699313556
0.9882023648315661
0.9543420393687021
0.9275878284522135
0.9136466970880092
0.9156469145667773
0.9298067088369852
0.9586439619681307
0.9905230510820487
1.0264112211861052
1.050986665093781
1.0671785731765961
1.0630364695115628
1.0473616293116703
1.0176693784753532
0.9866806300428326
0.9610979919336328
0.9471951067416056
0.9543722520905935
0.9706163105547662
1.0044399982787446
1.0249601552135321
1.0478040744455805
1.0370007472854537
1.0275521909053777