1.3471489041674134
1.8386696808779137
2.6108100405215686
2.394696863812378
1.9674081409993598
2.1663322979624438
2.4482793690313955
2.2417398225348983
2.089518758124705
2.2271155219076473
2.3025233305846866
2.24175985008945
2.212350825443916
2.1541440119886803
2.185930669519335
2.3419522708521026
2.2585493960042076
2.0472149400239417
2.168784478195713
2.36064710112501
2.2295317429611488
2.1148541261202474
2.1476887197664802
2.1763762414840233
2.2736661003946845
2.2775654628436954
2.0729492932045592
2.0666856206744804
2.2242884914599297
2.2367976864916765
2.2276024169647592
2.1349567983991116
2.0069678321807864
2.121899904875926
2.2355451663019554
2.2090840459141283
2.183588281625617
2.0334668990663247
1.9895273621603573
2.117861205412128
2.165165046542429
2.223995026533663
2.1557313208476443
1.9948093816644572
1.980214013340329
1.976764764256135
2.0843880963621944
2.1946269199122432
2.151316022361521
2.1143496758132754
1.9597993980956765
1.8893556605254476
1.9084551187152816
1.9526945822023347
2.100571112036552
2.1269936634040305
2.1449604471609285
2.051201307142002
1.9207933252956257
1.8382882243931542
1.7552379588314064
1.8154131957827577
1.8649356444138063
1.9979705849252278
2.0731141176246846
2.1180969322250127
2.1017246607855666
2.0034460554303934
1.9060824237734388
1.7496506175479605
1.6702180693513222
1.5735683246673386
1.588428557206698
1.6021380906096423
1.7092473417856013
1.8017014163677227
1.9421380051929482
2.044623221122262
2.153197125749377
2.208589954748055
2.248213278732703
2.232815201374172
2.2004612042080374
2.120427201763508
2.0353104569770153
1.9122766698285423
1.8006075619406094
1.6585352164683593
1.5429905741220473
1.4009281373514333
1.296333798050859
1.166576004684545
1.0799357630596425
0.9692136642248025
0.9017207324537333
0.8132939310730427
0.7627494842369459
0.6981407840623021
0.6611204993139432
0.6209804652123652
0.5946444624003786
0.5787133151904738
0.5622636640335565
0.5687386614409238
0.5642803621825498
0.589211862148797
0.6013870848865474
0.638918164139686
0.6725789070970589
0.716552086655296
0.7724746649967873
0.8188042179120428
0.8892570437959256
0.9368715084629181
1.0047596640000105
1.052595089240281
1.0974594439386616
1.138211285737228
1.1475089161243262
1.1649887647730823
1.1423304799628387
1.1212942568143887
1.0830542630496964
1.0292626472443043
0.9925867626114828
0.9414523313309028
0.9183384392571835
0.9100941359380115
0.91183458288468
0.9491176439264832
0.9811140815479377
1.0219277816286851
1.061237072763841
1.0661082665273258
1.0669434667443445
1.040383861321583
0.99675293577453
0.9709057221274869
0.9453140418999746
0.9450962122851736
0.9765331654377506
1.0036668518035963
1.0347547708647713
1.0529248870146375
1.032138264337598
1.0053509643053378
0.9786745979669353
0.9555985652527229
0.9684784785624143
1.0012500906234347
1.0225513162314082