5.160485394261343
5.058007119263127
5.082548519544568
5.1436469124442015
5.066499000386871
4.948733038301061
5.009717414789956
5.019507085966204
4.966049538266557
5.039325271868478
4.973695417869575
5.000769444460767
4.960943877009289
4.960172295697953
4.93515785156174
4.964480403327659
4.950290898489543
5.008729286361613
4.9429144979599
4.907299510138241
4.8771208644568
4.872588829786456
4.909423871791437
4.849626085785411
4.798311899942583
4.833822867848022
4.778488149584761
4.773806358872294
4.790215345650731
4.682576679079911
4.7267152383359115
4.6303013177853805
4.676369309928562
4.588403552016947
4.637074625470405
4.533896156910924
4.581219975206605
4.496994824144854
4.470845762201274
4.487647097437263
4.384325740440147
4.378085474100421
4.408257695269208
4.336893773350549
4.262936756383272
4.256776048202047
4.261775858208099
4.230719773393123
4.160352983021318
4.077007612369998
4.032233188914363
4.015796450388604
3.9783969133461707
3.957800419178655
3.928607361276482
3.877440100099099
3.8421906311477856
3.7712855649922115
3.724189952779845
3.6540916939291916
3.6312441711658914
3.6171557124935934
3.63288553889488
3.601500092714162
3.4818110632414396
3.3836186087859317
3.3935755711380517
3.4187291931272625
3.2851920059266058
3.1982068383403917
3.2791486516045723
3.1236039186449878
3.065821591201516
3.135863028430058
2.9102650921672804
3.0497899521756704
2.8010806808475026
2.94039615353651
2.676827381044066
2.8561837396848877
2.5469333923181097
2.725138629053777
2.5470226553619715
2.4076807233889257
2.6389358636497064
2.3265337165300943
2.1867509600838066
2.4838926551739333
2.3905810575402198
1.9474660184217263
1.8381306914362496
2.173254643038092
2.515117962531167
2.5339861718164096
2.2350286048749837
1.7737728315041699
1.3193728194645218
0.9594123805151029
0.7001521660934223
0.5442835116498248
0.466966772486302
0.46495695484456684
0.5312885538640261
0.6666667692991605
0.8532950143516412
1.0525811615557912
1.183154402812524
1.1794291368076875
1.0341571944212782
0.8973843687927612
0.9221690479798846
1.0599247078765328
1.0703580863556859
0.9440192096519011
0.9719648451046442
1.0633817454013024
0.9687700156749425
0.9900422691092082
1.038970656579922
0.9544539079546501
1.0379100039785953
0.9695662583876444
1.0257676208304694
0.9784632171966378
1.0258581988539994
0.9746177656309197
1.0295831771668065
0.9785622398138635
1.0104203368096205
1.0113692386553965
0.9781421827575715
1.0120768552184005
1.010520473942764
0.9812944348304087
0.9936085746513965
1.0173070945037312
1.0112619291472196
0.9907627332693876
0.9839003885674833
0.992556995273249
1.0024156394186166
1.0091402994324243
1.0141167652213892
1.0123788686767214
1.011252203222116
1.011672562868073
1.0095279821123737
1.0120697654269042
1.0096364860268265
1.0099798518431395
1.0028838985558195