2.272668599018367
2.4574495054737877
2.3528196389900535
2.391012499616325
2.3640652193436154
2.420585058855805
2.324101876982711
2.4091770972776128
2.4018664786341164
2.285763346161602
2.477318802511748
2.301024281296563
2.3870987054583903
2.353342353086927
2.4053601176408925
2.297259047732809
2.3894452456363777
2.360149688699863
2.3468297048700912
2.310249328460456
2.3842221398129935
2.3277354326437973
2.340322417520596
2.2816361885743315
2.3864507416260246
2.2864122236247777
2.35031734632677
2.24183520967987
2.354315868392696
2.2902298043655733
2.3033272946551167
2.286809902949316
2.227389070443223
2.330994628141041
2.2361333063446662
2.2971916384147426
2.2552085300392846
2.1893528020600446
2.2829132944373858
2.1961002676222963
2.2321974054695426
2.2755152572547104
2.1575748269296113
2.2137853684381152
2.2133386912735675
2.108766828045999
2.1895405713290264
2.200963847946154
2.098176336135766
2.1643808902585877
2.203814200819901
2.085776347936231
2.0899791201255953
2.175214361025112
2.0961902671189048
2.0063511845806983
2.082768482689251
2.1256654916973012
2.013030281372758
1.952275728675455
2.0419599831733475
2.087161327679623
1.9810321718461488
1.8886428105545483
1.9460841388225076
2.0420686520172646
2.0102642797441175
1.878069093659659
1.810809266021645
1.8811914387731221
1.9886070666487012
1.9950253805915947
1.880320810223166
1.7488426561601549
1.7136378512175503
1.7939144674029535
1.9117725105690386
1.9663941426537541
1.9093936900535187
1.7677337008571252
1.614459562650345
1.5211806535542258
1.5242330781552633
1.6161039938023656
1.757285013152213
1.898012645286746
1.9988327918583684
2.0405672182514785
2.0209134675160696
1.9450231469241819
1.8210175579010268
1.6627400140613569
1.4909336134648152
1.3256447054875515
1.1760659446047843
1.0405378206981637
0.9175143760248886
0.8127823293022349
0.7327107354739069
0.6744483951842342
0.6301341884177611
0.5997916387054988
0.5907869387188637
0.6035227407818337
0.6299881369663344
0.6696402948678654
0.73021464568057
0.8080329854987908
0.8888320709802494
0.9698380703367128
1.0517378063818614
1.115617747463815
1.1443092323772903
1.1438765479959325
1.114274891230378
1.050519805769672
0.9798957645733688
0.931756519182603
0.9111922212052056
0.9333882034856033
0.9928671731426103
1.0444750282368385
1.0673194439632183
1.0491733300282944
0.9918025323019807
0.9517540122568471
0.955055474950669
0.9945466922876008
1.0427893200105167
1.0382812720871137
0.9966275073478643
0.9630327393609713
0.9742631125378175
1.0233583826423163
1.0316436814893768
0.9997372948985181
0.9672467541697852
0.9914188569930236
1.027600747720259
1.0133096186563888
0.9782558697307654
0.9843930913956518
1.0235954194806025
1.00956130980418
0.9799895656529162
0.9931797460555595
1.0238514931566727
0.9947718125335216
0.9828979756118329
1.0122204089934497
1.0101770196220063