3.612827381992838
2.816741376780447
2.7072857987213963
2.69931140623182
2.7526743069895825
2.8093716226299406
2.8161425935444204
2.7697246861850155
2.7286690417466692
2.7541368138892968
2.8266382443944353
2.854142279977635
2.798045561404857
2.7473812581810826
2.785985544832167
2.835520719694687
2.785460592860671
2.720159158177787
2.760793105993258
2.790736273526912
2.711058814504677
2.695921017205523
2.76609337211217
2.7208525261290055
2.6896256283448015
2.7757664208507986
2.7319408678797363
2.693617073724363
2.754949460787956
2.658436259809717
2.662431880425113
2.699968385848039
2.626140906123317
2.7171178903003352
2.6347122223368387
2.6353081447729463
2.6324597338461206
2.5876953547327557
2.6656578576748484
2.5558473530706554
2.625788020009224
2.5189178516024424
2.627355202662876
2.5057645094074834
2.581424210289405
2.472963959188891
2.5813577866007438
2.4438388880525097
2.529587789166812
2.4473684997720753
2.480454538907403
2.4431376878940565
2.410289762582306
2.47012874112328
2.334228515332538
2.4450080171843727
2.3562496334115255
2.3177714142764874
2.4132104867772637
2.263928902071468
2.307351892392185
2.350095931353688
2.211471450665396
2.2455588968410143
2.3167291714460547
2.1658787980202
2.1488137339721685
2.2741849465222805
2.1722657723236547
2.0482183704294035
2.1280276846146564
2.2173068441999844
2.0754331170040436
1.9468839012031318
2.021528622657566
2.144352958902982
2.091340658610353
1.8931050309220419
1.813390193016476
1.9001791491511075
2.0580261392899124
2.080945183338811
1.9293302163578285
1.7288887223829024
1.5900375660001793
1.6126375696130895
1.7677405135685793
1.9539098660028589
2.11060290247445
2.1739138983499586
2.11574131394773
1.9752527173361307
1.7851099645124138
1.5612232465147322
1.3367915585082257
1.1396679373619838
0.971092199287287
0.8274795514342361
0.7145267097799036
0.635845350979096
0.5865344925794668
0.5610088256434341
0.5594456326594317
0.585407136251471
0.6402823118332384
0.7205436791855101
0.8186972394550242
0.9252333803302367
1.0285446505707765
1.1131081754483196
1.160229359052654
1.154997490472728
1.0972656133656977
1.0090361548964881
0.9305089352189121
0.9022296032533883
0.9394521042527968
1.0148578820788126
1.0696080832809676
1.0574830762429248
0.9919676364758969
0.9431880682413598
0.9666624599755083
1.0315271758631603
1.0500366020574807
0.997616974553949
0.958156700114448
0.9960587540194508
1.0411510440273517
1.00899987746569
0.9663125173103598
1.0013486282129065
1.0325111681620116
0.9876978779834295
0.9766797469300179
1.0227807531977287
1.001654181381044
0.9739463245001251
1.0175389977582385
1.0045123776310194
0.9810697718854849
1.0218701805921329
0.9952727616425125
0.9898649798113154
1.0168237547855976
0.980676242323158
1.0110774070889124
1.0006576983436952
0.9939259662558905
1.0121002316544725
0.9829676847599871