4.230221983169878
3.896087425542482
3.939142270247077
3.9579741678315603
3.894923903203159
3.937067285010508
3.9551948616392525
3.8712215413488185
3.9285156118151074
3.9665612140914854
3.8317276116956696
3.9344713645613694
3.8929825836293226
3.90133590005471
3.8975601416512253
3.8094926957862603
3.8713777793692343
3.9180232706954627
3.840140472475489
3.815917366381209
3.8496843344300995
3.8203430322115977
3.755416961849355
3.7456514197246076
3.7844079811266953
3.804892143790775
3.7785904572049676
3.7291293144055815
3.68920909148216
3.6712057039192327
3.6686959351069697
3.6701465327096376
3.6683982320582307
3.6625914788525145
3.6555179700096483
3.649418805778587
3.642326192293938
3.627613207572876
3.5993390327168147
3.5607821925987486
3.524691072421649
3.4969244172016523
3.4628592462910226
3.4115382806748076
3.3734108712921067
3.3853625510574408
3.414192152736249
3.401074363810193
3.352473438502273
3.2846216257168335
3.2341537425840596
3.2767491554423906
3.288870681912973
3.1761353511793313
3.139915733146816
3.1874379648965556
3.1473396448725497
3.0349150870453445
3.102515274378519
3.0525014183124384
2.951544124678317
3.0382763610226164
2.9031961562855955
2.9255503395839684
2.901052628558344
2.8108915306500726
2.8694314602613886
2.730363268188493
2.8049031798730457
2.667179433533954
2.727354129437256
2.622243696781739
2.6013646915645054
2.642166276269601
2.437699300277154
2.6049414332417085
2.4258282885974536
2.3767234372265023
2.521356411549707
2.277168853917109
2.225685467610961
2.4275063429704145
2.2775305401726618
2.020805763763538
2.129293714610659
2.332467837026999
2.2080467279551783
1.8724718463824555
1.7136280355431197
1.8739012871952543
2.17819655280938
2.380293389435149
2.358423033980147
2.135135120678229
1.802434934036095
1.4506050952619918
1.1369638010031078
0.8858795264590648
0.7010854870141242
0.5778717002175972
0.5106329328742942
0.4956129477024082
0.5303954569312685
0.6121973417402877
0.7359565741708832
0.8901722394419679
1.0481534564471924
1.162573817905254
1.1832025076109804
1.1000286282878164
0.970788718517038
0.8936376912763596
0.9356266661738134
1.0494174828039349
1.0820840536739318
0.9867725792978579
0.9344692206984272
1.0129919629006698
1.0536907361079417
0.9723049177231848
0.9703747587315945
1.0474796871715644
0.9827975953131161
0.9815301191012814
1.035336207661839
0.9713617382310876
1.0123305621490042
1.0049003244713133
0.9843061994014966
1.02159880208982
0.9773949648444572
1.022529205184131
0.978241420564266
1.0217947274506416
0.9797220162158206
1.016094479669019
0.9924733325187639
0.9978430960716195
1.0104572158424645
0.9846238479495673
1.0156793993298014
0.9941013975560217
0.9895372007219366
1.0160821449385977
0.9974694524747202
0.9887048702482146
1.0092965865015575
1.0064868714978301
0.9883068950932475
0.9917724232164477
1.0081610069195683