3.347406899251948
2.4006355559554424
2.4874074578712224
2.691069240850559
2.6265571714301794
2.5370223755635917
2.5873923485278416
2.566999796146272
2.546825205797875
2.6568591372025145
2.6066404983017653
2.483785680470262
2.571545802157982
2.5814629364034487
2.5438757815053417
2.6391813014332914
2.5498495108767085
2.5206650272076563
2.566043967665057
2.47219383556044
2.5650953538877035
2.5302789977302313
2.535662765282064
2.5806273309726087
2.496232608733641
2.5766799618770837
2.4673976785479503
2.541802308181854
2.452479472828185
2.504772860013814
2.4436202931797393
2.477301151525988
2.4324034722037986
2.4603963662052415
2.413916085396793
2.4524365885810755
2.3872278003534064
2.45082461618045
2.3572109208680803
2.4483501037067823
2.338013829234418
2.4294318843640883
2.349525770339076
2.378671748201208
2.3913814442222177
2.3116935016937976
2.4066357569485852
2.290298593036911
2.3241515968924147
2.333548981092118
2.2198241994606005
2.3164395914479985
2.268303138374932
2.203776904942377
2.312877620805946
2.230900660910485
2.1540171273926627
2.253465384486371
2.197763412571665
2.102512799775049
2.201161073520327
2.2136338749708124
2.0631438604286414
2.063262021983434
2.1837365488563902
2.1327540502126263
1.9832460595274588
2.0022669021223494
2.12601188375224
2.0997102228676625
1.9355668019872296
1.8784588492360017
1.9946390624646537
2.085218975634978
2.003480933324003
1.8436713822761983
1.7622850269966042
1.8190390271582983
1.9581290225441568
2.035220235458326
1.9521967183723776
1.7833692224598086
1.623147946064837
1.5428889225957299
1.6019856483604564
1.7469159401375616
1.909174220507894
2.0538951316225056
2.1034366879568887
2.0813377251947967
1.977269632192391
1.8161422477273337
1.6361787522736164
1.4340569452228153
1.256268952124034
1.0807742747104456
0.9427864788019497
0.8172609759737453
0.7272579671118522
0.6518495225468387
0.6075422463447749
0.5775384716991142
0.576996383036532
0.5902272684932606
0.6336949995022049
0.6887105045234143
0.772314973052806
0.858788184510791
0.9614184796326841
1.0473177566093346
1.1211443264741856
1.1547257171880876
1.1467847310409236
1.100086845295981
1.0201301496706514
0.9519913262203987
0.9075600700892512
0.9212560539823462
0.9799156026662958
1.0408079955318952
1.074387965332426
1.0433836814853694
0.97978992268502
0.9463384154032359
0.965946050802655
1.021875217518431
1.0511529026476727
1.0114302151704695
0.9613219822964794
0.973376563913996
1.023235102747985
1.0313643203247491
0.9884590857690769
0.9702874156337816
1.008576608262843
1.0272463995970813
0.9894760985224362
0.9780287701310206
1.0173185238744509
1.0134035378305304
0.9767627291006618
1.0010298381078067
1.023141590987699
0.9839943659940465
0.990132298038889
1.0205397583122555
0.9894623420134141
0.9959668835614907
1.0176675955594967
0.9829951157199164
1.0016468230357527