2.8675274868322234
3.0039999269842355
3.032303032369741
3.06060001206352
3.0892810324036253
3.113107628525197
3.1250972146721914
3.120123552558968
3.0993566101613643
3.0728591508922496
3.056035206030216
3.05820234768778
3.0699368288192317
3.0644238135696553
3.022685407016014
2.9651585405156937
2.9461810955084937
2.993700205204002
3.05744417478943
3.0564056840658047
2.9896282125843703
2.941768803985342
2.953921906740564
2.9784006799390608
2.984687044972707
2.9743135328384147
2.926214320281104
2.8969863295619067
2.95777362490735
2.9593611820045145
2.8555663287758364
2.8865449374006955
2.9461902045075825
2.8452986346457934
2.8429845325921184
2.8972991362234146
2.826734237091824
2.809674264649862
2.8518876997080445
2.7909800973305847
2.773938453765632
2.8253146878482207
2.71012680832135
2.7994860846435556
2.7083479131396073
2.7302160113116014
2.719418184144568
2.666745519082474
2.7112519231476893
2.621298834563118
2.686680948629335
2.5831512159779537
2.658623853436638
2.5422352434485167
2.630120436342283
2.5064660156431064
2.5805487201990838
2.5047668729911523
2.485717462132282
2.5355924336122504
2.3902444510140377
2.5134890561094556
2.3877155241780756
2.3888927954598933
2.442596924783453
2.2880777288949075
2.3743629497496865
2.3610041404037747
2.2052450569617523
2.312042483005664
2.327235171349082
2.1345075464704637
2.167236326229187
2.29774412874401
2.169644856714252
2.007552401280176
2.0962446039222726
2.2176077638811096
2.1052664119922784
1.9030278321865155
1.8871978191901753
2.050927072913249
2.1549816931107704
2.047799381958914
1.8101173913854869
1.633820061017216
1.6397495559961175
1.8081679706626907
2.029006588301415
2.1882121837127406
2.222384740101993
2.1266451845655543
1.9342420182396374
1.690969799166393
1.437419636688907
1.2015438395372646
0.9985568201468596
0.8342289640928918
0.7087725839774952
0.6199687802497831
0.5651852272303796
0.5424086697111615
0.550529739515055
0.5890432589687913
0.6571755395640653
0.752317762418649
0.8677050092065178
0.9898127667671616
1.0971068614862314
1.1630412535640438
1.1658167284174552
1.103278745293847
1.0039895526430183
0.9211896807549698
0.9040083136435229
0.9602992665249191
1.0419534575221379
1.0759934277182486
1.0298850794266734
0.9558289188769148
0.9464841803169324
1.0147750052924625
1.0551066731597578
1.0006417213892027
0.9525910419657293
1.0014518758341324
1.0413289218492507
0.9899572969323024
0.9692473492004421
1.0225804479138765
1.0150821031232458
0.9706813876985844
1.0100279286043288
1.0182669347196251
0.972256998102374
1.0162051772355167
1.0049344834449965
0.9799237954360831
1.0243927421082304
0.9816698513327353
1.0081486862462177
1.0023942293141805
0.9901221917797219
1.0144380199991765
0.9839256554818734
1.0163954057146114
0.9841885750473759
1.01552900929798
0.9846821647040906
1.0157245504975814
0.9841119893244982