3.7778977651766428
3.611100180823159
3.5871225616081723
3.6879007158995485
3.533390477218803
3.631833858335441
3.6710938056225135
3.5245225956472805
3.617431302526206
3.6207786695346993
3.6281448769384856
3.5241134724117087
3.5710920119788767
3.6122004598884474
3.599718297331851
3.5883360619623432
3.4935595505357515
3.530188498290534
3.526947349742627
3.5376670462753927
3.5866128610835086
3.5487694829710565
3.5244001271420355
3.5328765468351158
3.4916358675653885
3.4496943852976263
3.4536889939894353
3.452468334549549
3.421202884869619
3.397939237400349
3.404188683806067
3.419078158093082
3.419713106618023
3.4055014822163194
3.3855228017594405
3.36143972538479
3.3281275284435208
3.2871176933637978
3.255374617391183
3.254272577694422
3.2807489354944988
3.2921647669027094
3.2454527475278097
3.168507557759697
3.1487320213069485
3.193769534182667
3.183408141442683
3.090836793263734
3.077023017695614
3.1346697383330264
3.062606501300154
2.9927320881849706
3.0593532023558527
2.979150439347061
2.9159206819496317
2.989393344904278
2.8659333747024753
2.9158235401815604
2.8824681172685924
2.803159108153119
2.8575687259402835
2.722363486547556
2.832958971011761
2.6655113231809318
2.7700666727003123
2.6034936107448305
2.722346479078092
2.561066213598306
2.6165722304273804
2.5738714388147623
2.473129602259419
2.588073835966164
2.38389738766689
2.464145654914889
2.4696492964817973
2.2582594973190218
2.3944037596160626
2.393513082380816
2.1460413731258066
2.2220918944191332
2.357676631495285
2.1769622264546986
1.9588835883960023
2.0765214643816634
2.263819784444952
2.1894154443209897
1.896030453895686
1.6893791909791545
1.7647904375158028
2.0144875512222113
2.261387983661402
2.348318857567707
2.232332948735907
1.9849980704533179
1.6751866926873658
1.3576785263468363
1.0821853902026068
0.8664284975893027
0.7043135342814775
0.5912984319744042
0.5271022246223711
0.5094762887655097
0.5347190616032227
0.6003559542491096
0.7042232111960434
0.8394826359470704
0.9877134793341358
1.1154492926588409
1.181360211293475
1.157137492030817
1.0545833870954577
0.9376872819479054
0.8928530669261248
0.955880295427124
1.0564426805895546
1.073250379360827
0.9874487418036505
0.9327057237244407
0.9974502824227072
1.0554303543044607
0.9920652595779722
0.952714673489646
1.0258005241500394
1.0223538146311433
0.9607006947243267
1.0180844461461203
1.018338922947863
0.9692597879747571
1.0280636642454528
0.9874420924780576
0.9931336687052217
1.0173525625028872
0.9786526276800002
1.0255734075721112
0.9756266299869072
1.0206336274080072
0.980583185887522
1.0210765923898477
0.979378540314498
1.0184853666615357
0.9841825866882521
1.013254567737568
0.9918867457166228
0.9999753469849075
1.0095929055559723
0.9848207284972053
1.012568788201872
0.9985471535534435
0.990055302181074
1.0109368360446274
1.0011196349157805