1.7840074667503572
1.7837803937850074
1.7830994148126014
1.781965249587574
1.7803790976441183
1.778342638205864
1.7758580300483982
1.7729279113036545
1.7695553991920983
1.7657440896655827
1.7614980569407845
1.7568218529001844
1.75172050633467
1.746199521999142
1.740264879449699
1.733923031628523
1.7271809031600358
1.7200458883195842
1.7125258486337942
1.7046291100695565
1.696364459766895
1.6877411422692055
1.678768855202917
1.6694577443573075
1.659818398114292
1.6498618411771153
1.6395995275464266
1.629043332691965
1.6182055448681858
1.6070988555224757
1.5957363487454121
1.5841314897135175
1.5722981120764217
1.5602503942202852
1.548002884277872
1.5355704246281368
1.522968174004354
1.5102115791808404
1.497316355146461
1.484298463959603
1.4711740922627925
1.457959627440306
1.4446716324079825
1.4313268190305317
1.4179420201683541
1.4045341603629933
1.3911202251778334
1.377717229218718
1.3643421828674167
1.351012057769792
1.337743751129496
1.3245540488675982
1.3114595877182431
1.2984768163404947
1.2856219555367319
1.2729109409382038
1.2603594506412352
1.2479827572711053
1.235795758262473
1.223812914779462
1.2120481920684871
1.2005150917043506
1.1892264782730533
1.178194680208578
1.167431278352695
1.1569472536001801
1.1467528525021093
1.1368575241730567
1.1272699263950452
1.1179978782380724
1.1090483053488422
1.100427290461765
1.092139925826491
1.0841903628830716
1.0765817703150822
1.0693163134740502
1.0623951370895446
1.0558183514880781
1.0495850225365535
1.0436931655166708
1.0381397261441063
1.0329206500171209
1.0280307899180912
1.023463982703651
1.0192130493203244
1.0152698158415714
1.0116251394606794
1.0082689395025435
1.0051902334907343
1.0023771782779807
0.9998171162181748
0.9974966263264622
0.995401580341004
0.9935172035657869
0.9918281403385211
0.9903185239314792
0.9889720506562517
0.9877720579061049
0.986701605832151
0.9857435623121756
0.984880690834019
0.9840957408791424
0.9833715403568196
0.9826910896055299
0.9820376564460627
0.9813948717408034
0.9807468188711462
0.9800781529279127
0.979374157269916
0.9786208600843391
0.9778051171329474
0.9769146975655415
0.9759383658317276
0.97486595902372
0.9736884589875844
0.9723980585504678
0.9709882212271311
0.9694537337906914
0.9677907511200725
0.9659968327702858
0.9640709719606089
0.9620136089442411
0.9598266480628999
0.957513450750787
0.9550788255520044
0.9525290060477571
0.9498716180783007
0.9471156361876649
0.9442713293026808
0.9413501957451834
0.9383648877667708
0.9353291258886579
0.9322576034240339
0.9291658816563603
0.9260702762431651
0.9229877355103653
0.9199357113959219
0.9169320238927924
0.9139947199286035
0.9111419254771187
0.9083917057866371
0.905761899390134
0.9032699736552886
0.9009328788860383
0.8987668900164266
0.8967874405289609
0.8950090213117714
0.8934450168418486
0.8921075696391115
0.8910074693060018
0.8901540367718063