9.21135970865077
10.933801786263189
10.993154217347335
10.83523830300584
10.866256642460838
10.889697884329967
10.785289720337593
10.828114050477131
10.699785035143707
10.693483695894228
10.763889352030382
10.660094731188575
10.592271373940271
10.668859503139325
10.602776042345479
10.597739491353517
10.499924874390047
10.500154512364842
10.438843460816582
10.389924318941707
10.370723217685418
10.296261634445033
10.190936435550523
10.158872271955232
10.131019669071186
10.000053098817295
10.001393709485445
9.901622481144505
9.886104185216448
9.75999194273564
9.739264262247195
9.612272982110955
9.540894092469074
9.495718630929465
9.44009420128708
9.340952109231267
9.232329778943429
9.130859672924803
9.058516057102057
8.961726183113472
8.89816518227441
8.838522841813127
8.721340010291732
8.562765434171785
8.484063532749044
8.43375115647253
8.253297600970606
8.221549917004817
8.066284730978742
8.026247978534077
7.838733904000316
7.80047411291065
7.662250387399451
7.507107411259847
7.420740206512267
7.364813131327757
7.249996178471318
7.132342547378451
6.996696045718352
6.894393006528922
6.784575848690176
6.659646380209811
6.503551238896753
6.321782663122335
6.22543404348478
6.1879393881262
5.967018622939184
5.874029129106672
5.772229546344174
5.600003153522647
5.491339904003633
5.4007683972048595
5.157632191260311
5.14025503862513
5.04850564557775
4.834333792685493
4.630365472421478
4.494118603374385
4.371928821335532
4.247625086732099
4.090148112605917
3.9371580605885597
3.84689809829974
3.8582821257911806
3.8044309675128667
3.4456462026286316
3.3077551745191487
3.4523256546993846
2.916576570589195
3.2425030195670677
2.5948917264241746
3.049410908256482
2.499464519105424
2.1627960163669013
2.8793541363787023
2.9858298971987702
2.2431281575894775
1.3671685041632136
0.7723049332384581
0.4641965388613907
0.36681441118146607
0.4301201608554464
0.641211579668184
0.9604397062367626
1.2139765485196299
1.1505934797955664
0.8919357932228489
0.9667398947132729
1.0991558639823635
0.9160702118408109
1.0708198998534677
0.9416183584585032
1.059549433165832
0.9543265490977064
1.0053895901952896
1.0401820399308022
0.9816800489208387
0.965825606470212
0.9883935677190241
1.010274953105399
1.018286008069474
1.020186846129351
1.0132269248291985
1.0020189452463704
0.9869499017503688
0.9812160753519384
1.0018958244254126
1.0165277908663874
0.9879870435216153
0.9975817344788449
1.0079151505686805
0.988832394883704
1.0093503840510276
0.9965477606427275
0.9959918474892442
1.0109536895002105
0.9948625109811944
0.9905721087223855
1.0005093073491946
1.0096569052099673
1.0089705349017426
1.0090727704314362
1.0080752905144852
1.0078908794567736
1.0084099393204724
1.0030691082995795
0.993712705482493
0.9938971153078224
1.0054451461795555
0.9998108314430261
0.9944622017434585