9.530278576625605
8.357067056654818
8.242719047785005
8.300926382436897
8.411223801320743
8.321074547410872
8.308786234869181
8.362211147027924
8.279179829086774
8.39201917450744
8.31018631446995
8.324199129153437
8.25135498403284
8.234811493910783
8.27568671808024
8.20123022554675
8.167960852011042
8.097560684907245
8.148158816967122
8.097382040595637
8.105859567396934
8.05394688608045
8.001131976933298
7.992914620971172
7.944018327967781
7.861890598001421
7.7817548638825365
7.727202675996892
7.724651248717084
7.721817887585454
7.6233522106440645
7.559132674817809
7.564539598900021
7.4306225522568665
7.430257602056743
7.308307667856011
7.321710292595184
7.202429948775013
7.202132890469629
7.0949357726404925
7.012484618166361
6.993917441262497
6.942531428745473
6.837684771886629
6.729033716362334
6.659067167025298
6.602221816276569
6.525347097271359
6.466376969674159
6.379439714373043
6.278091337161575
6.199140204350903
6.154978856189962
6.1297277883566945
6.052599175980998
5.896136705496006
5.820524163736458
5.812042872103361
5.636072267955801
5.613868111451073
5.4978266572651595
5.418904831579614
5.298452621729787
5.274728826349378
5.088404595281634
5.09008454795394
4.990016573379925
4.811794558466577
4.736606346710647
4.732001419591135
4.654816614994998
4.546804717159633
4.411036086979769
4.299449333039865
4.205860054128029
4.123520850036241
4.067495202414754
4.008818359983159
3.8775411187622684
3.6518463960317313
3.5007425880034444
3.575635489182712
3.478616186295567
3.1580651648298916
3.3285430560298614
3.020795415313568
3.057681792040927
2.825278328931952
2.9360879700046203
2.445117389447226
2.8653606317606695
2.4779810257516885
2.0072471575617907
2.488967928546147
2.904520420276965
2.5988254634475596
1.872849999012939
1.1965672849305298
0.7374048181314097
0.4862055032731205
0.39609342837292943
0.43340014001281774
0.5898058896522811
0.8485651460189599
1.1206798084927803
1.223277792731041
1.0544340323199244
0.8722934731716003
1.0016293698094065
1.09158548904383
0.9240010218729635
1.0424234432223807
0.9898784579303361
1.0044953112393413
0.991205592768342
1.0230704567827045
0.9624069018426267
1.0383833901497825
0.9939698788545513
0.9699217227421928
1.0126964085915013
1.0289708158222688
1.0073648599980856
0.9859660318307145
0.9769538826213404
0.9786359498259225
0.9783576030980985
0.9798687946521539
0.9827590580692462
0.988126699429327
1.0005865310307587
1.0140307979332095
1.0097553827068944
0.9892952340653677
0.9938179398705206
1.0141529417789672
0.9927754409337967
1.000273400969802
1.0039595837072177
0.9933012250956705
1.0042646599900444
0.9995073436367905
0.9961367295761809
1.0084965565977266
0.9932719577208271
0.9964146088060658
1.0071690911341176
1.0059473911955015
0.9953241295139228
0.9930701046161339
0.992376023293233