1.3124008222232644
1.311714031642887
1.3096816529933568
1.3063857720345007
1.3019570447914277
1.2965660076469971
1.2904119464610806
1.2837102562746106
1.2766793508122625
1.269528220199057
1.2624456820450227
1.255592228759006
1.2490951955475798
1.2430473835328275
1.2375099636700515
1.2325181514519685
1.2280903634774925
1.22423967256781
1.2209851573774653
1.2183641308292987
1.2164426606291605
1.2153232247525447
1.215148941317502
1.2161033907013281
1.2184056502627607
1.2223005009392534
1.228044165312104
1.235886328361435
1.2460495446167652
1.258707420352965
1.2739631527074906
1.2918300910309846
1.3122159489276457
1.3349121363152232
1.3595894009139053
1.385800636532324
1.4129911181448782
1.4405162140285648
1.4676657607584895
1.4936940425629683
1.517853843681248
1.5394325810730063
1.5577884577701495
1.5723842469436646
1.5828168448319555
1.5888402062710028
1.590380306748702
1.5875408363577792
1.5805989633745592
1.5699914241388153
1.5562908492542213
1.5401744720672466
1.5223862897795644
1.5036951622327797
1.4848512739416537
1.4665439723898612
1.449362714678471
1.4337651180633328
1.4200524651702273
1.4083558954105302
1.3986332858594914
1.390677029430147
1.3841330205570337
1.3785291619176867
1.3733113558594499
1.3678851793349507
1.3616599905893838
1.3540926459780658
1.3447277756591285
1.3332317895890757
1.3194181799542175
1.3032622581143283
1.2849042054873234
1.2646400864417917
1.242901401544319
1.220224544861633
1.1972124084710687
1.1744907858816458
1.1526626955675405
1.1322647100025691
1.1137277467220434
1.0973458858007723
1.0832559592875612
1.0714290515102323
1.0616753092416744
1.0536615073430506
1.04694024244406
1.0409885082141381
1.0352526001299311
1.0291956977350463
1.0223441581699184
1.0143285657475278
1.0049159325078325
0.994030121454548
0.9817585025492137
0.9683440774991883
0.9541634654327646
0.9396926351854007
0.9254629762665851
0.9120123543752452
0.8998345839687352
0.8893328956023209
0.8807816573243002
0.8742999788432497
0.8698403357982194
0.8671934082630831
0.8660090631440353
0.8658316974271083
0.8661466660202692
0.8664332849869578
0.8662190823369529
0.8651296709408328
0.8629288997703897
0.8595448004921648
0.8550782239403514
0.8497928325196205
0.8440871034472828
0.838451023711614
0.8334118865926406
0.8294750445689641
0.8270662509133463
0.8264820923316228
0.8278545596090141
0.8311341504404853
0.8360939692734533
0.842354856709571
0.8494290690695597
0.8567777044049301
0.8638752315213858
0.8702733757398637
0.8756564250389789
0.8798808147235446
0.8829935791055049
0.885226753322066
0.8869677866084399
0.8887091291887078
0.8909829793607985
0.8942893384361595
0.8990266986457291
0.9054346570120938
0.913556522568854
0.9232274708256671
0.9340906245562791
0.9456395891533231
0.9572822978604858
0.9684178495700985
0.9785159018764715
0.9871874541217822
0.9942366972346024
0.9996859775807205
1.003769552620231