5.816108280040791
6.9284276814392065
7.1831824623421205
7.137433095105883
7.118091367166972
7.165324818176835
7.039948628989247
7.103120075119492
7.020369174069589
7.085777220022658
7.0219954333314005
7.083966213423646
7.028935600186644
6.967916823425934
6.95123895842243
6.922661958283452
6.93290552669948
6.90300955298009
6.854934888165915
6.901604854560637
6.82553092256256
6.786070481145592
6.77964020254301
6.7062542060283405
6.714827965145426
6.663974139644635
6.628127614970783
6.649811936954928
6.5473338456292485
6.525664773753185
6.512744733214881
6.43718069834467
6.380923500313288
6.3455374607668515
6.32560328535017
6.322456725313411
6.258813980756831
6.216912511920091
6.162018729461048
6.115092888516916
6.066625614260809
6.026412639488735
5.945905726136042
5.876990046819471
5.77838299255063
5.7270431730816345
5.741124252078725
5.678917725781974
5.543082209122521
5.532037952077619
5.482702521386271
5.359357570345899
5.389904985445855
5.233615358100533
5.2644696832654745
5.09986469264967
5.127735946851488
4.983145723869981
4.9245846017051
4.924087303234563
4.776820939050848
4.700277984326923
4.700895183377318
4.643078759605828
4.529731279816049
4.402537039103429
4.302574057661655
4.239264009343863
4.160041594321317
4.0939081008878055
3.9991371310524833
3.9187689704508575
3.8331967388828896
3.800991504113598
3.803718242472214
3.761880472684487
3.596124167088737
3.4139436569709494
3.4571193567477603
3.4340450730012257
3.1442650453559704
3.25775813180888
3.0846258286910495
2.9896610096894074
2.976653303634579
2.8213682540283487
2.7267197427522527
2.8195067710940833
2.347998923878103
2.680427535890549
2.5693881274276156
1.9969828168743804
2.1335356921940467
2.660917679125957
2.758648743363432
2.3117574281530606
1.6602638019970282
1.1032945211945453
0.7191275054787166
0.505012309446244
0.41655763640530286
0.44011930407718947
0.5623842317632098
0.7813034381459701
1.0362662299666332
1.2049394460877445
1.1597448121273972
0.9501187622779108
0.884626193632512
1.0558196083048954
1.0622052959027262
0.921941853758099
1.0448833765305392
0.9959291835119152
0.981012578802973
1.0250424444349715
0.9765157181534564
1.011206752785513
1.004969199248718
0.9740320947903124
1.0348107926666632
0.9860273430722494
0.981141906996921
1.0222740969888926
1.0156821872679904
0.9870823132839114
0.9774947078132391
0.9873703509178451
1.003523475543806
1.010252066956368
1.0145371104986343
1.013961957915618
1.0123276861960153
1.006419202541233
0.9994985981618635
0.9880316531857929
0.9868870321835311
0.9981716117717073
1.0109632497390282
1.0046033075167162
0.989306594910297
1.0029861379376128
1.0073790673082543
0.9885455050447035
1.0079866424646886
0.992808090061973
1.004380049309332
0.9940633502231736
1.0060535266537871
0.9907247312852828
1.006775259897152