13.254215954228895
12.003616628636555
11.847421933632473
11.718761858276702
11.809130563274095
11.809309464165239
11.766939339059672
11.770624227423294
11.642115048338297
11.64314434121323
11.724141747947288
11.558587398792927
11.580308893198243
11.534935214420793
11.560409748663357
11.451462373501766
11.477484514181333
11.408055591532056
11.308989958074879
11.266652076810495
11.226098193042402
11.172320764612696
11.140753368818244
11.087090562918679
10.98260445025082
10.924712662256798
10.791453253519965
10.741586272484493
10.6920352064562
10.632586504552366
10.494997345316479
10.46672837818156
10.314120309269347
10.311976445956255
10.153710704125498
10.12147650189256
10.02776427736596
9.873651719499302
9.781543331365212
9.71019214571296
9.623546934974529
9.536941732925976
9.4371928046705
9.310245252067713
9.203562605542187
9.045311195261414
8.907804500380989
8.817257214673347
8.76507319940597
8.559723005478032
8.479035172990148
8.358542611789272
8.239858525767175
8.095232744861821
8.028226120042055
7.81621470296981
7.714142116555254
7.649599648743421
7.513772756017412
7.340181860086213
7.17637615028304
7.042383023064467
6.918244914038284
6.801370173789348
6.7176222359064175
6.574519733440496
6.367719668747621
6.196135500027822
6.173022474548534
5.940620516794318
5.8450852906344455
5.674696935531161
5.579049209995174
5.334041104500331
5.337771519854767
5.136005545186254
4.887773713505561
4.780621071497751
4.721898486964049
4.632577981800095
4.504748468954362
4.356561265528279
4.183200057381718
3.9352952702122956
3.6889685840224815
3.6349402237998296
3.7219552425525904
3.3237362158462194
3.193461174429922
3.269271554241599
2.7993612684940605
2.964924290481987
2.797136644198166
2.1379900266665626
2.7978285160315224
3.0941586638889707
2.376930912005043
1.435057635708814
0.7840554892427387
0.45860744084042504
0.3583594764303813
0.42922474518028336
0.6623027785683476
0.9980438004159998
1.2324685666340038
1.1022049161698055
0.8663636281543926
1.031610755121532
1.0470372102976404
0.9373294418026822
1.0612463323987997
0.9620429784173988
1.006136553493697
1.0378347603405655
0.9602589835041017
0.9826957322295194
1.0284369809566953
1.0348787789609588
1.0219549790959732
1.0134051340431693
1.0147979334370154
1.0191968289759354
1.0237203140954663
1.012029061684007
0.9859052242625143
0.9867057996845544
1.0184352849149696
0.9925668202264348
0.9977829433377012
1.0047200280696928
0.9987501792084313
0.9965355176501749
1.0124889300730762
0.9903211465645467
0.9949964745950268
1.0099311146008842
1.0108217444104817
1.0041589095678043
0.9997732087140185
1.0002137305318437
1.0016663413181046
1.005806382497478
1.0092737338616324
1.002058697212207
0.9925852718845585
0.9998874437949788
1.0057011243705762
0.9929539561391827
1.0072660905469313
0.9938471574176451
1.0062396228410269