9.083858192604094
10.014184820477
9.95231487738134
9.916840579892037
9.945132927157266
9.936982174726769
9.938660322230756
9.890408684761653
9.832510123452455
9.803889091211971
9.791439199785584
9.77299234948078
9.739289157133488
9.696190423033942
9.668429936292151
9.685533754526217
9.715523255709975
9.652321661329745
9.545902986569832
9.563209763429626
9.506911401250992
9.452587952573717
9.410716075901984
9.37217317742844
9.284632241883404
9.283305165642625
9.200038173698765
9.100510120921937
9.094462946791957
9.070375435756295
8.983726816801111
8.881333733938556
8.793079628559521
8.719028107753667
8.654489609845541
8.600186052164155
8.554278879711074
8.494226482493765
8.387413192566028
8.272326075975442
8.232193143972216
8.15039857960142
8.023216663560289
8.00370726069052
7.837142791564117
7.833987796871503
7.658237234484018
7.6227011393686315
7.543746597486098
7.3678313983383745
7.309009922170484
7.269812691034263
7.168663223277518
7.0399275956513545
6.918343090547513
6.8104743599956805
6.714665863693163
6.630315903457903
6.5493751548502654
6.441403290656823
6.278967581397891
6.133696972519393
6.105337081692679
5.994641460703494
5.793237631539923
5.807507165142097
5.566009183344188
5.582759478838431
5.32969410647898
5.342731229458115
5.176195594619572
4.982515116045723
4.961094220557055
4.898882413494038
4.740282971038605
4.562239320391924
4.406332219678435
4.271732216696978
4.153264510356687
4.060316301107276
4.01043695799917
3.9791217252850495
3.8384069231554006
3.527611799239167
3.4141291385756496
3.548503337213376
3.1394822760543644
3.1863539052660457
3.0030531863326226
2.9399017153012834
2.620315142444943
2.9797861025201655
2.245521509984588
2.249436536000507
2.9208258943719647
2.8669355142338984
2.1150755042440688
1.308146123982698
0.7591805432141904
0.4723123729943775
0.37640505204333363
0.42992505405671916
0.623652125550038
0.9250046090163279
1.1902471004934563
1.186573142190882
0.9348692145202122
0.9076863574213092
1.106337463608373
0.957087097948468
1.0042463775362034
1.0123503891986425
0.9962773550609997
0.985247423251358
1.0394504822284958
0.9593091084447594
1.001990230368767
1.0362006168642206
1.0035799576682836
0.9742918044835177
0.9716478058468233
0.9799491347947249
0.9860704440150398
0.9863252433557809
0.9819631086105314
0.9783684927668513
0.9854522257338526
1.0066282345245472
1.0175208690227335
0.9943007811866723
0.9892147072889262
1.014399320739609
0.989038478447147
1.0080957656962926
0.992226669373913
1.0098609627267643
0.9885425388268868
1.0077092791506683
1.0039949060580675
0.989217760697683
0.9972509054695948
1.0086166563249894
1.009751173160067
1.0055736635066927
1.0021201425168857
1.0012323689777183
1.0027694573869284
1.005737519931675
1.0072440980519477
1.0029433608875886
0.9949043747768203