6.302898956110815
5.451642891247996
5.513696799156355
5.511363480487742
5.523368355130959
5.432240274555969
5.566627864292779
5.486475029875607
5.397221686703871
5.518350905269865
5.518558247614469
5.429169452584252
5.409491227256639
5.417963576324391
5.403015897308519
5.3860697695301045
5.386990164637541
5.396678654651754
5.400105976380152
5.391306395260593
5.371021718225706
5.340831628012095
5.301827458226235
5.258419513935512
5.223166121872022
5.212337934628167
5.2226859832691614
5.210969009519497
5.139378434646039
5.070411055270198
5.097547114591433
5.117778157698845
5.0183844558742745
4.994944885374987
5.0082415768857675
4.923275770655346
4.94751152522302
4.854014271417741
4.885198534329517
4.786174236099792
4.818331770407079
4.707399888082608
4.757836865223746
4.630536621874446
4.6586181806653215
4.610757201141226
4.522730818263039
4.524967203496598
4.517545530007354
4.414394797012902
4.3422437634506945
4.359980379601363
4.360648713600809
4.29367931931596
4.204962289952363
4.133054150073044
4.077909441432637
4.02799214511459
3.9771244904481096
3.923925499857316
3.868818663471018
3.814316059701209
3.7669076871620173
3.736571892997303
3.7284110207136836
3.725082341631602
3.6797715523984205
3.5623212350354216
3.443691019798636
3.4447705215342665
3.480565493126769
3.332770868638123
3.210227727969277
3.3130942827907464
3.1586981466745456
3.062373985333031
3.14768466805485
2.8916629653591195
3.0474310952880796
2.7592938226145605
2.943858083552342
2.615780318719574
2.8224540758563728
2.5536232381291977
2.5280935301215246
2.676734775176354
2.2611433907677387
2.339469803799595
2.5776741891586923
2.2299900355027207
1.8585686956960477
2.03667584694735
2.467522106447116
2.629397489410061
2.3808505103430653
1.897736546902063
1.39402572483795
0.9866880652166398
0.7038835553913249
0.5329631258670756
0.454691968609735
0.45738388539850633
0.5377397939724788
0.6922553219337736
0.8998977349576008
1.102301444400963
1.2054573438395948
1.1392467690116046
0.963612584330779
0.8801309727206232
0.9954419375077985
1.0947333014274283
0.9863816327579245
0.940142367397516
1.0581912222570782
0.9900576110098449
0.9714801989563994
1.0474583585922856
0.953291033849721
1.0414373333244304
0.96542613430774
1.0323952208826033
0.9686600070502654
1.031048552534319
0.9750288970106246
1.0110956370210684
1.0101332859937295
0.9754980370020032
1.016389562843126
1.0116522600481683
0.9785818114895521
0.9945654025968179
1.018136356262437
1.0114733145496286
0.9935503516489288
0.9848812029689671
0.9869230419032602
0.994000569702044
1.001428634514821
1.0068186528817569
1.0095936272321537
1.010101717087847
1.0087330161294399
1.00550754411546
1.0003850710730846
0.9943009926607113
0.9903091765252076
0.9928025241504994
1.0024555693848367
1.0102654008764014
1.0041277190236122