8.979066889214684
7.543547809243718
7.882889184068864
7.586726064399344
7.762144287777263
7.76278279943099
7.607065531958079
7.683172673139545
7.730352524169526
7.671639581451314
7.625517219997637
7.621350461486907
7.625675226389954
7.619681166979334
7.605802107454056
7.591202481812372
7.577468935277224
7.555228630283745
7.505631504495013
7.423785816009611
7.356027071303558
7.3643636656403935
7.391513310048715
7.320987076004588
7.246901157189666
7.253423697053535
7.212334604561175
7.138942632057686
7.145920889743872
7.047691315978596
7.069210432627084
6.941920738744606
6.980015970118605
6.885736432055128
6.799767405182348
6.828898659754066
6.766273214806236
6.653714110500696
6.595385315549157
6.57328514277587
6.541184865720154
6.488331603905338
6.424784756977766
6.360956518890359
6.302524471120374
6.250127138881978
6.195109294057649
6.1162350662640455
6.001177959263592
5.8958760792607485
5.873679923716245
5.862271597837767
5.725768723205639
5.635987395018469
5.641090400515095
5.489593381994186
5.464900750191564
5.365642405875797
5.304399711368063
5.198795209418249
5.185339496933408
5.004002076062724
5.013765157902319
4.944722056064473
4.764940461792225
4.699122533288241
4.6978170151460485
4.642198670816071
4.528806744725991
4.4026127007079285
4.288506687512176
4.189057684990056
4.1018016511682145
4.029712866680245
3.9807675704640744
3.9504564266489424
3.8893285249047715
3.7220584909752716
3.5098716230410636
3.494188808192658
3.5558388589267773
3.271907096997379
3.211030609138593
3.270201342130707
2.911920185628024
3.140026007846651
2.6925044380675978
2.965682187639638
2.57146253094841
2.53724319227885
2.7966516733059206
2.1929303242573153
2.037696621642844
2.5935418947922826
2.8502433991743046
2.455358128927881
1.766530608245997
1.1480176062219056
0.729065762734996
0.49653014349739016
0.4072260529775251
0.43545820509470545
0.5751337212234943
0.813134229993254
1.079963750075404
1.221887392358175
1.1111513306046223
0.8975167063230061
0.9329076401243931
1.1007376236860607
0.9809318326246539
0.9598994123620319
1.0632150214959342
0.9409009746245633
1.0542758644439232
0.9515551664635793
1.0445745814678844
0.9695088516670102
1.0037923745990873
1.0284620311429593
0.9706442435377042
0.9890875186959603
1.0268285099639967
1.0181830602944828
0.9919134680881123
0.9787944182740801
0.9794553345066179
0.9845220219994223
0.9880721742068215
0.9883858898768372
0.9859822282660553
0.9834606101597914
0.9862636937098848
0.9991131563733879
1.014055125449001
1.0089096298081788
0.9879636949271097
0.9960275699379344
1.0125679387062223
0.9907899521421496
1.0025655673588862
1.0022830193387195
0.9956662569699847
1.004463615071924
0.9972563248045174
0.9990135250319332
1.0063378368917735
0.9909557398011959
1.0029682511214497
1.00786604159996
0.9958062620708246