16.264721999957825
16.52960370067858
16.53865291305105
16.649836644070444
16.506825649491624
16.497749755688087
16.553505812120957
16.465613708215454
16.35993439763755
16.272313169991474
16.2717305173926
16.243144307345617
16.136659630952316
16.154242852736193
16.11425885139704
16.02807887107752
15.937475714790727
15.934341160731673
15.752896725901637
15.74141815599646
15.588141276213806
15.505753028204238
15.47876241649025
15.3976185755623
15.260258866706131
15.122646984648016
15.050581227661203
14.925356603285973
14.835159785569859
14.636028108208066
14.512532873639277
14.455275830119803
14.236101858532118
14.152801336633447
13.945508736967081
13.87525069882179
13.701023433327107
13.508706726267791
13.378243403077422
13.249238839790062
13.07984128291365
12.922039016190002
12.730368273001721
12.557316239968804
12.427168258559979
12.299507393093284
12.03876369289011
11.928832486112427
11.679997994225976
11.580930119491432
11.317392214864618
11.150526578852098
11.021946532631103
10.841819516342895
10.638444446347469
10.427473401252334
10.251499484788633
10.078726443628277
9.872261715730737
9.597543414398126
9.418969701239048
9.293521795286665
8.977511502684962
8.891540196482637
8.580743033190933
8.440253248118042
8.285483602622042
8.012240595970631
7.766501936134858
7.558130244837009
7.345378102511192
7.1433874356863045
6.9552306639360975
6.837985517873911
6.674739006998645
6.339433958710585
6.207997833518104
6.009852698281466
5.782446239910702
5.535797147293592
5.493643366078044
5.157650519928928
4.864936776801609
4.704610381137261
4.551892619914934
4.353863088374625
4.09723572445117
3.815725244552281
3.7338876106373253
3.8387525575753534
3.342250799770902
3.1619490615792922
3.1913596152457018
2.8478129204838716
2.372434272653688
3.28381112896476
2.9372235723613223
1.7489169347527942
0.8551612955514989
0.43508559417698334
0.3261071560433247
0.4398740304017233
0.7512079929976022
1.1402133313805167
1.2134381256423483
0.9025453967197499
0.9880046418492626
1.0570068684426206
0.9558280796911727
1.0092343590331112
1.0427186150891286
0.9481410203437075
0.9753856378701602
1.023374581493441
1.0375100129049677
1.0347753038257048
1.030723241047634
1.0141228938265217
0.9858172584098556
0.9764593181915676
1.0178687719646267
1.0011528831779517
0.9909502111568804
1.0070340380207141
0.9997017532155803
0.9862150835681331
1.012691640751583
1.0093354398293404
0.9958652167444112
0.9898075895712646
0.9877420508186344
0.990847329345468
0.9972188076088664
1.0086745828165167
1.0070948283321917
0.9915577145907315
1.0031469251465617
1.0003198252552694
0.9987438141019958
0.9961773755544227
1.0073155964129068
0.9948554349696319
0.9925766887564375
0.9994909122586632
1.0039980575039684
1.003711061819631
1.00292771248516
0.9983512953497563
0.9941829505172296
0.9976967626430199
1.0063941116095052