29.54800926698022
27.562842054256596
27.2971767640692
27.418324490657653
27.385010337121717
27.261919474493876
27.269815607936547
27.305394865680757
27.138212587440613
27.111982487696146
27.001815125268415
27.03581150267514
26.821953659406947
26.728756716190887
26.538839134164068
26.447305512490246
26.35929882988894
26.259384366342875
26.07367187770531
25.87266627687175
25.772371089400128
25.514392174738177
25.30937095889466
25.202494287478714
24.985691962433027
24.79374255833726
24.593742993567886
24.330697510567905
24.035528134082764
23.839295835477355
23.618886416771346
23.357580763665993
23.08187036256131
22.864852121333882
22.60538952763546
22.280895694410535
22.010263555622714
21.761315941469114
21.4918041264493
21.14502357148024
20.82037574278941
20.591418899721337
20.214508318205674
19.90315520451963
19.65579273733557
19.309652969579812
18.979455023061412
18.64156029541333
18.338204208328758
18.00373258556094
17.592305891829444
17.315602815892507
16.92720315395162
16.64369555188622
16.22519567878005
15.882717804342084
15.589935749289829
15.240173165928544
14.880192789149264
14.487683578347676
14.12299645877635
13.868380103789642
13.428434283399644
13.147678462068539
12.6853894793559
12.425427168924841
12.11006687476512
11.751633704527631
11.391213445699123
11.065546239890779
10.701383295081841
10.247451686493875
9.976360784553107
9.629835928183317
9.293497221978836
8.862320835694076
8.650491336972063
8.362766755471908
8.034089337767863
7.717169033564339
7.384089023878183
6.937944542999884
6.551707775802008
6.464224700929771
5.889053406761851
5.849098128967768
5.441361032766996
4.951893527778643
4.642978228645261
4.3505809781997495
3.998438955014771
3.7808886147015865
3.9582848562798203
3.3792418939241147
3.077618457141598
2.802086370785291
3.6619720552596493
2.3778396182913597
1.0100944170405186
0.4069570451640542
0.28844183525128503
0.4717340606866589
0.9117416048247522
1.262123479768907
0.979663539677434
0.9601630768171953
1.0305033368389613
1.0371722295852712
0.9275925314146211
0.9789703876245109
1.0205561028030095
1.022788166471204
1.0029017671743352
0.96965430286755
0.983854507490541
1.0314111786314313
0.9737089748674227
1.025754702022892
0.9837420213945786
0.987003808772675
1.0083726562337232
1.0166197213243404
1.0141079870826866
1.005180654511713
0.9884735221189753
0.9933765046928236
1.0130308733658557
0.9868557999301394
1.0099019183094646
1.0002870751766135
0.9887739714099171
0.9945980720617877
0.9974946145902089
0.9967481582104121
0.9921579463383086
0.9954505900660394
1.0082009952276465
0.9947155604292819
1.005899654423445
0.9929053620050903
1.0036573154807549
1.006635384013456
1.0015318145440826
1.0008190117707123
1.003164955116354
1.0056694711672978
1.0006707706858189
0.9945773943258143
1.0051525431929873
0.9953626972282428
1.0034965658726525