18.543537113465906
17.99801099071756
17.8837319995576
17.889147361346716
17.955511080691462
17.897458589190006
18.00652759576711
17.77883050056498
17.912331746722128
17.76181435068144
17.759847087861733
17.633127901994865
17.589231503253014
17.583734637518152
17.52684102317291
17.44093179865058
17.373164404860297
17.321876571256105
17.180677700266692
17.028824931728668
16.993998095914414
16.903359659120625
16.726866406963882
16.718484681819398
16.519596156087392
16.400888528199776
16.32243121636601
16.167083278198334
16.001784859384486
15.85865929091741
15.735615828651598
15.611162566669908
15.47321582503947
15.355942115960396
15.1287411789494
14.992572586583512
14.844857956350262
14.647971806496555
14.510245747750007
14.348058877644592
14.101199507769008
13.92448122912166
13.776802658340461
13.61553370645036
13.434950449566816
13.217674969642976
12.97733886990178
12.799744762181245
12.656187954102354
12.43076675620861
12.198347909321283
12.034904630752925
11.823326249894915
11.564695798722402
11.424813483181415
11.219111301654758
10.971158260678829
10.73819149870259
10.524688720917586
10.323241729865385
10.14060925741815
9.924068854182885
9.604383565950942
9.451310185167525
9.230904272110207
8.973220443037363
8.768549985553431
8.607370840317193
8.279305351094917
8.043271743613507
7.871252398815834
7.682992786216997
7.461520945392735
7.199124515273327
6.915624376972858
6.709528213109054
6.616321471292638
6.315528959631106
6.071380765207675
5.913723313321769
5.685528525178948
5.350789267681426
5.313983858229975
5.135536785553508
4.837847112044945
4.565808258950534
4.357299636991659
4.23019665320859
4.155681428196595
3.8482231106585285
3.290945097132738
3.528260926669933
3.0454550607282114
3.137641185380163
2.3204072809453336
3.2594298619164164
3.0774904490980113
1.842764145832457
0.8769947004213337
0.4285394571902758
0.3194147183461689
0.4438865345914361
0.776901554109511
1.1681010081168
1.1896341448457552
0.8694021776646976
1.046418157964201
0.9931123051350194
1.0252257317212956
0.9431285306883856
1.0582914739166747
1.0232410212255958
0.9680651597485447
0.9581183309557314
0.9621840970425375
0.9642700771650135
0.9738557636617131
1.0038385774294813
1.0262787178818114
0.9908073047452098
0.9921321907152721
1.0127184911921643
0.9918565903415691
0.9973113374927053
1.0155507596905915
0.9916692667667099
0.9837940767159089
0.989850024657359
0.9944513378090515
0.9940876001159921
0.9894768264738232
0.9889984666233457
1.005312186889769
1.007314573782068
0.9903272053187194
1.0086547373802934
0.9907650706911965
1.0093741511572274
0.99820928634883
0.9924566854841806
1.000720184239831
1.0063017689525926
1.0076978924338569
1.0069739724561861
1.0035220447769297
0.997742290309159
0.9940080341318634
1.0025960100359785
1.0021907933713168
0.9964195882061447
1.0028456070488982