23.746291164618935
21.429997711813144
21.317105215453015
21.313002635793524
21.308571872469678
21.158793016133377
21.307702663219004
21.06430833997688
21.198509859813186
21.078872526470008
20.942396485597538
20.899755388526618
20.843247395285832
20.76661181014218
20.702336601123882
20.653002122862215
20.512541867897763
20.332875273534068
20.351306489212902
20.113672841926334
20.094473781892738
19.910847152940306
19.763371050242107
19.624681359519073
19.474362011528825
19.316043431770108
19.144870095478517
18.986088915292033
18.88676559575223
18.740885266240465
18.47939965219405
18.37487630556383
18.130748510748333
17.966640965910884
17.807110545217714
17.58474004123681
17.342279422829325
17.118449029866458
16.910993616006582
16.725101251459613
16.553343604740885
16.310013481305766
16.039003184106324
15.873020171946372
15.57222948096618
15.393462279963115
15.160167406336562
14.84439507521099
14.603361368468475
14.38313890084504
14.138101109416919
13.86953542525163
13.608787538968143
13.406666206504187
13.1651635347179
12.82577593378337
12.671567677820708
12.297613039556113
12.118358607738191
11.86905415322127
11.535917671737172
11.245663726675339
10.977329836870906
10.712621332510938
10.472459420352767
10.273164341840804
9.995493694083121
9.620512387749057
9.488437460844176
9.087766456558365
8.956908383010212
8.608027306661805
8.284487774982242
8.057516305854767
7.829955594781885
7.56856676260141
7.265010448825838
6.946073362177853
6.752300273908848
6.626839473506738
6.1734662127848665
6.10266184492533
5.644429906286908
5.609200560761108
5.323772844118057
4.908618717850738
4.601871997797049
4.344175526069699
4.084561953779558
3.9131664439657547
3.9710047919765743
3.746383469715772
3.016345096640972
3.5485312665978372
2.4136809608050585
3.125123078431876
3.34186112349647
2.0409702060254555
0.9236658488500188
0.41890130227092015
0.30605454807042487
0.45233685651461325
0.8283197918997603
1.2175110440875718
1.115077368204693
0.8570903994349388
1.1181729762523762
0.9067090277407699
1.0741725959208432
1.0001615520736113
0.9408602375039452
0.9746743430327545
1.00203660506663
1.0036144051407174
0.9868969138421823
0.968639211719399
0.9908535687024743
1.0276518529294267
0.9791115882882934
1.0167348092322508
0.9805630736935583
1.0202674429465834
0.9999312191258435
0.9830649392285115
0.9867183971488531
0.9906698175897601
0.9891303061012109
0.9862829563183665
0.994649999791572
1.0123862051648835
0.9972053771207726
0.9967678532614854
1.0030384986679615
1.002436385706415
0.9911389806065235
1.0024840855902317
1.0083080458305214
1.0078412748164944
1.0074210851837295
1.0083442292402698
1.0064159229885972
0.9966974348926364
0.9945756032982622
1.0065899560754776
0.9941972074103105
1.0057364748659807
0.9960888282743529
0.9972347893277832
1.0046977755022186
1.0057531204189958
1.0043084868052938