16.426450927761913
15.298376261279474
15.022770765981347
15.154943068752393
15.089360720109266
15.155973287711204
15.027261297125346
15.049080410252484
15.10237972015664
15.094481201235558
14.96202888356659
14.908740468820959
14.913174564004489
14.81406617665069
14.823283470545425
14.786386209886388
14.628137592517684
14.579509758731362
14.592730801633754
14.4837857909918
14.443879589283819
14.322099364148997
14.268611106522144
14.16238900025287
13.99863337781377
13.896672814072208
13.869998208120201
13.714473580851912
13.636543519859469
13.49842272154579
13.422876048932226
13.251317587947684
13.193420219073413
13.084659790386345
12.93874603743583
12.794079913828257
12.640584174703427
12.514454250175186
12.408247302340815
12.280315172432957
12.132644845286611
11.936021352763225
11.820367638904722
11.707577469147317
11.487628312366343
11.399103807923902
11.1853214360386
11.01335082283817
10.930616979976387
10.74851679533801
10.527594335999854
10.356641513374997
10.169060900348876
10.012740708744234
9.85539922863678
9.718191583893855
9.580097033401666
9.34281072760283
9.155508469438738
9.057098059087528
8.774126490239222
8.696324857374721
8.427027105061754
8.247868621249427
8.15428009143261
7.942318511860767
7.693991375378586
7.491835508633295
7.291187248773242
7.11822666177115
6.9688349623578745
6.84605652759695
6.669794463624479
6.363550756670181
6.242753885707907
6.095902066613174
5.817892476920749
5.707412940771046
5.528577570794909
5.204032705710998
5.144693894129146
5.051848521457498
4.851492938760034
4.627124988302192
4.444777677722452
4.309265093644819
4.194286783673877
3.924612603841524
3.474178251768504
3.474101641975978
3.4910393501059813
2.853231050541879
3.2757730266574816
2.5630313265249165
2.4644777172623353
3.275969919911829
2.792843643326086
1.6652171702729759
0.8347216752699608
0.44049667716425256
0.3339616116719143
0.43527073415255396
0.7287030317300953
1.1070809499089496
1.2310329744191437
0.9451388744143622
0.9298851639110992
1.1025763749909956
0.9132916909305009
1.0705428402781139
0.9663855392417962
0.9749884568681251
1.0509796593179703
1.0217033146030776
0.9825946291055536
0.9680369445165802
0.9691178228532148
0.9736287143763123
0.9910162941738905
1.016908940133835
1.0210382424752633
0.9839821966402491
0.9950084835595673
1.0132643155247187
0.9846032874408586
1.0101505644480107
0.9990978522140572
0.9875396776015881
1.0101446402293863
1.0118006415442433
1.003173245406324
0.9949132684130874
0.995121552347021
0.996696866687598
1.0045488288746305
1.011263175990518
1.0024081548152528
0.9898437350713892
1.0052586385293478
0.997670247758136
0.9999005263087167
0.9969629709904668
1.0071201139767851
0.9939435087128682
0.9967292608809813
1.0054909012024182
1.0070936026520072
1.0045551906210308
1.004635989778205
1.0055385564689863
1.0052929375087731