18.651634162765113
19.725543330726076
19.427700904224018
19.63791360393082
19.659471854998266
19.534620188107713
19.444991993078887
19.40333102222404
19.398978363148817
19.422804111675728
19.378257311777137
19.186952487563374
19.171883651562375
19.138138796159947
19.003650896967446
18.936488768890605
18.909249295986417
18.739883465098522
18.619336937312994
18.53399038380017
18.436268176595146
18.318561147139235
18.18993771666165
18.072160081993257
17.976294115857634
17.84066037033922
17.66668621459524
17.56845605653663
17.371386201610854
17.256627311566778
17.105918034136923
16.903542190872272
16.720725123621317
16.549702111475263
16.37175097239119
16.1916403293271
16.04090481566339
15.910510038039163
15.667076082499747
15.45655561127125
15.318218463303134
15.062422040177193
14.864445270724891
14.727826183986679
14.470064310764087
14.211629055519424
13.985614595642193
13.768079551156331
13.55654029546721
13.372996836776972
13.2003588034629
12.924998632902566
12.660065530619093
12.509327350340559
12.190419167525505
12.020307598551762
11.786030642008974
11.483289082478509
11.248456336115826
11.034695544566567
10.80333309307511
10.54803286108253
10.275876261039706
10.038308228145352
9.876935658521198
9.595025812745602
9.31437582939513
9.134353588886865
8.852779010927584
8.558969861221438
8.419848539030177
8.191208600243376
7.908414355356649
7.645174592968808
7.420160034809873
7.227011752864051
6.990243759684834
6.615125234932058
6.394829739781999
6.281646376103696
5.86398773437641
5.791746305550153
5.522075301018898
5.124620926787457
4.981368527348318
4.870103740141205
4.692554515806738
4.459924064833243
4.134204645016332
3.7042262997879236
3.5535748904136635
3.755440763684216
2.9540189773996417
3.3901669512234927
2.3317139837890193
3.2032974982331237
3.2098191298900756
1.9386691059150993
0.9002319843840448
0.4243345716560655
0.3127298297717963
0.4471230176101833
0.8022221963496095
1.1960606900410957
1.1558153429386004
0.8534278523738362
1.0941948010415083
0.933952870294847
1.07814437595821
0.9371827217488965
0.9876392808792098
1.0487084518315224
1.0441289670443015
1.0302510087706378
1.0292358952446645
1.0338411826683434
1.0194741149505995
0.9797232077302315
0.9914778567446165
1.0204435903722908
0.9794093644344853
1.0173153676684015
0.9942872467648819
0.9866975885777499
1.009509935677348
1.0155448207827182
1.0122625809262604
1.0111349869011135
1.0129815315697248
1.0102989795010213
0.9949954812718874
0.9909090506219439
1.0112516580389053
0.9904922288682946
1.0097523206693428
0.9900245880923936
1.003128259340969
1.0088876242492075
1.0007434286603265
0.9952052401676019
0.9941594524588762
0.996251403075623
1.002090713986601
1.007393615246958
0.9996118874508759
0.9946745292623238
1.006342688117344
0.9939617880075616
1.0049160543225288
0.9994263751158116
0.9950211707091162