2.2696500408887563
2.007225909403403
1.9851728384638037
2.093195437309917
1.9418169909318723
2.074166393629962
2.018711921680047
1.9454223850303585
2.1330489498483916
1.9101963380822737
2.0513846606917947
2.0556679953580828
1.9193287488539097
2.083571819538788
1.990277800620973
1.981515478228752
2.005730610719625
2.0559324956568226
1.9141746727416153
2.0410589854087804
2.019093123120766
1.9400132138680262
1.9900605613287548
2.0382081687226297
1.9469215805074398
1.9406553741505406
2.0374436999664254
1.9712296838142827
1.9149697058740789
1.9771117015823667
2.017081393617573
1.921979105879737
1.9053267211547913
1.9950829600019278
1.976973053085336
1.9018178230865705
1.8823192221871525
1.9936807097752047
1.950158397328064
1.8927554348230826
1.8470422722941524
1.9580061020755402
1.955761597857395
1.884485958948448
1.8267943856200217
1.8661936910720776
1.9595280300440538
1.9045524658075257
1.8380914156828487
1.7831625047476365
1.8504796181030874
1.9280807344356294
1.8868334545447594
1.8194457129933792
1.7380663562359882
1.7731520374208332
1.8645831022257962
1.8835035956959982
1.8550216044983803
1.7494648075634467
1.6782651410109446
1.7156986731985484
1.7767506048765929
1.8496182933323075
1.8633344623915467
1.7727296968431678
1.6793392032112109
1.614261366571291
1.5938364513049057
1.6648012959785659
1.7584843913450594
1.8106149475977966
1.8313667934606819
1.7878156985369504
1.6758427989165
1.568214833675242
1.4905374898673494
1.4381591867219348
1.4476200641260235
1.5218602160292722
1.6131205152153334
1.7082766918675714
1.8121539149801937
1.89052346707402
1.9165996651660242
1.9092962476625646
1.88137048142595
1.816518769791312
1.7151391899338753
1.604555023462048
1.4974591304096703
1.3834296501855665
1.2616707714013116
1.1489367071866456
1.0541569429000828
0.9690693861635797
0.8867732052384983
0.813362266962624
0.7569246052283063
0.715515963751873
0.6815995975564494
0.6531674054402931
0.6353675682027586
0.6327451560037761
0.6436824966773212
0.6631444277722293
0.6889138755816494
0.7236025227877518
0.7706338948847743
0.8290766328450315
0.8928873116898348
0.9549743473540978
1.0113661878436446
1.0610698488410444
1.1023178753777962
1.1299507064728873
1.1372592030379487
1.1207050440277542
1.0831905046201729
1.033497108071511
0.9831857878560416
0.9434991097020535
0.9232055050423152
0.9267411188315916
0.9523937514681406
0.9915959271201945
1.030651554519695
1.0550652114104404
1.055209049883318
1.0311576262717406
0.9941722997750667
0.9628470293053352
0.9541515855959871
0.973262801132709
1.0086954880384493
1.0376996844441007
1.0405857177856024
1.0152072902300873
0.9803043330102471
0.9626957538708513
0.9759255503143655
1.007539224543382
1.0283583834673407
1.0188772617270048
0.9892793763311329
0.9709505054835691
0.9839996193242605
1.0138649485958526
1.0260636773364975
1.006730687365282
0.9811994028409429