3.7785541589113167
3.9599356886273225
3.8570053466061354
3.986263360711788
3.842523394169043
3.9488483865948876
3.8998378301174967
3.9017472068320016
3.8917172415736028
3.8755722373595027
3.9235369921899603
3.90936079641115
3.8454595567159022
3.830618644454599
3.8589399941502855
3.8751067642950123
3.8624753339259414
3.8367875434389433
3.8130619770799035
3.794884863498821
3.779628845854161
3.764913972985527
3.751637723096936
3.7434718088643093
3.74252590441421
3.7438177605907343
3.738554226783219
3.729514958367542
3.7277768895880024
3.713668381447977
3.6613956553785894
3.636443620770169
3.671422541863849
3.641004929945009
3.5873357900772818
3.604518552654814
3.5860168493482414
3.538001276043051
3.5562808834155173
3.5038042760822052
3.509508810151099
3.4630539460755756
3.4743452047786265
3.4095435074456466
3.4365829466957827
3.3663652178988586
3.380587085326191
3.3407890457895943
3.2933527613922013
3.3183401745124055
3.2851297393934265
3.211620515629295
3.1909812322215165
3.20371676985988
3.191743226867093
3.146889120534303
3.0931428165076955
3.047868792222687
3.0129069391394117
2.9828902466215217
2.952809805644568
2.920737016591514
2.8877985735877716
2.857027091471593
2.831964610861346
2.816421682515488
2.8129512026311203
2.8096334874135636
2.767176039951588
2.6716581374544583
2.616136116027001
2.6596462849250453
2.6345037195980536
2.5059670676647086
2.526415623447837
2.5298281341616655
2.3818424617517766
2.469011521754272
2.326241280528677
2.364844149660684
2.261090245862277
2.295351322146025
2.1456647894921463
2.267200214194025
2.0188156550164553
2.1649863804664875
2.078949032271198
1.8558188706249596
2.05734959751893
2.0680378810811466
1.7315533603721363
1.6205296660835153
1.8778719072595134
2.140444953514868
2.129655353874297
1.8600975935003246
1.4835613047413285
1.1279665207649932
0.8522580021582422
0.6676109070122027
0.5673640489035608
0.5446952138749735
0.5975026431763398
0.7230237267468613
0.9027249858982743
1.082375894290894
1.171734867024578
1.1058827084407747
0.9533284641701131
0.9052023085453849
1.0192924984717415
1.072545986120606
0.9647834536744163
0.9691361523183799
1.054850587337834
0.9653157936918334
1.007324767077932
1.0137630826062296
0.977615576143774
1.02522341043539
0.9769101844954902
1.0193960287064463
0.9882788104461827
1.0003411218865372
1.0145604413508607
0.9767955635002727
1.0150658993824697
1.0080393923833695
0.9812545354056316
1.0009999271672647
1.0161351894134012
1.0011092745198886
0.9860602453373948
0.988650616384529
1.0004078624944122
1.009717075174717
1.0131252971547733
1.0125657832868256
1.010713668594259
1.0091883017694434
1.0086530431597485
1.0091656367260429
1.009946565455508
1.00883963487705
1.003324304574804
0.9946994259124003
0.9907622601395806
0.9974513953345762
1.006580249306287
1.0044919115749393
0.9946582755546962