2.8575026430700836
2.467477257781585
2.4419287843489705
2.43209135051701
2.4253003621039673
2.416888490575201
2.40412057637759
2.3857944098258614
2.362961503164344
2.339669534785905
2.3226520201334564
2.318902506055471
2.331056437551123
2.352828906318672
2.369200893383293
2.3652520243631465
2.3403889870508165
2.3144551112312044
2.3120532301741057
2.333172968851856
2.3461100244633237
2.326151309151548
2.296964510366062
2.3006591180830953
2.3236093502049093
2.3124069780462992
2.279027720631223
2.285529301283497
2.305857004044369
2.276793870825972
2.2572644665183277
2.284771582181628
2.265988752290339
2.2362405006388264
2.2662143822721803
2.242197046094855
2.2186160911499915
2.2505452473157046
2.2048567532134813
2.214504062695459
2.2177337637459806
2.1746039787276494
2.2143812372542055
2.1564480041618004
2.189910032394593
2.150761958675877
2.1589230911321255
2.1439815503109236
2.13110866391113
2.1303898202032636
2.1094049817641776
2.1083348600677096
2.095241044125831
2.0762154401442503
2.0897857033192024
2.0349637484808807
2.0872122018219152
1.998397138988898
2.0641089830745725
1.9962040056597348
1.9961244977675465
2.0272214432513866
1.9299778604793842
1.9989057924132938
1.9626346974347566
1.8902826879129415
1.9746095571933582
1.9169845380399142
1.8408459518266171
1.9281774060317147
1.904746391252435
1.7877525769400544
1.8330680339643335
1.9043631061720994
1.8058710128198285
1.7085896092814292
1.7774480669382724
1.8602012917953388
1.785327853815404
1.642986818519675
1.618657982877009
1.726252581550068
1.81600676070605
1.770027165953999
1.616286412548004
1.4751565729409355
1.443668720880773
1.533095157371062
1.6842912820058515
1.8190682476272677
1.8820314658482022
1.85500637411447
1.7499144198755208
1.5936029275332737
1.414653307592158
1.2359491616097646
1.0724827885580144
0.9323059734570375
0.818684230866135
0.7322565883778803
0.6726788731367473
0.6396285331583765
0.6332010923438286
0.6537335394907869
0.7010511350744673
0.773144631309239
0.8644337145528231
0.9641256919730287
1.055705190593773
1.1190314559423162
1.1362811715864594
1.1012769462412417
1.0283262044383168
0.9530855121370322
0.9182507506566717
0.9457060659601427
1.0129406494372142
1.0611829430964514
1.0445927471156415
0.9827735764726984
0.9497847847369628
0.9868672429750459
1.0390484134720774
1.026283232497447
0.9723538238903732
0.9738984218740173
1.0250890166281519
1.0210392469166194
0.9734022848055708
0.9909962804333791
1.0283438483873184
0.9922369967611575
0.9805897189047489
1.0227037756054589
0.9972528396096385
0.9830837852758986
1.0212796903851227
0.9900056580900961
0.9944468017679515
1.0164888599037392
0.9816442703780026
1.0135039348761652
0.9949239051155943
0.9970771860309886
1.009195272754367
0.9872607559603719
1.0144602229903423
0.9854081146274565
1.0142580132808976
0.9864657007716862
1.0131024930321606