5.477629803908406
4.7445668074507
4.598489684495234
4.609996651308955
4.617135519837455
4.560713790209668
4.6191571726652105
4.582347543735383
4.598891589934956
4.571512635573119
4.584806429097959
4.555921258570169
4.605747043616648
4.591303690694412
4.574512556557403
4.552971037751055
4.533301719494305
4.543812173273361
4.50816666854817
4.505524425504439
4.529323549384351
4.4673850716963095
4.495050689172057
4.4298262819780385
4.459420334225339
4.399393820760275
4.417096409085035
4.397153234204108
4.347758220958775
4.356979433654111
4.331191741906157
4.279324326915008
4.263528166513788
4.2604759416649
4.244162768607022
4.237526207073799
4.209098006079618
4.1723210735670735
4.157397914901547
4.120063077245388
4.1112878038767295
4.074602744961952
4.048112675934622
3.9950544626809648
3.938341964328153
3.9306987542908893
3.9328596849700785
3.881780219360203
3.816140070159123
3.8332954786689384
3.7908565065638173
3.727789482879874
3.738519813974029
3.645299977139383
3.668835875456457
3.575582568234317
3.586305035348571
3.532650330465583
3.471163550104944
3.4942399407985354
3.424673097862141
3.3440251573543627
3.3360838316269974
3.3365424566515904
3.29225040879179
3.2143114354433457
3.1478253346650393
3.0967680574917917
3.0427480039893897
3.0038034135881624
2.9532222240573325
2.9208804198145857
2.8914686426929226
2.8919911145827495
2.8766318169918104
2.80430010357658
2.6825392424768757
2.63458897768411
2.6896397482858303
2.5842800351262625
2.4671492748333956
2.567558727696538
2.3578247219984307
2.43491671482086
2.273132847232202
2.340177115293397
2.1175736436195987
2.308556670938057
1.984028268128403
2.0692760050088665
2.19624112481121
1.807466322541766
1.6884363832896352
2.0307609493798404
2.269692216448706
2.103656727914626
1.6807568639498696
1.2346680985394556
0.8804384380655298
0.6543118890455524
0.5377553680632515
0.5249765758405032
0.6078037957235992
0.7845467657504019
1.0032854199923804
1.1644339500838796
1.1408936687713476
0.9677533944168096
0.9009958304350403
1.038885663339257
1.0561308998266687
0.9343097563452383
1.0310334742662437
1.0053182081717544
0.9796973007458691
1.0284710410839992
0.9767610021086952
1.017372473244773
0.9991628652568565
0.9853237524308806
1.0286040114389916
0.9823893212394095
0.9888296435394048
1.0209333149369642
1.0077535715334318
0.984668051185787
0.9831796800181032
0.9963037281178356
1.0094749139983552
1.0133477293901976
1.014773565230276
1.0146322724350803
1.0129151111552517
1.0114904049724467
1.0058092140116652
0.9972177833532934
0.9903126466570651
0.9908254961644308
1.0047573581601257
1.0099476512223442
0.9943788092140301
0.9937826802178226
1.0091200927982626
0.9952547684990276
1.0014217577770501
1.0026523520682769
0.9962666426294681
1.00324580634282
0.9978042000598075
0.9988432269906065
1.0047901578980067