3.6545847146955652
2.915501302731724
3.0461898164924315
3.0792221191688975
3.0277870411716044
3.0500008491004253
2.9771909259638454
3.0656371165175673
3.048817225852173
3.037218804659982
3.0172776405706374
2.992382129640364
3.0040116142263558
3.006776589260014
3.0037921265135266
3.0319444590344737
2.986541917536785
3.035043141494129
2.984712988808491
2.9917428732850193
3.01109504219507
2.9558214390080204
2.9681575031094773
2.982557099395731
2.9296800388013904
2.9072659078772203
2.9330264546035005
2.9337384607492076
2.9022612043704767
2.884319542470522
2.889937375406737
2.8944418316585097
2.888088403378746
2.877200892713253
2.8543418334017456
2.8158870507291756
2.7918105001529105
2.7922784653858566
2.7779902859601835
2.758205369570307
2.760471815211846
2.7398704561307716
2.720342420914125
2.7136239587130593
2.6829552349957395
2.6823799279085994
2.6660985232190435
2.677491884178427
2.6772180794058653
2.679178109287618
2.6417097817792015
2.599493545409227
2.553298023496675
2.5744166106192807
2.5877251790806843
2.5570655022373296
2.490752174120124
2.487753935348494
2.526699020539981
2.4542916160115995
2.4114077444939466
2.4677219560966335
2.3897875770992627
2.3686998764760308
2.3985063860363858
2.2940015571522787
2.3688586077662284
2.2659490018023996
2.2988663674667005
2.2308986609891828
2.2439297523494006
2.1847895789559826
2.2170362144100624
2.1134598497091712
2.2024345648668167
2.0403221734181414
2.1434066891292627
2.051645099151897
1.9793025333520575
2.100124432786905
1.9378185026671866
1.8906928063366146
2.0338862998765954
1.916134613819203
1.7377381284857263
1.8351346225731848
1.970261769592109
1.8511237287627107
1.6105017010388416
1.5338715247167662
1.6849046009578479
1.9072957369684929
2.028779324660521
1.9766964961198996
1.7769302529575726
1.5107335228267686
1.2457187784448553
1.0100759339716983
0.8251837218972596
0.6970492271428482
0.614608647078154
0.5838889932692473
0.600971146298063
0.664153278133833
0.7756842944666029
0.9116842969777816
1.0524134532470013
1.140279292073345
1.1458572250392995
1.0563651725748124
0.9475950419337899
0.9085120197143322
0.9845020176602063
1.0658878015581543
1.0387740391553089
0.9537388428316879
0.9702671426526885
1.0475543089301784
1.0056692130419815
0.9586993039287217
1.0283005859623437
1.008393839014281
0.9698148123285816
1.0299516257412549
0.9828864791333278
1.0044360921879023
1.008329416581222
0.9836402741462948
1.0176618265111024
0.9815011970891567
1.0193742002984918
0.9848833933679851
1.0140297077892095
0.992048017355446
1.0009278966721353
1.0065117219501627
0.9855035845463134
1.0140063648158415
0.9917748180097347
0.9939256170425937
1.012737995000551
0.9929285706061941
0.9924017242019129
1.011380155529281
1.0051384017336542
0.9905133600151841
0.995419756592304
1.007406665224344
1.007399260059738
0.9983316283068978
0.9921623636083202