12.896286832673356
11.756305867348615
11.761459288324478
11.661619796255172
11.724548550584645
11.729938708088428
11.683715933638645
11.65943284041473
11.683488886863332
11.666139575636572
11.613660331421498
11.605259238982056
11.52875047896003
11.51875323051148
11.484953171483696
11.466686810207406
11.417203139795415
11.351291909136604
11.305414572656435
11.251195280188314
11.16246838225312
11.114082075934508
11.087132992337246
11.00489649390343
10.940039215130058
10.898132004017006
10.788007273894264
10.718931050680087
10.630784586207726
10.55058347926799
10.475640278589905
10.413188405813827
10.354542557873613
10.229356231883706
10.149475082605509
10.06535256172282
9.988192069130756
9.848924608153908
9.768959500433244
9.690553875882845
9.587189851446063
9.485924357590386
9.371092373717037
9.240380956819786
9.14208233645952
9.05971990571634
8.893205332984543
8.835907012121655
8.676585403693089
8.561473940712416
8.48109595215129
8.361207612822325
8.228934797714217
8.111785095339693
7.993245264236047
7.843446744818074
7.6814627471104595
7.599973187171448
7.432508517466821
7.340323271042992
7.156204456654355
7.066509851371463
6.9524471286917215
6.803697138496838
6.653746597591955
6.525756380211135
6.4088752485217775
6.257551614214697
6.0591324245839955
5.972778837698006
5.808332461612969
5.699879428257994
5.491129954934828
5.419719532201063
5.298034155349952
5.141510177182144
4.988909355211793
4.859534853392164
4.738169707811743
4.549044126599151
4.328574592024391
4.30943915490229
4.0541489173001315
4.036374561411764
3.745453172073878
3.6388624166760515
3.599975826355876
3.4925043863663117
3.363279218730616
3.21769860372603
2.9669442544808757
2.630117125782043
2.736804487191766
2.572360487663451
2.326092395023775
2.1076561012581623
2.7605614737634783
2.169200162177661
1.1948148760526067
0.614719366561486
0.41743882372169594
0.5027021578958211
0.835668331178635
1.1907144966211383
1.0751636930639183
0.8889123454553551
1.099552077643126
0.9293666316276563
1.0219082314539785
1.0479428803564304
0.9887349231778698
0.9642771018204046
0.9647071602947577
0.9735506832424649
0.9968561535246864
1.0258498983601125
1.0016397400277226
0.9842813429351313
1.0166544065071275
0.9885737660060506
0.9972446209746071
1.0161861643513486
1.00423929889286
0.9947093456109268
0.9921432164786481
0.9960381508580041
1.0060267553629776
1.009814055249577
0.9924241600868176
1.0001190711989962
1.0015090579230859
1.0022748783041864
0.9919603632915603
1.0051586142616213
1.0072342830120418
1.0042312197670173
1.0037681927467892
1.0055034079956136
1.006516270708363
0.9998083942153823
0.9948664936374316
1.0060768089143564
0.994758158844436
1.0049855977665163
0.9974685560595398
0.9958991370661257
1.0019557570258375
1.0038594094629758
1.0035549078382862
1.002509652510927
0.9989167513528318