10.864751808759795
10.791778099746097
10.710964869310464
10.766660766379522
10.75108918844254
10.767289027857979
10.757292751701616
10.768993568951325
10.729539424485457
10.709512915614248
10.652798590575115
10.625339902280897
10.636167179153313
10.619359601128828
10.567195167877196
10.486517522048736
10.489715663612394
10.42938849324583
10.425739897768947
10.324341587886734
10.28955297321027
10.281877439288248
10.200889117702854
10.160437924641977
10.09523560160999
10.031778966469414
9.9669089299517
9.876531244297146
9.831572338411643
9.76921286282027
9.669816796716619
9.603673199275093
9.55641697448884
9.44579619407775
9.351287079186415
9.291897048739468
9.20633172985179
9.110765204793196
9.02197317726556
8.944309996932901
8.886701479113253
8.765482878583754
8.674793275474444
8.582973249708546
8.48893874586086
8.349554019593217
8.28262912593889
8.192511390219224
8.101801571280092
7.986861991231007
7.88297325481162
7.766096998999412
7.62162480551596
7.520871977586461
7.4440054177189205
7.277371860654753
7.218346349889483
7.054781337012042
6.932302859710578
6.861163607277878
6.74466057875227
6.626302585719249
6.502431099151232
6.384479448532304
6.251864307177979
6.0817264485501505
5.975510035490819
5.8902730533612235
5.697948842789171
5.630089972948428
5.47954353086143
5.309094559738348
5.214633056994788
5.125357832550388
5.003326153827719
4.875082355418071
4.716843678364735
4.526751472349951
4.407541959800711
4.370402566021335
4.11926669286917
4.107085458181129
3.8416856717358367
3.828291203215874
3.7137518007985326
3.492190615086212
3.2989402189355808
3.1506160882792584
3.030279282501364
2.9910447772401234
3.0032572793560126
2.689997606833102
2.447559523024452
2.6617271322325564
2.109498170505193
2.200193546978906
2.7148115353666777
2.0600147140931213
1.1550060113798777
0.6158509854314096
0.4255483271399398
0.499354742541656
0.8067958157062233
1.1649932434862043
1.1201992895947726
0.8735990525442542
1.0930163041830034
0.92683297425433
1.0699307382964534
0.9764096963709149
0.9561705135835704
1.002534185468688
1.0243161232753637
1.0252985011555673
1.0153095939780263
0.9908770287799015
0.9745548043464671
1.0072023131476393
1.0095489895391656
0.9850609770344215
1.0115985982062314
0.9997497841412236
0.9861504109295804
1.0060997959058535
1.014069931657098
1.011473660178879
1.0105486926477283
1.0120321281011866
1.0069977318097871
0.992753393075119
0.9950494370895242
1.0082673449824102
0.9910557782451858
1.0081871225783643
0.9967956411840664
0.9942743919067558
1.0047357856056147
1.0068425638136282
1.0064130595248966
1.005489279189068
1.0062130449607234
1.0027341889087509
0.9951609161761823
1.0003639426438597
1.00342411284039
0.9969176409432533
1.0021926031894612
1.0016087139494756
0.9955270204486889
0.9982102273599328
1.0014793962400215