8.126841539808753
7.1627876313131695
6.986506095565402
7.054380931300453
7.01448081301963
7.0521905686241375
7.002628111079946
7.036674534063208
6.99814235887422
7.001857703598013
7.040902079139115
7.008527105471801
6.970595604876983
6.993845134681152
6.926116676497721
6.952991415378783
6.890632068151948
6.910213669406152
6.8450840686103485
6.796007337220616
6.819338732616
6.79987872574004
6.751550257169764
6.727779319647985
6.674106346858605
6.6575880503724125
6.631184030690563
6.593787278075622
6.561005119151685
6.49880782572838
6.459685760281031
6.446884759710349
6.361882395013703
6.350479761846641
6.28267964049241
6.2732237496719
6.191165383159354
6.178908970915601
6.123316030189727
6.043867774516942
5.995930052261248
5.945132526030551
5.915515581692223
5.8545430477678595
5.806837335640751
5.729434583188453
5.659296408829463
5.616039148426256
5.590623586432855
5.520581481339757
5.417057011714865
5.40499601365137
5.301495281006241
5.2746818103575706
5.168132619437945
5.161268527415609
5.057469418196575
4.970119022087315
4.939868011712824
4.896172488896772
4.810374389332871
4.733076294902805
4.652652311882221
4.594430681893932
4.531279362661705
4.466457603997011
4.3643433595720005
4.243991350721493
4.211991737564709
4.156899695743646
4.007358770575948
4.018751259848205
3.847601949772836
3.8629827381371458
3.7204626460120087
3.628103162769333
3.626891094067845
3.5331050628153235
3.3934765128929905
3.2703447132258043
3.180956930615255
3.088095515546475
3.005436564958553
2.940985667960258
2.933146467650436
2.9269319944102796
2.7355083150403896
2.5387636537558245
2.6876134061238828
2.3795690122565394
2.4691063317996162
2.170763450300483
2.4395696627803867
1.8677499042059913
2.007424491305233
2.479635388432011
2.251542540529525
1.5823370529983363
0.9896152593845521
0.6273046343913187
0.47721176806525895
0.4977965294569449
0.6818424467006967
0.9805901823680205
1.1926807900067102
1.0835555599056346
0.8837357739748577
1.0362165658203764
1.027388902956448
0.9598514189727538
1.03671981538135
0.9850508606980035
0.9826186586536554
1.0409336783284395
0.9851274004487612
0.968574060095667
0.9976130083753566
1.020162259069556
1.0237762155075607
1.0243286411790855
1.0202119673634122
1.0136542891462565
0.9984207131632068
0.9824963210877394
0.9936575182903746
1.0156272342068098
0.9933333819292121
0.9985865979822731
1.0064842312278688
0.9950652945208732
1.0012009317843635
1.005665798179389
0.9887901469667238
1.002602502694802
1.0099965537726356
1.0024013699363867
0.996524283020501
0.9924564488642036
0.993324559315862
0.9932077941688919
0.9974378347054335
1.0036103432837231
1.0064741708567946
0.9994932776161221
0.993917059647151
1.0053593623609984
0.9989934718927445
1.0003104965248524
1.000534757406645
1.0020243986666248
0.9950871764740258