6.304324999604275
5.972905428243418
5.982764531066514
5.9058614107474146
6.033506407412284
5.965939036844792
5.954737238127066
5.950377183912282
5.900181512086137
5.884566587450416
5.897462513109833
5.908245426946924
5.915863732331965
5.921939942712697
5.905192193898028
5.85608317067411
5.836567000857234
5.850822923772427
5.782500943728831
5.7732599477663795
5.771365808166082
5.748325080712899
5.703149229104838
5.718655019166569
5.647048434486237
5.652143671197781
5.6387168634910605
5.590801680551692
5.532403964989973
5.524666696537767
5.500770173643858
5.466143785435403
5.439766731368578
5.409470237896318
5.367309047882269
5.321964271698359
5.293269984986344
5.28561806054732
5.251983208766268
5.174446026427842
5.153464997138331
5.1187684663867925
5.041034966129819
5.052256269661238
4.96315683605107
4.947652457878318
4.90093893780951
4.82137329813866
4.825521518482624
4.767620080243329
4.695132186101574
4.626651254803747
4.5905990505462455
4.558855374668535
4.5096677247959835
4.452333573389195
4.390843186049338
4.324482861562327
4.265393693183061
4.23611484838054
4.2185691756780095
4.135516993203521
4.0356299737711785
4.041059608530108
3.9440559899326706
3.902921057318256
3.838905144855978
3.785561181569972
3.6919164749537434
3.6981054701375795
3.5740041430593172
3.494593530882661
3.501059497247149
3.450369890987859
3.3575986477288025
3.2556899775225405
3.165812312625265
3.093725751318042
3.0343620803393256
2.9921752513187956
2.9743838758181607
2.9502782897063025
2.83439078268635
2.6490317426261893
2.650870157379776
2.686856743273715
2.4041451871086252
2.538082772563884
2.282614265922466
2.415053516328817
2.050971888853131
2.362225136332535
2.0049509583885605
1.7617830573298985
2.198871406573332
2.396594460623448
2.015851258518237
1.4272842647477497
0.940276534874006
0.636802201297646
0.49923959850942035
0.5042639011006352
0.6452626683122685
0.896346659872508
1.1390836557498896
1.1682118714440666
0.9643803783689548
0.9090774802513109
1.0803946446436388
0.9804744463564785
0.9849017959450269
1.029203821445597
0.9773628765722918
1.0070497037546864
1.0184123271826724
0.9638859668125835
1.023067301225488
1.0192627299917398
0.9817426235951644
0.9753332228571766
0.992289695293947
1.007709981874572
1.0128061699900348
1.0122519519061988
1.0086883456921873
1.0008576009018226
0.989886733674773
0.9856556225499982
0.9995668523784578
1.0142018704087512
0.997166651688476
0.9909562099012207
1.011049863559285
0.9896435732789037
1.0098600671538853
0.990462274526184
1.009501135774469
0.9928266662320505
0.9998042773953142
1.008589503953398
0.9953831404078913
0.9929554775971187
0.9987249551631933
1.0041433596037346
1.0072670947587221
1.0071898339650691
1.0061827397599648
1.0054283133776287
1.0035348833608342
0.9990274023636093
0.9945481817721477