0.8463798714453932
0.8521576150559862
0.8693359261277802
0.8974372893783717
0.935628026425189
0.9826769657923526
1.0369248104999977
1.0962838607946312
1.1582843348301652
1.2201760830166402
1.2790842094477817
1.3322071434382254
1.3770345489292821
1.4115590876554007
1.4344528713138407
1.4451832233396937
1.4440511221266743
1.4321458273176773
1.4112213092455441
1.3835108338359012
1.3515038888405135
1.3177138243014197
1.2844626160409496
1.2537069514262602
1.2269184863766678
1.2050273311008324
1.188422648209475
1.1770046334415987
1.1702716979747325
1.1674302117389772
1.1675122831388542
1.1694914388679365
1.1723889831121632
1.175366388057529
1.1778017922116026
1.1793469105960481
1.1799627197718254
1.1799280550015447
1.1798182604889478
1.1804489626276775
1.1827856186827004
1.187822348490457
1.1964408465985452
1.2092653146659151
1.2265338730014057
1.248008263784528
1.272941141206624
1.3001137546409023
1.3279465154107362
1.3546736041009197
1.3785592990699354
1.3981265356766195
1.4123608474241038
1.4208551192903842
1.4238683537278236
1.4222828551445934
1.4174625090000572
1.4110314788412524
1.4046067070103667
1.3995292996241244
1.3966401845477467
1.396139914433042
1.3975602696707268
1.3998538889421042
1.4015890192841614
1.4012161598024988
1.3973592833765645
1.3890788070207047
1.3760573255387158
1.358672404874812
1.3379411352892971
1.3153450278042418
1.2925668536142052
1.2711883085831397
1.2524059446053768
1.236820904689239
1.2243432185756942
1.2142312081549484
1.2052589528861115
1.1959795222584606
1.185031688624512
1.1714280980244227
1.1547656027952486
1.1353135307657853
1.1139603687314443
1.0920288715693753
1.0709975994210739
1.052188110694697
1.0364851375680475
1.0241514329936723
1.014779523999622
1.0073925836811213
1.0006736036463875
0.993272343331781
0.9841205710241678
0.9726826045890408
0.9590815975719902
0.944069955814912
0.9288487251579525
0.9147772073415495
0.9030420127412767
0.8943662628427611
0.888831997858796
0.8858623120347604
0.8843705917467778
0.8830417075398995
0.880674954478513
0.876500428978582
0.8703849542932898
0.8628705418379583
0.8550315971276278
0.84818573587816
0.8435342146091149
0.8418296762273357
0.843164490137349
0.8469419362082158
0.8520426444293309
0.8571431676286307
0.8610981691383255
0.8632761957989149
0.8637489482917577
0.8632740381859525
0.8630709973588547
0.864452769266702
0.8684210555872104
0.8753489420700651
0.8848513954230063
0.8958892238620989
0.9070800903694174
0.9171234456047522
0.9252063835269975
0.9312587638918561
0.9359702440212225
0.940556839348328
0.9463470707434836
0.9543205129210734
0.9647524423518931
0.9770880409440258
0.990095744409004
1.0022552404979541
1.0122526550528739
1.0194134916813433
1.023919721205888
1.0267284828993357
1.0292135478440274
1.0326512565914578
1.037733339697175
1.0442855825751491
1.0513017257563415
1.0572888480038978
1.0608039894946037