14.413339457824245
13.846492315184857
14.031322024595204
13.904146611132388
13.875850532267437
13.895811615198582
13.90253993470189
13.871810567567369
13.778043115964687
13.76283933406455
13.772950809193595
13.705936928234655
13.67099190404328
13.591017553446838
13.586939566107644
13.556377500640338
13.492389992675099
13.419882949614529
13.360877522808664
13.29466878508198
13.174767611605692
13.170321031567033
13.035447378272128
12.997214574169073
12.889570785106722
12.799758777374207
12.72341913874638
12.629266442234819
12.519817691388964
12.423387615485261
12.33842329746066
12.257663971585455
12.102788699153797
12.050489879763989
11.906826493534211
11.772997730624057
11.674877648613204
11.56962073262365
11.44865526552441
11.29923203116346
11.154908060028712
11.071501198817241
10.918726033872394
10.783772034741192
10.641974886013406
10.542058663226145
10.387172092983128
10.22731253263455
10.079953309659649
9.939920652021012
9.812303461218994
9.652767698206
9.460830160687829
9.365799742556119
9.162191926292856
9.02714862530055
8.896272253325636
8.724339637965903
8.55684496230209
8.406917194542203
8.259448470099912
8.076288358873853
7.870935317854069
7.76633587178382
7.535618992392286
7.43991285281408
7.246561342489865
7.039900620820318
6.8656122198903216
6.69382897512542
6.524939064847918
6.401674452144696
6.265837227723534
6.011243963911992
5.9255766631763604
5.664986364629138
5.567613583925135
5.427504793104097
5.2291581913363725
5.0468652993355505
4.897221925529551
4.758247018796458
4.521040202341584
4.289664763447141
4.262014581683669
3.941041855387392
3.8484389736315276
3.78047863151489
3.5541949851093837
3.339039794771064
3.2034798128889532
3.154787237570811
2.9641660686325113
2.431155318076599
2.7634588682520165
2.0021614629538678
2.787106003620011
2.3913715459435596
1.287139713474412
0.6145542304535758
0.3998137973612952
0.5105824318972734
0.8965217772501417
1.221952566049342
0.9738563279295327
0.9784250482835608
1.006118994593745
1.0516222295697988
0.9474465483266742
0.9584661290495919
0.984686270166323
0.9859541851431909
0.9709635567009666
0.9758180200910376
1.0233580501941053
0.9933742264989275
1.0038136986886883
0.987916370904634
1.0188705211792426
1.0054569034698175
0.9919645972679267
0.9900733794517917
0.9954317822288383
1.0072137197906015
1.0102822617009142
0.9890299384160616
1.0086510589421152
0.9904079313628829
1.0088432774562064
1.0021591114434418
0.9933660872795148
0.9916383318108065
0.9920120866617949
0.9962105562861027
1.005373722693883
1.0026754075813895
0.9944046729292332
1.0058504030460669
0.99658899008357
0.9960655103010323
1.0033532368343832
1.0050268762065284
1.0047861389060473
1.0046410108205948
1.0009215120491797
0.994960159298628
1.0030836537522492
0.9982539126415066
1.0023695962042118
0.9961624610472539
1.0005100681399817