16.205813804295843
15.212789772969417
15.173659813758984
15.218562770445613
15.111031147560672
15.059417571823243
15.135889595444187
15.075634902912016
15.077945553308767
14.99104486832018
14.95564615489675
14.90969282904551
14.899078498391864
14.814399149014436
14.759862749148532
14.67994439946397
14.6532325029218
14.54520655111877
14.520062336465013
14.424976665142802
14.322417118285658
14.260022577421516
14.159298543246074
14.081397910648514
13.994077006524876
13.938690013718096
13.799332539090301
13.737240683971207
13.587577504013868
13.501047012645936
13.400799063715427
13.279144504885519
13.176172699032772
13.033065765689798
12.890142354546004
12.760799918820425
12.659381848259862
12.481317924676027
12.37063686618001
12.255564011231527
12.09533073172719
11.92987202018638
11.800306319224925
11.658039475989694
11.512375062065358
11.317320753682944
11.205229311887154
10.99649657331946
10.88206525233459
10.724723779457584
10.534370808531415
10.356585211802887
10.206886735586481
10.054065833816791
9.869546922478296
9.663537070020332
9.54726150848047
9.31757233829872
9.160748415915558
9.013017371615193
8.83031086159521
8.656114853985741
8.473836935263357
8.278813722793972
8.045269047065457
7.91747623743614
7.685432859579712
7.561648170496688
7.3196869923652335
7.120012597084408
6.945950239144955
6.753768471082977
6.558085997212065
6.398905731021578
6.2736806244594625
5.9960269277864775
5.90627873373705
5.621575739445498
5.463867275152213
5.338160850179484
5.1741687918141865
4.9816572072374425
4.751065024823994
4.483554986442433
4.414293695999624
4.180022995448635
4.057237519582542
3.7237071196502733
3.652727654972319
3.5711737629528484
3.4219197356307633
3.2120882466239826
2.8416112618076594
2.561735473236233
2.8867180007470385
2.0218482839011997
2.7611449882969445
2.5029919242248173
1.3369035118919652
0.6139894575735363
0.39221846342756017
0.5161958059996764
0.9278654432096795
1.2268959174470324
0.9276360267470758
1.0356567775421048
0.945751018862351
1.0725119446739957
1.0137278850357214
0.9717910098671177
0.9689804173840646
0.9866927933742561
1.0223403319380713
1.019813771800296
0.9736096208818691
1.0241497807294428
0.9804298362218714
0.9986966955487516
1.0183068389464147
1.0156632736985063
1.013941638256871
1.014857352021403
1.0035172624555864
0.9867590446444251
1.0097675829178931
0.9906986496037392
1.0106181192545916
0.9973719317668769
0.9902365717911216
0.9923355402429664
0.9918448007278365
0.9926653113227413
1.000400998658186
1.0063870182464165
0.9933833640477328
1.0070657613892338
0.9965817197221878
0.9958588801848831
1.0014106390100692
1.0039305965523022
1.0029142494936958
0.998568842905865
0.9947256754087187
1.003496289682493
0.998668659122331
1.0030903515969318
0.9960239578062862
1.000292780969995
1.0030457514779874
1.003997746830405
1.0030328636347194