1.8047079224472269
1.7654608057160588
1.6592164165624699
1.5154657636980569
1.3699133995293113
1.2529048564583556
1.183295499567219
1.1678820846458473
1.2029349386058168
1.2751512381790375
1.362786915049573
1.4396438508226304
1.4827236032186124
1.480554078576628
1.4373681774788252
1.3704678900669256
1.302427075983644
1.252596414622061
1.2317173726331385
1.2406284018683844
1.271879452872196
1.3129199257539852
1.350324542325808
1.3744825305238644
1.3830912464936684
1.3812635449992807
1.3775287992687717
1.377824130093876
1.3813560882375726
1.3811614611459175
1.3689546737487885
1.3409779535750406
1.301196397095591
1.2602186387946703
1.2309041809821628
1.2230074883161877
1.2391382882557929
1.2735656335043604
1.3144969259926527
1.3492523936809604
1.370165888154974
1.3779756936718484
1.3802780247324173
1.3855484529135969
1.3965022249595642
1.407490502658881
1.408037479171898
1.3901973495099718
1.3545370192845028
1.310505636984083
1.2709918212098323
1.244897906610432
1.232691602029987
1.227605464020554
1.2213247895525432
1.2102435391069095
1.1982194324209925
1.1940686002519967
1.2053934905089918
1.232829366765966
1.2688320548829262
1.3023009253876308
1.3261124127597665
1.3420027630066182
1.3586703906531723
1.384081429815354
1.4179813905647445
1.4510639858329095
1.4720234790638007
1.4768150198090888
1.4720191005679162
1.4689853936660058
1.4736476591890106
1.4811370269836857
1.4802855794460898
1.464080339524755
1.4364100699678715
1.4086818483174437
1.389370714392402
1.3763910024924209
1.359616309033912
1.3311322038705842
1.2932364670257768
1.25633969702314
1.2288647229207939
1.209225368732777
1.1879122871210919
1.157517947184134
1.120443886491872
1.0863985324269798
1.0623464725934773
1.0454459666105478
1.0263866963252457
0.999526294778172
0.9689445435575449
0.9439025155571847
0.9286968773284466
0.918077037168195
0.9032963409691287
0.8820176424290418
0.8608913580308792
0.8478609587878821
0.8430191552615374
0.8386217409250651
0.8282905738116069
0.8145883085114727
0.8059162546905875
0.8063681959920745
0.8107867628177761
0.8111451293529511
0.8065190636987141
0.8042624482976103
0.8107552093301543
0.8232724162366896
0.8334026071649215
0.8378461703966749
0.8427039360447751
0.855469805613815
0.8750037395953232
0.8927917303117293
0.9041047488976538
0.9142353535681433
0.9311706829130574
0.9543612881910479
0.9749931084761508
0.9877281889824231
0.997812171650731
1.0133973695365084
1.0335580522499639
1.0490067018166442
1.0548471321810302
1.0572543942323611
1.0642220860148333
1.0735652929351616
1.0758237291239738
1.0680992832395835
1.0584031920130001
1.0538188067834884
1.0501260385502205
1.0387202685631205
1.0204523209633696
1.0050793890520697
0.9969780929621994
0.9893256255360119
0.975985698304969
0.962305491855877
0.957417769982199
0.960216145284927
0.9617197624285533
0.9600995228954818
0.9636326196004831