23.828068465052866
23.049743722036478
23.204993811628835
23.098630654669062
23.043194804775904
23.016818692532553
23.029024953725525
22.961623118733957
22.961484922655234
22.876735777744834
22.817566168926938
22.774058070946154
22.671703042435716
22.56900676358382
22.46924137344437
22.335773156164418
22.25421786463738
22.106699494220646
21.968831153606082
21.857175316309824
21.740636020678295
21.562666196714712
21.46672554837446
21.296374043641414
21.126385504380746
20.930674520671964
20.77811354053549
20.616685419548098
20.402357875140975
20.23321738369301
20.059488267506953
19.813355597552754
19.636056978839157
19.442996716043496
19.22957353469951
19.0215102915107
18.759944484480954
18.515566716989714
18.330056535077066
18.05248366192614
17.801240391506454
17.568687108218533
17.304195762225042
17.04552714293901
16.81450886514407
16.555514192150692
16.30262761479351
15.998499142001453
15.734203431161227
15.456597050239079
15.178757951318332
14.919479482283041
14.67077940701935
14.35377432390391
14.071648238301512
13.821870945235489
13.539319377609335
13.237552903734116
12.915901282490994
12.63793976486112
12.35759734932495
12.075569009369712
11.738144241209165
11.440283621542644
11.15201000114683
10.878696207209625
10.637408345178848
10.268593618465907
10.049087531670894
9.727137749537022
9.404059563009032
9.111751890012046
8.852261209087107
8.608515296477545
8.231530162873597
8.038035460016483
7.678904868821813
7.369041199256235
7.09066012932243
6.80376455018418
6.5955619522570945
6.351601878301073
5.994109527140517
5.747908304917077
5.569395550912937
5.31756840628014
5.059209380057294
4.708614497149854
4.35249517105751
4.311140155808269
3.869187323888225
3.5466698817710163
3.36975770127039
3.0688053178669317
2.674653862006273
2.908023460134214
2.383943990412069
3.0235059990128432
1.6339120579154294
0.6226607311358895
0.35550853214427275
0.5565038927613728
1.0813735481335878
1.1380077068068584
0.9046377749358595
1.0155807179378504
1.0787720895706707
1.0427352488142354
1.0396707141135577
1.0429321636478983
0.9792783677929155
1.0051377674006998
0.9846975932124404
1.0252606174172467
1.0178416644169375
1.013637483452576
1.0194157251109917
1.0016743233373155
0.988554726492691
1.009683794994608
1.004920228687692
0.9901802627663789
0.9884630173395967
0.9909124000897963
1.0041626510189674
1.0055973678562322
0.9934484755098328
0.9997588188662129
1.0078365175513424
1.0057832810424028
1.0067317042778652
1.005877035147243
0.9956555754503487
1.0023577349885073
0.9952894330827803
1.0046613585173625
1.005091942250084
1.004909426002097
1.004672953592813
0.9992986768041469
0.9977081712894339
1.0010169936857722
1.0025405129152032
0.9975210844104306
0.9967861684304614
0.9984006530030708
1.0025521672005242
1.0004710639556296
0.9994181536889876
0.9987425351542978
1.0031916802080332