11.46649934903544
12.711974698351476
12.7659038535745
12.80194290481931
12.772304746863119
12.768897088767988
12.722706938128036
12.740099376779149
12.707184414865726
12.634030003145815
12.599793449000973
12.572022073557735
12.528237030068818
12.485003672972564
12.48750179307084
12.470436290287052
12.352580956434183
12.363959706466476
12.255463941713128
12.21921298192885
12.172858625017188
12.105082120494094
12.037125183699729
11.967618480179137
11.884146833700486
11.78515248591317
11.729935127514336
11.657458800608211
11.543881551520212
11.476109429874386
11.408109216245117
11.272336646373974
11.164941706860008
11.07126137975797
10.97160897998038
10.874794933141992
10.798314530637013
10.696339871246506
10.556362548256152
10.477837000894061
10.337766875959733
10.220937635088442
10.130179530473743
10.016385002881288
9.891669184294027
9.771271268314779
9.649930305152509
9.496824824421525
9.332000108366644
9.256777226160514
9.077559043978559
8.991225912018018
8.803899918987529
8.675403595512861
8.561640686197778
8.429248725599491
8.284020195458973
8.12299228958865
7.954784444844826
7.8399303550953565
7.707774961217406
7.518772742501081
7.409229005033225
7.261411593649126
7.059413327406927
6.914366982586451
6.779551781557831
6.625478858634693
6.452987838199035
6.299392536852205
6.209151608999004
6.025424836908465
5.860295121677357
5.7101744922969955
5.598725483998443
5.3749919580284775
5.1976138009022
5.050603359488684
4.890750861375831
4.717689251804183
4.5898275764847645
4.531335333207259
4.2841846169713325
4.157909386599388
3.966981559651564
3.926374983321781
3.6368075937614264
3.4185312354411788
3.2717977937066887
3.1022885930266595
2.906866966020293
2.8404881442358962
2.9534136842299503
2.4578068410736007
2.562909410453232
2.0346008951527152
2.78545240794999
2.2796126472376987
1.2398183644851848
0.6140762749717441
0.4081918118182709
0.5061985612765497
0.8656278011745434
1.2103649530735217
1.02424600770926
0.9252245558386583
1.0664529044878095
0.9850705843048612
0.9521771256140241
1.0326753649148965
1.0468577325473578
1.0379782790479353
1.035113358968567
1.0261138669107719
0.9903960499256228
0.9803811610266823
1.0233706667210873
0.9788821495306113
1.0190200283818123
0.995246281744006
0.9834334124999539
0.9957494155089364
1.0029541128647617
1.0013486739272854
0.9928911947209936
0.9880937116430568
1.0050927382478656
1.0032979939205156
0.9951520910710941
1.0014112746533783
1.006100816453279
0.9938593555540882
0.9927060605370622
0.9951634132981173
0.9950477553244519
0.993031150214941
0.9958271796458843
1.0060380069234935
0.9986796328281501
0.9992826828276189
0.9991687009235992
1.004836251567994
0.9959071064433831
0.995205423545936
0.997574126418392
0.9979227446455129
0.9963563599436276
0.9964523327155482
1.0023230314232103
1.0010093064963563
0.9978680319979771