1.1734582170989107
1.2313939058588028
1.3832380173153829
1.540505699125435
1.5864018980347019
1.5007337499721891
1.3800971286712158
1.329112387706325
1.3827562705710614
1.4937620135146954
1.5612736967320748
1.5208460170332871
1.4139925826331214
1.3398176884451052
1.3578730970092165
1.4448734023617205
1.5195411878243057
1.5189519732509151
1.4601227511519461
1.4073445356462997
1.3942857719030344
1.4055163286703654
1.4154034677295442
1.4232400427712197
1.4487930715880055
1.4895246732842966
1.502209326695746
1.4560865246966865
1.383674472364589
1.347883044038791
1.372214990448565
1.4219908238815744
1.4513796865538742
1.4572975355233562
1.4671419768452048
1.4786604020359706
1.4564128638712668
1.3959695131711019
1.3446366269967716
1.3422495307461997
1.3738381675441238
1.3996431611874691
1.4140719363201832
1.4429762901081606
1.482257526979713
1.4879857090723088
1.4462938925102171
1.3987232733201396
1.3745813854780453
1.3535709066887747
1.3199959681868276
1.3026789917524724
1.3284998404906467
1.3732848968992724
1.4000309752438915
1.418726871162188
1.4546292455761887
1.4845125547499933
1.4730642639169027
1.4404899064104775
1.4204510381441051
1.3950651259637208
1.3422931399614864
1.2919781477786074
1.2720372719650113
1.25993596689779
1.2388041369486167
1.2369921317794788
1.2678807924511206
1.2990888765139226
1.3196141505785124
1.359391918934032
1.4148336329151616
1.4489110824940814
1.4708702443325261
1.5094073103174828
1.5389459072849005
1.5375043799521053
1.5384811645592598
1.5475966204869542
1.5291288581027136
1.496564072526166
1.479873596439536
1.4521395492167748
1.401771477324407
1.364147732290881
1.3323963604097258
1.2792191564119388
1.2303968578153084
1.1977825412334504
1.150892610978991
1.1002515257682748
1.069008793771567
1.032029071667649
0.9860618513546264
0.9580961216581269
0.9315302158465202
0.8937022672263801
0.8707180789774365
0.8540105865804603
0.8257320280639333
0.80925605874026
0.8019325367968749
0.7836138969152354
0.7750328980683002
0.7770458768932192
0.7687430014115966
0.7692662607619786
0.7807835251582649
0.7822916527490674
0.792672575386922
0.8134315508942027
0.8238480645601315
0.8437445812949096
0.8720514711653774
0.8889602325069185
0.9160037516515352
0.9476384008241807
0.966344386131285
0.9953739492608057
1.0231082525017154
1.036781780317835
1.060197244331098
1.075110618362513
1.0769321108776129
1.0872541645802254
1.0828133868199892
1.0704199418177331
1.065035664249469
1.0429935661639287
1.0229967643150104
1.0082710508309543
0.9818753107823861
0.9690754942319791
0.9584071185084203
0.9464704335336552
0.9532526574559652
0.9562671918246017
0.9674189703808824
0.9886843854018008
0.9995785992749133
1.020202552111115
1.0324342416274976
1.034509550942649
1.0402710477769619
1.0272638796078817
1.0163601752079063
1.00295793927061
0.9826727406720306
0.9776520880691596
0.9685931865015237