30.08856780848032
29.915168218364485
29.86862352997444
29.84569525483562
29.752731514945275
29.7492215920291
29.736650594217014
29.65713040029629
29.50740520641984
29.46426884218886
29.363642510563366
29.28829112296079
29.160840039443237
29.035547280684977
28.87539855049947
28.736420169606685
28.61077047913752
28.45573494558398
28.237706349927027
28.056734831012932
27.895636724630197
27.70928243968315
27.480666168110925
27.26129671570233
27.060640891283295
26.840697163939463
26.58513967759087
26.296726431792493
26.10473133292895
25.78647074704408
25.548703433450097
25.277864723505637
24.98008364324167
24.678358674415186
24.42521239331446
24.067047060128488
23.789215305354716
23.499586687416897
23.174826078642948
22.815851587540163
22.483703831708134
22.16363613945466
21.836412436497227
21.477445680539486
21.12889811980462
20.7975766449834
20.413364587054165
20.040379543542436
19.670430646596447
19.33872405337092
18.969853464588084
18.57880911087078
18.173234679145082
17.848307643293982
17.412739839307935
17.046263370603956
16.68317947464176
16.284531204618396
15.874729184632615
15.551702458481603
15.106597548065201
14.759315941599096
14.391483358704845
14.001220718641186
13.5744594247515
13.19494919642108
12.837914975790307
12.471945169224728
12.050720615844796
11.670792340811325
11.33133704819662
10.943036087011137
10.535432564325465
10.164553063130212
9.851413377739664
9.495533115031781
9.106562175026967
8.671685936619376
8.416394322902013
7.9578200753874935
7.65941330977606
7.342817096655665
6.966269756725082
6.568044511900708
6.37903057505458
5.891027513256676
5.670327397226321
5.410188033963768
5.075301889766877
4.618775700877653
4.387214113726604
4.05894177165099
3.972256440746067
3.6209936289194053
3.4013102656775662
3.2536593202262876
2.226394668573048
3.2385708119339642
1.8518050859507764
0.6333194515096529
0.33674135065782623
0.5881243622733362
1.161516108020993
1.0184951135381741
1.0433652221492724
0.9110626940865815
0.9442271448182573
0.947987201785357
0.9664387250400551
1.040948222489617
0.965359761506386
1.0156226596131015
1.0266325678454988
1.0235850975666136
1.0128202062581324
0.9813571584133179
1.0162953903948542
0.9847448149626779
0.9912268621961976
0.9961006821502368
0.9896089655587517
0.9946520462401319
1.0084278289183006
0.9967444067338629
0.9911760944203608
0.994448036238133
0.9923303680039367
0.9948300164693243
1.00787176548253
0.9932250332055215
0.9992344617282187
1.0041830545435289
1.0030539348712684
0.9966968673789106
0.9983137914867987
1.0015771993208178
1.0034840377520142
0.9977013028119869
0.9970989179722649
1.0010696811710722
1.0037266311724469
0.996213292385338
1.0017489106672501
1.0034781160898112
1.0029526894601417
1.0036759163523488
0.9999452102299958
0.9980649177777065
1.0004746634720998
1.0031536794611746
1.0017568631360678