1.5228466825433415
1.9424422176085996
1.783887110416657
1.8786233968307886
1.8209064215173252
1.8477757990779133
1.8431298863629288
1.828311667874877
1.8533192933536695
1.8221011995411718
1.8477882891142534
1.8314327506737755
1.8280854963986068
1.8483639042793918
1.8096572497166805
1.8510680679888645
1.815973188397411
1.822611847662934
1.8474694142049637
1.7864138812325103
1.857757050760176
1.797978483096028
1.8081682217243862
1.8506626123415395
1.7638111673522703
1.840447368339675
1.8127315781266553
1.7608286586527533
1.850898409682651
1.7781982303378576
1.7657963809273862
1.8447199615452952
1.7581853296356642
1.761101830498095
1.8338052278167165
1.7517043076921435
1.7425436674600798
1.8191711878272718
1.7594030953175133
1.7166609006236428
1.7896318979464838
1.77866959639697
1.7046438180745127
1.7356641184147688
1.7835524850430207
1.730471461396211
1.6865560323669981
1.7324637653289274
1.7604678235152103
1.7066400900160845
1.6661723732384504
1.7031319330128802
1.7405260742198025
1.7039186969983011
1.6447337445285544
1.6497199336978365
1.703324574832643
1.7155418322257627
1.6573492014147528
1.600336463766845
1.6147592926783834
1.6759164136532063
1.6990642302534709
1.6460330891537032
1.568083615911232
1.5436356802086866
1.5927218182247014
1.6606046734916018
1.6762077723798834
1.6181553764174932
1.528382412069482
1.4717938566317372
1.4847101865086165
1.5527963104749638
1.6271869831257477
1.6591695104934776
1.6276228560155188
1.545538550071136
1.4479738775652384
1.3727463027654419
1.344880220900992
1.3702090942281202
1.437644509154195
1.5263418264608386
1.6136238053131702
1.6809059319460742
1.7166436553829618
1.7166405182964204
1.682668176629825
1.6203921283920062
1.5373369038835971
1.441290310441694
1.3392703441322495
1.2370054763112996
1.1388008118158124
1.047649531675092
0.9654705764538144
0.893387066663718
0.8319921275404865
0.7815737834434066
0.7422866662382382
0.7142672628284721
0.697692394801033
0.692780501853955
0.6997337815198517
0.7186185963679138
0.7491839762475884
0.7906258092530939
0.8413194156644819
0.8985663908851638
0.9584308427972607
1.015768557729479
1.064566737322676
1.0986917488800105
1.1130654287585904
1.1051426079010513
1.0763548546488972
1.0329742116189378
0.9857473203529851
0.94780240913459
0.9308566764937911
0.9406235171823427
0.9732509625291058
1.0150451246730816
1.0469891094024997
1.0533778865437857
1.0309076689908554
0.9925789783504029
0.9620200591264999
0.9592092136910082
0.9857603066612355
1.0213909645922774
1.037635028715763
1.0211590521806748
0.987312722198785
0.9683148098388766
0.9825548592547243
1.0141359768109364
1.0278367910131263
1.00853234998061
0.980771417454176
0.9799103903669039
1.005864955868771
1.0216168180482024
1.0050095118279438
0.982500856108686
0.9894660617102982
1.0131107427518011
1.0127393679093841
0.990150495727538
0.9873669832294298