2.577610185496289
1.7952810970591293
2.0903413130826043
2.023383329233668
1.922563698281763
2.0647448560294186
1.9775030050916236
1.9940412134122365
1.990989062598718
2.011495895655605
2.0030540538806525
1.9394641847277991
2.0574919435911343
1.9566895534563102
1.9905347347394882
1.971692362002679
2.0159290988248446
1.9720175703412155
1.9568389435932283
1.9890934820664585
1.9832916644999006
1.9814051348090065
1.940407602236352
1.9699111658777066
1.9698600589846769
1.973443456573494
1.953578478930704
1.9271070082677793
1.9616452620149243
1.9284048892750236
1.9867724199189778
1.904828809812685
1.9576398299487
1.8910890068532111
1.928030741415022
1.9323696171392497
1.8983649405893235
1.9569207153827148
1.8756869879641098
1.9100468635607033
1.8985960415534624
1.843623666163033
1.9125113851778206
1.8600565156910127
1.852788781526442
1.9123914902363655
1.8400445574941642
1.8489607577688794
1.8975666865316694
1.8189394687256204
1.819066584694971
1.876172214364811
1.8076496044284893
1.7740552480243923
1.8432858061665247
1.8188454338633475
1.7394405696011928
1.7762579574472408
1.8282945663132677
1.7621350078865254
1.7023480643905715
1.7580037668447397
1.805471883764043
1.7396773662367708
1.6652730994806768
1.6981087359473226
1.7705053530830739
1.7532486234583446
1.6556998095321305
1.5998328606021497
1.6450522719567136
1.7200547798553358
1.7231751464068321
1.6398064728157271
1.5469812652450854
1.5264827446574494
1.5891605396647561
1.6746168040820186
1.709152084050104
1.6618994342127258
1.5575760580006832
1.4504865423221407
1.3895527560831593
1.3965588205442414
1.463568709350607
1.5646970500080597
1.6696616182362796
1.7495124780744549
1.7805601218795384
1.754675996316787
1.684253962153782
1.5879446930397547
1.4738113468212466
1.3450651899197203
1.214689772823532
1.0980410182713347
0.9957670965044216
0.9017047333005134
0.8212390574506226
0.7621436716323763
0.7183177050671671
0.6845170339662336
0.6692342109662675
0.6740672831199153
0.6899319679453275
0.7212120961587966
0.7735758727599933
0.8347234802550503
0.9018022935544323
0.9782403979946397
1.0448061601771457
1.092115782319443
1.122443185664542
1.1174058778122935
1.0809435694942542
1.0315770888115299
0.9721152867854391
0.933415570929751
0.9308260055607668
0.9569861576002728
1.0100439458563952
1.047799456652859
1.0530670123198296
1.0233030186259324
0.9747056505585553
0.9574946537136515
0.9743188625154922
1.0192614251985084
1.0375647819041083
1.0158707932777433
0.9774669753936541
0.9697613913818776
1.0037376326974263
1.0281850658053773
1.0124488577000972
0.9768305161011028
0.9838376383848842
1.0154158441556875
1.019733429509528
0.9862605943716319
0.9829098925469937
1.0135389689112366
1.0138694369182322
0.9856646194069204
0.9900394005536626
1.0191088292016208
0.9987317202236397
0.9852130808800379
1.0086464603510659
1.008696480850208
0.986025659714841