1.6325444954022068
2.264228984106186
2.323886275115121
2.207819731760483
2.0908360746286068
2.1021526467855014
2.189130920424649
2.211071843024564
2.16611472071566
2.1738540464593403
2.2142200748514926
2.16925050552343
2.107172657320434
2.144745126341606
2.1670094494967826
2.1136092412984033
2.139537572056609
2.1842649415850155
2.1305590553394853
2.1494814736765853
2.184566795048341
2.122812601099152
2.1593685569951617
2.1607154307514183
2.1110162138754904
2.1676797187253225
2.1125131556482
2.1272608010799474
2.134178942483828
2.084828997089688
2.1352331074286597
2.061341673545493
2.11322050978536
2.0517291032210347
2.086967105568634
2.051179742332558
2.073539835830863
2.0565735075925535
2.0714208983788036
2.0510528580467584
2.060938912168868
2.0186645019836305
2.0440405952492244
1.9858804867999342
2.049857760894589
1.9770979962369495
2.0441338322719456
1.9645307212770324
1.9879700946918877
1.9843430260293604
1.94202468965385
2.0088531324395835
1.9143178409475463
1.9432023217406904
1.963248077440433
1.885036542275894
1.944883087118655
1.9109646917403273
1.85294728804784
1.929010695699686
1.8845784058413053
1.8115851807787686
1.88818134433224
1.8815706779959596
1.779982973165288
1.8098796964765629
1.8718455050466705
1.803299240794967
1.725393139034658
1.7716928419590732
1.8412288482051566
1.7697931653286354
1.660390035751063
1.6887328823722436
1.7746892126435905
1.7898699389852093
1.6839193516583426
1.575670007316102
1.587736968975107
1.6764650106526862
1.763573171108811
1.732551739176938
1.6235817695042087
1.4827194612178756
1.4167016132391586
1.4356026354115332
1.543207543117921
1.6676373908097504
1.7813570090636721
1.8241519459588806
1.8135527731492098
1.7276262182430695
1.6104494773627125
1.4610458908466881
1.3078368270749021
1.163564586517883
1.025929264897303
0.9161193424878357
0.8187424429898219
0.7454969346428152
0.6951545418262103
0.6592978456074926
0.6503531801243889
0.6604876827728854
0.6884045123749094
0.7428690521754999
0.812123824427772
0.8912676781540434
0.9804861160862889
1.0581374836559159
1.1091606374228755
1.130776706595535
1.1106318067723024
1.05143613199749
0.982860150936126
0.9347675827941687
0.9261199051964278
0.9618625275049995
1.021290793314976
1.0603362820955686
1.0451562947001065
0.9907051971692248
0.952373114946339
0.9700593012269471
1.0212712802341355
1.0414414742423017
1.0049072534840249
0.9652185735777784
0.9818340120919944
1.0259702426399935
1.0223138405052101
0.9807726909019354
0.9821699656731212
1.020031726418257
1.0111185145405828
0.9761828918323148
0.9965420109387776
1.0217059693840267
0.990953219161709
0.9885084711201257
1.020336308907613
0.9975197567804795
0.9883911609380511
1.0179695326443885
0.9943426925233483
0.9932960935478037
1.01548933447243
0.9874791091475335
1.0048675190351253
1.0054823214406403
0.9891852923430087