4.272897551934576
4.533573393408675
4.669340669746139
4.826913947452972
4.848036373066885
4.680251252831193
4.5171039647628835
4.549941365377804
4.6551123392615095
4.620731765438334
4.576474652235336
4.678541100961642
4.703794476097644
4.618792678880718
4.673155274560798
4.685055304099525
4.593534423531658
4.643553551021242
4.5931540246908895
4.530956830480241
4.555090980398231
4.446128113329177
4.475399781619696
4.421599618070438
4.455281304073194
4.481647468419288
4.503102326667959
4.506282862345031
4.428264285362693
4.353137765649641
4.303861068962806
4.3347660327199105
4.40435777473861
4.3359549825919235
4.2619115258864975
4.178301223125367
4.288270220144356
4.270250426125486
4.121558004132377
4.135054839612857
4.1900010585275265
4.098911318785577
4.023809302871689
4.0982686506312564
4.014331394810505
3.937670597437965
4.035606263140448
3.8668188944276753
3.8852111441364103
3.9363878740069094
3.7416688840470704
3.866570109908374
3.684042966119902
3.7935771342266915
3.66501971277908
3.6728669840130954
3.5932394468213715
3.5822201817176387
3.5280086655958454
3.545308268980166
3.4275594520555233
3.5152894436010858
3.287525686248335
3.4637179736944352
3.1933664167384292
3.316728246268594
3.2353789636850703
3.0674283346077003
3.268509000135159
3.0103135843762363
2.9850235157674523
3.155779530394414
2.863122374852032
2.8152967549955705
3.0405083107687503
2.833210466751443
2.5819084380381456
2.778659937817126
2.9179231862287573
2.6227445777116656
2.3450469826313354
2.4789774227027017
2.7484710014858518
2.712435479257098
2.3546893443597785
2.015459900433092
1.9784532645043287
2.2399992358956964
2.5967721450906485
2.8360173248141165
2.836158854563261
2.6034935541191997
2.2424520331664617
1.8445173584264425
1.4544074461610956
1.1211128097920162
0.8679492692917581
0.673952271161432
0.5380251063675208
0.4600270951241869
0.4177682694461431
0.4181103656214499
0.45872666335801526
0.5294840751052067
0.644751209127479
0.7818416963324374
0.9371881817205442
1.0856279706421808
1.1827049168646586
1.217025305673866
1.150452619987104
1.0344096064653587
0.9116769197481791
0.8794716806657438
0.9442325851660761
1.061045111022726
1.0939473907158062
1.0237361783519605
0.9280291339894796
0.9548660006905274
1.0472143255075488
1.0507156828788593
0.9644438781194704
0.9578807321416307
1.0454836959153726
1.0202164234882827
0.9511823225878892
1.01586032784508
1.0313417960758748
0.9595627904555248
1.0139763342596515
1.0213743638632686
0.9639812711290142
1.0275318927906558
0.992271009451103
0.9928752918846354
1.0185172668211573
0.9728411058081198
1.028496701698203
0.9780418206484653
1.0205861694481415
0.9804127453624735
1.014114241493756
0.9851984387834293
1.017375971228767
0.9853873876841728
1.0196974136839534
0.9810694813643457
1.0168579471082015
0.9844630568377287
1.0043171381023561