2.7844392489905876
3.6037542948982284
3.4218423286943227
3.1638645836525714
3.386982023102249
3.535985879138863
3.2239084797634914
3.2429599446729562
3.4979603051690695
3.3360978557921426
3.292939217140092
3.3481112699757825
3.2434777209579533
3.4210161706794193
3.366381052340102
3.2319432063185887
3.3378893757350325
3.2076419381209913
3.3591836622139413
3.3209516335665685
3.27913749579841
3.3140292615267293
3.1623771506399656
3.2933851541921073
3.151212447354541
3.3139026583792983
3.181624695175218
3.3098694461589493
3.1710047501157907
3.267402262124733
3.1240460508979533
3.221724614173392
3.071758310174273
3.193266169494241
3.02962500579761
3.1726856513644517
3.006482030510679
3.133888380337915
3.015726618200808
3.0546357808643276
3.0579224177267954
2.951702859032028
3.082598433125424
2.903223441421196
3.0050174751406566
2.963929814867165
2.8558042874528553
3.0027588056586616
2.8449488945807415
2.8569409922429903
2.961906627204237
2.7778721666355772
2.84392143192485
2.922350272980873
2.7229175463331328
2.7618779257010178
2.8591879219927554
2.6641017495832826
2.6167835305445672
2.783831714163157
2.708366701440721
2.531059201087392
2.6231574769032826
2.730766191913064
2.560872915842579
2.396612203225809
2.512175204191761
2.662072189524956
2.5420745540336576
2.306346697099329
2.283275444892922
2.4718107251589965
2.573214938773284
2.4160678622285046
2.167116367187612
2.082993520933878
2.216201764836608
2.4027884609280945
2.4675541757448443
2.350335604889157
2.094632056626683
1.852125672725394
1.7749055884730556
1.8786846213883344
2.0816373455089328
2.3201634510578972
2.513649469067048
2.569047983611008
2.5167922339092703
2.3695935818206877
2.1276175877349544
1.875182778250263
1.6079784053961643
1.3509377404252232
1.1395618473692
0.9432883784072926
0.7957926739110422
0.6754849303682908
0.5833480410302615
0.5264061838083206
0.48349076838228383
0.47631344070097276
0.4801278606268233
0.5169471357754273
0.5673409490962352
0.6453324503925324
0.7381245772003392
0.8454037256002802
0.9591123875138926
1.0608369702405462
1.1465618973103826
1.186164334904461
1.1873297791156436
1.1306194769634046
1.0495034935194596
0.9559425693729741
0.8978565421926703
0.8946169221261935
0.9468931113284084
1.0311854630800463
1.0800346161360328
1.0784208716616506
1.0069677995859492
0.9466362123772466
0.93715303466183
0.9925640347023746
1.0563391295843216
1.0435141270917951
0.9863809346385497
0.9495904183834242
0.9856112211093379
1.0454772428138879
1.0255387752489635
0.9675809951106255
0.9735714614811334
1.024442531323996
1.0265143372025674
0.9779862337983151
0.9779745022976478
1.026100839986596
1.0132827276577812
0.9710683395638152
1.0024337016566698
1.0250326465719566
0.9821167924971671
0.992177000435649
1.0225916396510433
0.9853788476680805
0.9946022328872192
1.0223692923448942
0.9803113800625728