3.7538679987360584
2.4491853440130473
2.6200447910692444
2.726376883702318
2.438135886629725
2.8436886167566158
2.392594314735336
2.8090520162776067
2.4850882595318353
2.660354488027578
2.62224582053843
2.558643160572777
2.632088390925949
2.62729352016761
2.505249612259339
2.7238377296193983
2.4766765045764068
2.634308569015774
2.6008338783499494
2.532476341920598
2.5718514770790075
2.648317380779754
2.4356539911714
2.6517798271418624
2.5486568883386203
2.483443160896541
2.5787069030772956
2.572407966786512
2.455565341966618
2.5213256226776464
2.6139391829448253
2.402501167525413
2.4992075901485284
2.5687398833940107
2.456129158449665
2.4139154654478068
2.494989965658042
2.545714163875844
2.3628847559670576
2.3895333396280494
2.537424895049481
2.4340092493470085
2.3357809448836733
2.3688244214184198
2.4654715656064057
2.4489611124861996
2.2748863086675755
2.285042370754279
2.442098206453786
2.416093313649659
2.281180875390128
2.219996579973475
2.274543021603127
2.3936356158681833
2.3766546041798415
2.1971109270594003
2.1174874901377514
2.2199888638301295
2.3253513306653604
2.324383319309464
2.2207062968779585
2.0727838882681855
2.020977809119679
2.134099253636055
2.276231250644346
2.28847183446179
2.175036463116383
2.027571134353505
1.9160756920673683
1.8973116229966067
1.9983808988663732
2.1553229936034874
2.2484250640600303
2.215226327699823
2.08627871965777
1.9229379681629475
1.769819947272583
1.6651377147056554
1.648769438471377
1.735282506220147
1.8931044016512122
2.064993870672358
2.2062932082864886
2.2999014230755415
2.3429606164272476
2.3312815557416644
2.2597466848178187
2.132234128908415
1.9655619452201372
1.7824822444539077
1.601196079684851
1.4303286420581824
1.271287008311582
1.1236662087581757
0.9887876030070786
0.8697612089862735
0.7695624207266721
0.689350937892249
0.6281653806362685
0.5837700878585614
0.5538185040413012
0.5366642767119449
0.5316177669071678
0.5387869346007268
0.558726238923702
0.5920376630984753
0.6389677061162681
0.6990035344735169
0.77049058971681
0.8503328096324074
0.9338598251664321
1.014942590851873
1.0864188514878905
1.1408629075574872
1.171696836770828
1.174573687450092
1.1488467172684875
1.0987751721866046
1.033955999556966
0.968416162369951
0.9179847900542054
0.8960834070881485
0.9088849813233106
0.9516332107246366
1.0082892295527819
1.0560270441916149
1.0741687916617726
1.0544011650086393
1.006941236563852
0.9576317433263661
0.9349488432772322
0.9525541306045601
0.998373948192189
1.040070996121383
1.0469192007014765
1.014244850952547
0.9700009407737019
0.9534442633192713
0.9799857925870704
1.0241465305202353
1.0419269715712147
1.0159783751141742
0.9767691720852002
0.9705626947110295
1.0044086789878783
1.0345663734866444
1.020593302233477
0.9807071744881186
0.9696950930995623
1.0011696181773317
1.0254469526861707