1.557628860235993
1.5575703038192543
1.5573946291513854
1.557101820035135
1.556691849660716
1.556164680884056
1.5555202666159476
1.5547585503217274
1.5538794666309446
1.5528829420564159
1.5517688958219162
1.5505372407976499
1.5491878845424985
1.547720730451964
1.5461356790105474
1.5444326291472015
1.5426114796923547
1.540672130934867
1.538614486277132
1.5364384539863882
1.5341439490401765
1.5317308950636865
1.5291992263566239
1.5265488900070154
1.5237798480892302
1.5208920799433396
1.5178855845327028
1.51476038287654
1.5115165205540395
1.5081540702763554
1.5046731345226463
1.5010738482361592
1.4973563815760518
1.4935209427205594
1.489567780716801
1.4854971883723722
1.4813095051836025
1.4770051202951697
1.4725844754855242
1.4680480681723522
1.4633964544320746
1.4586302520271723
1.4537501434348752
1.4487568788705443
1.4436512792988339
1.4384342394255374
1.433106730662731
1.4276698169956161
1.4221246056457384
1.416472328970626
1.4107142940569875
1.4048518988514984
1.3988866347999305
1.3928200894024543
1.3866539486762441
1.3803899995163573
1.3740301319456787
1.3675763412446766
1.3610307299515356
1.354395509723174
1.3476730030475923
1.3408656447979261
1.3339759836185612
1.3270066831336318
1.3199605229682967
1.3128403995731524
1.3056493268422675
1.2983904365153958
1.2910669783550421
1.2836823200892198
1.2762399471109105
1.2687434619254898
1.2611965833375687
1.2536031453690661
1.245967095900588
1.2382924950285865
1.230583513131155
1.2228444286357611
1.2150796254826897
1.207293590278497
1.1994909091343207
1.1916762641845258
1.1838544297817495
1.176030268365169
1.1682087259994718
1.1603948275828422
1.1525936717230287
1.14481042528145
1.137050317586198
1.1293186343156711
1.1216207110556253
1.1139619220631622
1.106347691027132
1.098783457012919
1.0912746844276635
1.0838268506407427
1.0764454376978767
1.0691359237580296
1.06190377426487
1.0547544328657303
1.04769331209234
1.0407257766872433
1.033857163702286
1.027092725943136
1.020437654087519
1.013897054981689
1.0074759641599458
1.0011792753316606
0.9950117961751046
0.9889782243373126
0.983083101490944
0.977330821330292
0.9717256548260599
0.9662716782567448
0.9609728013983325
0.9558327480986023
0.9508550461081418
0.9460430171026276
0.9413997563781901
0.9369281645709225
0.9326308781372395
0.9285102997241045
0.9245685801112583
0.9208076101240001
0.9172290129883488
0.9138341371652573
0.9106240497003717
0.9075995301255317
0.9047610649477177
0.9021088427605725
0.8996427500128136
0.897362367466977
0.8952669673807769
0.8933555114421674
0.8916266494876981
0.8900787095907872
0.8887097359366445
0.8875174341923527
0.8864992105813491
0.8856521657313484
0.8849730986122099
0.8844585114095826
0.8841046153461669
0.8839073374594428
0.8838623283415442
0.8839649708436649
0.8842103897439035
0.8845934623738663
0.8851088301956113
0.8857509113166641
0.8865139139268805