4.1426477743879095
2.461710054557936
3.16109716734084
2.585424052829207
3.074805707065446
2.653144935823981
2.9948182469090887
2.7315344738314913
2.8992478626273286
2.8188761280167447
2.805259521203513
2.885307116948832
2.7491615544618133
2.8978040244981638
2.748871927467048
2.863870968178365
2.7690956887176044
2.8363188305260145
2.762832494155491
2.8283143024625743
2.7661297346744007
2.768946654197837
2.8351911167393915
2.678235545124377
2.84547837265766
2.7350180492611176
2.688083033033567
2.8547825175779677
2.6465878291138374
2.7244550282216333
2.8086520587272674
2.6060910815975094
2.7307062042870354
2.7544207239552625
2.591325340904655
2.7063956281309447
2.7073952944631956
2.5796753563258603
2.6709936751791283
2.668209147652136
2.553415046599451
2.631326518330176
2.6519283772120006
2.5145026704535947
2.553639231850717
2.655364391267779
2.5302182279640997
2.4323517981450395
2.56676458926234
2.6156963961694926
2.4394425712435455
2.368636941144567
2.517812651047046
2.5736337086070598
2.4085989117274957
2.295619130213038
2.3997026996740605
2.513204260068435
2.4291242246560283
2.2628073271668403
2.2436027871458144
2.3705500440683323
2.4381213980950287
2.332409480071079
2.168211266506887
2.126803645132975
2.2390227108645435
2.3653776152677657
2.356855671445593
2.2009795229190297
2.0190054749557524
1.9478980377834012
2.0298436167004272
2.1931662873566835
2.316776511225582
2.313934077661756
2.1776188461090706
1.9712977451220153
1.785476122741827
1.6920319941144513
1.7184480028206057
1.8468649189473771
2.030178876725555
2.213329560897247
2.3505152666624736
2.414216782872353
2.396357244092127
2.3042878001237064
2.154693718347157
1.9677627914165794
1.7628587563466183
1.5560113005113358
1.358964409978756
1.1792957176639411
1.0211196468599242
0.8859987826271829
0.7738258130315278
0.6835563443888482
0.6137547045619363
0.56296176635803
0.5299143509575737
0.5136493457196413
0.5135197381403235
0.5291391236088618
0.5602587073877382
0.606568690335178
0.6674078667953764
0.7413680447737357
0.8258038060939088
0.9163140127764741
1.0063524097753798
1.0872321523445
1.148859025804553
1.1814700560269824
1.1783720703620177
1.1391403604951225
1.0720874462735652
0.9943997699527454
0.9286441311218816
0.8956722645027001
0.9060363109667514
0.9538399725730446
1.0170674463944693
1.0660109735842236
1.0771580893413344
1.0460454687557326
0.9916175804164323
0.9476568566888243
0.9432022172098357
0.9816309355332217
1.0335551644102297
1.0551761831743462
1.0256384722379202
0.9724163352609253
0.9509679092888045
0.985991667320157
1.036579416586908
1.0396379186922524
0.9917484652172939
0.9592556382631999
0.9872621589205333
1.0316219085306708
1.0245371738560634
0.9808855084306887
0.9730203052080789
1.0104562904338619
1.0264553986822378
0.9952687663886073
0.9757002445478563
1.003203085052414
1.0233149158982018