8.15555506883057
7.178466826021208
7.107951209427297
7.135075965595314
7.223083034114989
7.287247082282507
7.241816084227318
7.120385880980436
7.08457851886615
7.17414200328652
7.161676230870176
6.980935396581709
6.956833348472129
7.057394336281156
6.971304943674548
7.009047652573925
7.035653215466755
6.8323799769668865
6.959650835192041
6.885077814848371
6.886902900017443
6.78735648195368
6.849157971806187
6.751722649329481
6.758309435443586
6.686563248839552
6.715590875028222
6.596687784601291
6.622369310392811
6.5951761693005
6.458625218859579
6.531151822785209
6.469086302124621
6.3466606240024985
6.329567517183205
6.400532188499856
6.262567674942293
6.159115292632315
6.127858424363361
6.116726835941995
6.140311133272852
6.092597747788709
5.97287286807036
5.8775286722482205
5.813901312741832
5.740455819178116
5.657299343349373
5.586967133879418
5.533907125872404
5.487161704944552
5.439852797312914
5.396268855616554
5.365311351405671
5.347903747176154
5.324953515017262
5.258487100866036
5.124374019876637
4.967366942030599
4.897500660630311
4.9464108493644385
4.9416173821983085
4.747255035256017
4.607749191654334
4.695085388979841
4.596029771447479
4.3506992956830395
4.470797440796116
4.35327758504054
4.160835892352706
4.298552856212764
3.9605814548604825
4.142774922597482
3.8422922868561624
3.951345221851366
3.682717367750423
3.835872651756182
3.453160982912854
3.7391911623243597
3.286932260274834
3.4565060750649343
3.3936210971052287
2.9831560410667937
3.3075778263279845
3.174440910645042
2.6654593590806734
2.898117682695116
3.1755757759167156
2.766097002962844
2.216366237257453
2.265911313128742
2.7893709499173394
3.182290700077717
3.127249561080926
2.6898503392988378
2.081694839287573
1.4936119745882956
1.0285955773627655
0.7061457521338462
0.5039857841630238
0.39383609415505555
0.35596307980430303
0.3807497654608012
0.4657482436311134
0.6097882666463262
0.802952791789286
1.013716560180201
1.1817701365113134
1.2338019829492997
1.1358264898271195
0.957602909178958
0.8625837464015389
0.9516031624543033
1.093239048342063
1.061772012233789
0.9259058495238882
0.9664140537026338
1.076472986573712
0.9846006562668477
0.9588202858378453
1.0580224847837265
0.9648096904267057
1.00076441866309
1.027699004070539
0.9630414591419743
1.0386395656245409
0.9626574305075218
1.038062726585374
0.9634607090791875
1.0342087515840446
0.972448586879183
1.01746186089429
0.9983332360229376
0.9846255813865167
1.0270083033153314
0.9782792454454182
1.0003869671059462
1.0193892886097875
0.9881053824365632
0.9853190113106531
1.0175722929086368
1.0117449581530726
0.9863950998179383
0.9858190387162111
0.999936179526872
1.0143340676317731
1.0161430373720963
1.0043154563617873
0.9931821056036079
0.9891823296556587
0.9877702434232338
0.9862763650041385