1.5906678538519214
1.590209924756951
1.5888493665290568
1.586625573030256
1.5836032289487827
1.5798708728781725
1.5755389266114437
1.5707371237894128
1.565612033437043
1.5603231137960532
1.5550395413560612
1.5499362462357549
1.5451898931456183
1.540974779693299
1.5374587363590149
1.534799112758607
1.533138933430577
1.5326033033550097
1.5332961387947144
1.53529729292972
1.538660138252374
1.5434096589449895
1.5495410390759983
1.557019139697733
1.565777946668948
1.575721259126504
1.5867238638596317
1.5986330055588487
1.6112705295566736
1.624436067298019
1.6379099151835792
1.6514569636723435
1.6648305759907136
1.6777770181604488
1.690039973471224
1.7013651958447489
1.7115051906317031
1.7202238321545347
1.7273008275956778
1.732535938845283
1.7357528776436857
1.7368027947319111
1.735567290677069
1.7319608844605232
1.7259328856687495
1.717468627049226
1.706590026102771
1.693355457075243
1.6778589279646083
1.6602285707381714
1.6406244666133747
1.619235841740319
1.596277681678529
1.5719868254281515
1.546617573051332
1.5204371212529133
1.4937203319812085
1.4667447211177103
1.4397851757112992
1.4131087106602482
1.3869695303664769
1.361604162135088
1.3372266763597902
1.3140252343912697
1.292158381029639
1.2717521128832276
1.2528978857806055
1.2356511518738087
1.2200309935416496
1.2060200526013642
1.19356578783343
1.1825822966307098
1.172952959979629
1.1645338117487676
1.1571575619975323
1.1506381865101976
1.1447759787309901
1.1393629461908155
1.1341884218248646
1.129044751699993
1.1237328931891775
1.1180679297098337
1.1118838997070395
1.1050385629503394
1.09741721166736
1.0889358672950764
1.0795436107147867
1.0692239886549928
1.0579954407840164
1.0459107182066782
1.0330552922178164
1.0195447815242118
1.0055214559137413
0.9911498998433952
0.9766119752752699
0.9621011618675759
0.9478165225628326
0.9339564116235068
0.9207121322332309
0.9082618136762176
0.8967645421526658
0.8863551397103948
0.8771396978260604
0.8691919291159399
0.8625506699496339
0.857218499301305
0.8531616023049228
0.8503109018622432
0.8485644468603517
0.8477910003781061
0.8478347261589828
0.8485208282784941
0.8496619590558734
0.8510651755500374
0.852539197045986
0.853901696224622
0.8549863464302029
0.8556493475192728
0.8557751637478395
0.85528122917773
0.8541214088590736
0.8522880468122624
0.8498124833585405
0.84676398295811
0.8432470773212792
0.839397394732698
0.8353761125753667
0.8313632299572384
0.8275499375833159
0.8241303364694132
0.8212929368655939
0.8192121878518286
0.8180405608879244
0.8179013857306995
0.8188829078153171
0.8210338439185114
0.8243605808700226
0.8288263353592947
0.8343522538559888
0.8408204915984536
0.8480791676642594
0.8559490065773636
0.8642313889914213
0.872717455940269
0.8811978473513707
0.8894726099119813
0.8973607851880736
0.9047091884456482
0.9113999131362949
0.9173561454708938
0.9225459465932419