6.593342510282757
8.17827255388511
8.70342692688776
8.55845174914379
8.310245629738077
8.409240083815297
8.29928054661413
8.386227353813394
8.454786366881583
8.400600978402458
8.47686292635101
8.379527351181295
8.424831116500856
8.355867140784946
8.32568525160788
8.317983046089745
8.178186419045048
8.173547069556474
8.105227776231827
8.053498164515135
8.140435098226355
8.15662184058496
8.004597155187051
7.884715423661967
7.950178668825216
7.98405369755313
7.830808804528471
7.810086311966437
7.810308849571309
7.628441184548459
7.688402507424028
7.561598585609147
7.540415663416418
7.483798057040266
7.42045907105894
7.365342770034272
7.342216739803663
7.221532659273089
7.28911170153181
7.099283085514611
7.10139391010707
7.0479703717867075
6.861323795635011
6.880485411739077
6.893663670709086
6.7158828657895135
6.57822977760976
6.5776984606585005
6.560601910066147
6.511653896804905
6.408354654305283
6.25032263236652
6.156335330958584
6.029961080707119
5.964681603189552
5.857417995795526
5.795069811475584
5.686130530309836
5.627258477747963
5.552651251629775
5.514765473060012
5.512092559910188
5.4499769812104635
5.318716976069268
5.123489126220617
4.975428818113923
5.00122771674199
5.008819585701712
4.761043560408625
4.618677751877981
4.7410096340995675
4.487524243912251
4.333575376116751
4.46263366810288
4.067871776944274
4.259193403808973
3.911653484840225
4.036564807304513
3.7056298432591523
3.8913968971670894
3.426514989671354
3.7680778397212076
3.2732199999229277
3.331112641144755
3.486582765020741
2.8563003608865234
2.9756785640637125
3.3456689905669568
2.8435489536088676
2.2588866212331484
2.474305116141531
3.0931718670666046
3.35793450942975
3.0604139647677617
2.3940289854413326
1.6978639370631616
1.1241667448937265
0.7344273285093642
0.49194961781492075
0.3712239538994695
0.3322971697580866
0.3728027285102745
0.4799793540434309
0.6564621004549639
0.8859068250711931
1.1045981949133743
1.237912829499352
1.1967735932542407
1.00749524669443
0.8638443359429714
0.934757399206002
1.09647572834222
1.057368069676356
0.9146662706175285
0.999464807332897
1.0705315349721647
0.9419316341369112
1.021466416283485
1.0217969205168045
0.9601479170556022
1.0477389987033943
0.9541852604573466
1.0441117381035938
0.960403282236873
1.0383957710617633
0.972932065268161
1.0170747707451204
1.006345357305852
0.9746233936499324
1.0261549165069395
0.9935268663588415
0.9803410250800351
1.0193700430929988
1.0127347395002462
0.982672566704561
0.9847484813114046
1.005714443779677
1.0198752667497992
1.0144981654112357
0.9977823359105848
0.9902085075058349
0.9827209079691251
0.9847985577059485
0.9836909147503423
0.9869342820970736
0.9846231030037518
0.9874066242699111
0.9852732022271041
0.9904133656887963
0.9973440890095628
1.0046491854984259