6.562046235906369
7.509462730605744
7.629522080683087
7.727837113263392
7.7513499920307
7.678081278443322
7.5941474845866255
7.630277931471638
7.754770174569555
7.775548657682934
7.706793060666578
7.741707383408201
7.71551652530211
7.531647412406403
7.563985295810732
7.631063602998982
7.599580530439733
7.556590750546758
7.413996400310431
7.571780726914701
7.436967371622951
7.39182006381924
7.413446277746582
7.361070111243884
7.284574902328971
7.321172688267862
7.2060099171298395
7.237170954231974
7.102033044262507
7.1993964462450455
6.99381163152124
7.056828884685562
6.983262692095474
6.9185337892503025
6.926500273811196
6.744497915539618
6.78223808878032
6.790747771024691
6.630350796926606
6.595000667094217
6.627532880074579
6.533034165393143
6.379201617031778
6.304431078792918
6.307138533869006
6.3079236007970145
6.261812197257962
6.176069984672974
6.074917740338673
5.973357269500933
5.874768625277126
5.78118813942778
5.701461162389936
5.6449411907070015
5.6042002948198455
5.558418718111721
5.510534896264301
5.481797920753777
5.428836821930997
5.279841252337131
5.10136398049861
5.005236225444037
5.006971358127816
5.041336361156432
4.865424613733623
4.64926056292153
4.725483073473591
4.689093090325258
4.405954101621169
4.468944708362723
4.408901589636391
4.1386147763398204
4.315209877702574
3.953685798371109
4.124557208098195
3.7836912103165767
3.9663514815119134
3.568699295397503
3.830416863730042
3.3550246021789216
3.623247866843689
3.3589252466833215
3.095213573610014
3.4593510533612037
3.032287228959248
2.7396587859195516
3.171628351296105
3.1317417246444
2.477079216189447
2.206509047506634
2.629217052079732
3.164456145691071
3.2669575194498055
2.8777039477932975
2.2372254606855915
1.5929410973373246
1.0763743732243807
0.7174998364085542
0.4963982749770425
0.3810778563844537
0.3453570480718412
0.3755878332224916
0.4708699976372943
0.6330601344547582
0.8462511990243026
1.0629228395539223
1.2126144385678637
1.2239249653633633
1.0776839830712983
0.8972076961793635
0.8817528036232326
1.031713011910825
1.1073097196089519
0.9805066888815505
0.921960558256224
1.0586392106544278
1.0227669741906815
0.9392665325334141
1.0496537139510513
0.9872386937784516
0.9842593811631158
1.0333552083322528
0.961996888402756
1.0400297188827459
0.9607161492084062
1.0384482985295889
0.968328735026691
1.0215564500209415
0.9918333085184748
0.9930980276315029
1.0245982839658323
0.9725562928164657
1.0057182223882648
1.0188295842216593
0.9810053391214193
0.9943200084657807
1.0225532945154814
1.0085654282074807
0.9840001899102438
0.9856657268697658
1.004424981791498
1.0172705018384491
1.0166424547039088
1.0082009244115802
0.9990577108399084
0.9923719597236532
0.9881865551467043
0.9859486322806401
0.9858644012524409
0.9881561387343177
0.9914884337186071