8.311751172263026
6.299156438242807
6.3891578206888155
6.658744210941862
6.581711123026848
6.568990075538258
6.660645693604168
6.438402746343537
6.448103556961669
6.511402261886732
6.381149855269957
6.5438275044225795
6.400154513085254
6.516670068804945
6.395266597662407
6.4753086371637565
6.343354568263
6.431423264740702
6.266703448696841
6.370642237130829
6.246884340202297
6.278992942460156
6.33386905351826
6.207706060804911
6.259878560199928
6.215188633542802
6.0652012594530245
6.113791277390429
6.184969028793123
6.059414309578889
5.931567030683351
5.973013679193469
6.016913494636543
5.951478299849127
5.8907774802936865
5.794145460002599
5.702721339635882
5.714839678161104
5.670223640193337
5.679628719731199
5.6495544646177995
5.61776396094671
5.582621960988033
5.53060620477395
5.479505169496478
5.4226585862816075
5.3357599830035065
5.274506106508075
5.1542011512577925
5.098247698296374
5.045828086123633
5.035422492308068
5.0787837621056955
5.026948327576552
4.872399475181311
4.745656808368026
4.747963416448509
4.791424375796169
4.665379471353532
4.488935665725044
4.556300899669763
4.552325169439087
4.296163718738283
4.3500060123095174
4.318206367281941
4.083847419397472
4.24930745836591
3.9798275406382646
4.060729385826356
3.9112145538141254
3.87693879707528
3.7937882050138185
3.7457536974171344
3.6051218444554767
3.67867747815845
3.354228074612513
3.6117824967629457
3.206867623022189
3.3095403045072547
3.3678094231333233
2.922342540536341
3.1408328854541927
3.2076247032989325
2.6991866357013583
2.6732933387360474
3.0650422198931304
2.948862937498323
2.3843185231714417
2.11723501404391
2.4088140071298256
2.9028930680353575
3.1536699067899785
2.9704725252770663
2.5071984264158886
1.9308318757788838
1.4051324363321922
0.9910350988369055
0.6971226009927525
0.50955698085684
0.40425406564830557
0.3652230091778107
0.38682235916507307
0.4594252970445944
0.5932716818900197
0.7660589168066766
0.9695788265891837
1.1441000311123874
1.2289303234158704
1.1866987736487165
1.0271577381274026
0.8848688476438095
0.8930253457331242
1.0295045213126415
1.104691365698675
1.007358404798932
0.9184491993096833
1.0108354163288862
1.0661753019149787
0.9559829180936378
0.9783463876030064
1.0587847463180724
0.9619967709351964
1.006599810426408
1.0247813960915313
0.9600360552921542
1.0394901037591269
0.961649732917895
1.0294806417933733
0.9708396957695522
1.0241547145296017
0.9716982840055608
1.0265160374681601
0.9706354300658884
1.0243386025735175
0.986630791440459
1.000145835394652
1.0195497450470035
0.9781260173894754
1.007887405845229
1.0113776596216917
0.9810911382247146
1.0007526407818121
1.0190267633786414
0.9963537111885307
0.9826868841149375
0.9990587723712525
1.013589221421953
1.011246606712467
0.9991438182446569
0.9857705552630801
0.9867661104222549