7.956463585921384
9.300656508359344
9.180762252937534
9.173005030175462
9.136251125637271
9.296107363824818
9.016380450202762
9.15297037722301
9.270259126312677
9.03420116344163
9.010950724382658
9.098529090843174
9.07955108395567
9.050337880128398
9.053088867587894
9.026062223578121
8.952031656744595
8.866668255569222
8.800158206855631
8.758048786649187
8.734040237742994
8.721887165371655
8.715430193969997
8.700912099863134
8.65345613151315
8.555950673912067
8.44212362162214
8.400664108624406
8.45348347593904
8.444501732538283
8.281673975934005
8.198340146229135
8.230247324062168
8.096573049717666
8.06364097089599
8.031521345562508
7.856014941767312
7.948333919098901
7.704529060022061
7.796837135115266
7.5743913526766
7.636546150572335
7.447130543894833
7.430132746784317
7.380763657863183
7.1854197306239325
7.215400984012348
7.154030823070547
6.9268454929591545
6.898890215616965
6.917293081715195
6.800909598436587
6.638108209645059
6.505741261947859
6.409384370551151
6.342966056323625
6.29282797722277
6.2389552681216305
6.168524456748537
6.0792854907839615
5.9726431248667256
5.847807831640365
5.7034260660978005
5.548027673611851
5.413541762735815
5.3486552598939445
5.359960951547
5.336686774692621
5.135221484609696
4.8735449111415905
4.8689462401043695
4.924908877014589
4.616639048448299
4.519464390379051
4.613225207047477
4.209764063853429
4.3721447071460044
4.082995845899235
4.065119941323183
3.914125891013483
3.8611632394359643
3.60813753061125
3.793983658285846
3.2322059219596233
3.5959731689660557
3.3002409117012235
2.847909991178878
3.329095164944579
3.2214788006314676
2.459313794440649
2.35982743472072
2.9729714327498704
3.4164355731174982
3.2262845687555504
2.572157949504172
1.8126210450472255
1.1817543341598054
0.7478587247715134
0.48812517410385914
0.3577851171154981
0.322861614329603
0.3673140992855259
0.4878640769795113
0.6810814592620766
0.9226589328925987
1.1457142712570758
1.2455589684342336
1.1509355997320372
0.9436283784591145
0.8597495056776022
1.0064616334117382
1.116463333458423
0.9784569663159788
0.9282216273994708
1.0715436273985588
0.9875705095440841
0.9677107484013133
1.0547475910689434
0.9449105101056348
1.051095169940222
0.9560402189483862
1.0419697721160057
0.9597680885647175
1.03978520824579
0.9679136129088509
1.0153885405461103
1.0105519346523102
0.971513302518171
1.0195909624267414
1.0141549228721558
0.9735620771263181
0.9934832357819369
1.0238112102503802
1.0135262891594017
0.9897374308219092
0.9807380491466565
0.9854615457889535
0.9947378837821358
1.003447880960904
1.0097265934939252
1.0131499727012967
1.0140140078630726
1.0126762021903366
1.0090735812071427
1.002946150504736
0.995028075606524
0.9886942094082095
0.9897212895788847
1.0006695793167235
1.0122405306868605
1.0077568727218025