7.304712269122845
5.354465347094058
5.590662653058114
5.5854639525402066
5.4442468713200505
5.628370324744878
5.501271273068702
5.452320181536917
5.660754490362
5.388877992998002
5.517275923601937
5.5419298117868925
5.463167529603612
5.43644153258621
5.4227662385864
5.519181035862303
5.47011209147953
5.31166151135208
5.336393216489858
5.444145460989606
5.4311391912455536
5.352451989551039
5.308508437996246
5.279062319118531
5.228736822485801
5.181096893984393
5.168859339071762
5.187224198492766
5.207221660806163
5.207077167838828
5.183543434136603
5.144449197002558
5.098177401678813
5.048688047976073
4.996031481547544
4.939533396042513
4.881535214889431
4.830110906063869
4.798302280872635
4.796651997426578
4.8191028047578515
4.832783410219239
4.792997046520454
4.692190346083704
4.598573598041533
4.599497216306825
4.661522398884254
4.623796843725138
4.457844706284968
4.388294777244534
4.47539398897111
4.424524950021639
4.263659078837928
4.319265375721168
4.295332792314297
4.104449892294319
4.2172071118488805
4.12508791316521
3.969980786574651
4.116584414512037
3.8681333610933195
3.974871286211445
3.8130227266124903
3.840909380318839
3.7284343263583293
3.7293268186017405
3.617602358065918
3.646245491992825
3.465113618053078
3.5990945710876794
3.293713101706806
3.5133024091070855
3.236381633559118
3.2395254893718683
3.3463980397993818
2.9749095211498453
3.143551539782281
3.1813077878469396
2.7706332417983215
2.892713684824205
3.0937884556447717
2.7476352035790956
2.4672068444875372
2.6985842429046603
2.9442164895858163
2.703017480579581
2.215358954511517
2.026505145959087
2.290288722004386
2.7228431822795556
2.9844027070567383
2.9324238098406825
2.6139503878354207
2.15537374311601
1.6763123522951142
1.253862597218413
0.9211034017239819
0.6807699279466229
0.5211344348895893
0.4276382436439332
0.3889521132391823
0.3987703245452373
0.4549500441293808
0.5568018209398121
0.7006035789007508
0.8735677645726345
1.0480969608801671
1.1811459505065787
1.2258763793877288
1.1594358331009642
1.0158907204440533
0.8912239008585984
0.8849321284171845
0.9976252016461178
1.0966519982974148
1.0545219547133178
0.9400434045471145
0.9443974989836619
1.0535156212455323
1.045838250583039
0.9444882823010429
0.9866396799371322
1.0548682054343166
0.9719741817721027
0.9841332273617579
1.0410520787922222
0.9636709734839876
1.0156237207957466
1.0104752660889198
0.972025212337901
1.0357788576412434
0.9665628802354446
1.0285001038217474
0.9770027056013704
1.0206744292398122
0.9798861102060821
1.0219087470647132
0.9763226318847475
1.0252789012981685
0.9762161311190162
1.018760728628713
0.9916639291861022
0.9954349972940877
1.015538520031946
0.9833365529255407
1.0054695425058964
1.0111780032848792
0.9835080515572934
1.0024380315208794
1.0159243176814403
0.9882364465449427