10.277721053285777
11.544854853807381
11.556138057050518
11.576726072428942
11.666532154451486
11.80155665772804
11.866810868852012
11.812518213027799
11.773215815637268
11.75463150045652
11.614096692741558
11.663948640983074
11.742253239297945
11.475781924594218
11.636141922723963
11.491482099610637
11.470570825642787
11.440948253595518
11.351555248898613
11.364604539033069
11.210907519787597
11.2484483918088
11.185933441904371
10.98649713172552
11.057008818016278
11.026893880246675
10.84609572110772
10.758135096827866
10.746897130770071
10.694640463460784
10.58395280669914
10.456063976317227
10.33888270207807
10.23698899001698
10.147503849738191
10.069696978349388
10.002824321166637
9.939284258375205
9.867912764454488
9.788737082320266
9.695129403598774
9.53687697107572
9.348440910989252
9.32053087322997
9.295984119869471
9.030354227472273
8.982132331021926
8.920207041708457
8.684635606055929
8.693698885107954
8.456610456160327
8.449496518135641
8.190023211741568
8.23608856140347
7.936516755059204
7.896670701746829
7.838071650825433
7.553057671498809
7.470544306057109
7.448808065532225
7.264185121737045
7.026725183177525
6.86834050708518
6.781309252266973
6.706987566005634
6.6122912217764025
6.493077216878241
6.354651731154353
6.1995427132659815
6.024264451203002
5.823126312351191
5.60778054536823
5.443106221842644
5.417313859481099
5.438974307068545
5.201214173333451
4.833130313849833
4.89437636650618
4.853371229563093
4.383682690605332
4.575957690684542
4.213149886443019
4.167621870532584
3.9879680250711225
3.9199557985135964
3.550753975981674
3.8839168077618624
3.0899565151575317
3.4158690834973426
3.526098262028406
2.622468093288595
2.5407562660308174
3.3122962480219478
3.6395079893331657
3.116070899043838
2.201588056780237
1.372092195849325
0.8051609163803367
0.48172399500681434
0.3311520030383007
0.2997454185191623
0.36418266588187354
0.5217593585624217
0.7660674741830937
1.0470676415796727
1.240586577423524
1.2065177809206735
0.9786085732962558
0.8549033980466935
1.0154217550253666
1.1095563963700223
0.9338369106819221
0.9858360118377822
1.0663282049827152
0.9282950788964008
1.065348698982892
0.9462936343284624
1.0502024869720747
0.9529633849542211
1.0445001759289625
0.9695071186902063
1.0031795765918317
1.0301660195485218
0.9684944599236053
0.9894105201612511
1.0310054392334345
1.0150336490773206
0.9828145451153268
0.9753315881503746
0.9877202349248793
1.00270583395713
1.0122864604683208
1.0164299912884918
1.0168760532800034
1.0140518797606553
1.0071599731693965
0.9965051496275467
0.9864395104027762
0.984790761716211
0.9958289503230988
1.0112012805609158
1.0099394633864875
0.9893503099676072
0.9942644420655325
1.0143814571085428
0.9897080085896768
1.0023017066628155
1.0037861617379804
0.9934417973611375
1.0073985382435504
0.9928657430728767