19.194926486297337
16.758421243697683
16.6087888922666
16.579813468847856
16.66206062357314
16.692363880438496
16.47345793637655
16.329695896030337
16.56231685472624
16.45069450846154
16.30632136745402
16.368381419269493
16.270918936407057
16.180523909713017
16.23302840992787
15.982659352212245
16.082223583257683
15.99552343643565
15.762594456694476
15.756810080980163
15.734113990386613
15.635530007230235
15.544262188820841
15.465643793687992
15.379485722399062
15.283642473075348
15.178480332921042
15.049212383232907
14.874735161983049
14.677970044435773
14.552784983092213
14.500964767346998
14.323415782685418
14.134692004751377
14.13262344777019
13.84077920053595
13.790875626965843
13.58590791278719
13.483467002231802
13.245410766399813
13.188530497709811
12.972283235405884
12.74247014713616
12.668152765878908
12.557933430720846
12.30451193174463
12.04961913642533
11.86088046568191
11.697980209149714
11.524224401605055
11.334355054672669
11.141011642842361
10.969411730712972
10.844242780981114
10.734881538916769
10.521114185397975
10.188585842210902
10.019225994418225
9.952979393034205
9.600132353943641
9.511425177436205
9.245167023336622
9.09234813809441
8.822256019341777
8.75130110758576
8.344078754174648
8.331657520058119
8.113462770230987
7.750422706692195
7.570579176387426
7.49154937624657
7.3649903019358405
7.16155408634375
6.925645444991858
6.701778884392829
6.510143183160755
6.347950302891
6.178129523442749
5.917917318586607
5.525305186198869
5.21281655174729
5.271082390524724
5.198031783142131
4.578403790853157
4.711001498978017
4.447711710097478
4.112427907648629
4.137222688801959
3.8253303468426405
3.4390779721369946
3.9613836858525797
2.892681304069141
2.7586316346472115
3.7285189752332006
3.810936865357008
2.8447271629886357
1.7109097552779136
0.9115552629431748
0.478996282725589
0.29661666920486623
0.2720542823235952
0.3687632290098182
0.5832801849507402
0.8940259479000419
1.1883942812300095
1.2555800685715026
1.0210423052058348
0.8468295250837888
1.0417452716309654
1.0798963185209973
0.9039314067635172
1.0793334451938603
0.9454502362745802
1.0492744058440722
0.949466403204911
1.0577542156020991
0.954224684551951
1.0074247020311395
1.0376601001056802
0.9777912902527403
0.9674205739704367
1.0036376935004012
1.0298003054480462
1.0317802380113361
1.0232993682218343
1.0166715104471125
1.0157815160958203
1.0192195145866019
1.0217773746203993
1.014860591552495
0.994746859468994
0.9798638545482959
0.9981952573320342
1.0193656082298268
0.9917360116686313
0.9931953685640348
1.0132388468801083
0.9862973527745719
1.0132461206916368
0.9874268133488974
1.0104458730510342
0.9961717274313037
0.9931620867230443
1.0131443677874472
0.9971151836079667
0.9892082689903876
0.9991731253029092
1.007220737391826
1.0091449407361957
1.0082110767636017
1.0068307229108069