27.774876924571352
25.549322730775195
25.337099807635784
25.49065397657829
25.204024426370705
25.305397419448823
25.181232462833712
25.319134940940526
25.10894469972282
24.999924593989984
24.922904072643814
24.92686872167077
24.72535574817285
24.56454908751039
24.56053919158059
24.352382119067528
24.270398844066737
24.204024677539632
23.97342192688352
23.915000582955585
23.821032186790376
23.619038918433027
23.486088577656258
23.249402427795744
23.08530594740769
22.906713931830804
22.773851224229155
22.509161933056507
22.25775542788356
22.02026921809664
21.891214015360063
21.582287171977192
21.33468587494573
21.171053978949267
20.864348225709104
20.630384262392777
20.446638142840673
20.07421096019693
19.86753043186941
19.693212290100647
19.4064358789316
19.1290333613212
18.825060206930786
18.531413835794837
18.279403200764897
18.016080733880344
17.683474788020984
17.31395568019041
16.981069992315668
16.79935050859668
16.399268823526253
16.094262870511972
15.846604030332378
15.477062731433598
15.156808149375024
14.94000256427646
14.469182412114485
14.179595290702778
13.984841218137147
13.682019464898678
13.341211886274406
13.003757028131046
12.668379180791742
12.389478594050239
12.084031173189075
11.709173352635526
11.25898048859809
10.933502645841466
10.796841460289304
10.297278312223975
10.052426355949017
9.739746442979357
9.429151105493244
9.006498058505784
8.925386973308523
8.399537030279998
8.013336276388348
7.8839919837156085
7.700796524751526
7.427006664597745
7.129181696983173
6.83908548805806
6.575385083330909
6.217564615102485
5.678796415834418
5.214110979104219
5.317281366595274
5.123606049603238
4.284455650128751
4.794211215518144
3.6466296040671526
4.408295404618787
3.2209050561490202
3.096005107878331
4.244336252939362
3.777909739008131
2.2863581294607354
1.0986855875847257
0.48661895959058404
0.25878161892456636
0.2444259399132077
0.3843380564423677
0.6725475021091161
1.055881623241786
1.2787345357857556
1.0893865190808252
0.8402524526346264
1.065159979765092
1.0313031552881333
0.9461802399977047
1.0509087331652316
0.9775524901190079
0.9793517269960423
1.059911324204092
0.9730108065343189
0.9574155956866152
1.0051606761504355
1.0361434826045608
1.0385257992592347
1.0347016893393737
1.0336589359394082
1.0279483059237149
1.0100887487906436
0.9833141562001583
0.9788861046089342
1.0162571552597868
1.0055547613361604
0.9840838187354736
1.0207328147953099
0.9825092517825021
1.017372103545747
0.9928828297293458
0.9941113886668296
1.0152407352622828
1.0009301473473533
0.9877009912169076
0.988294190732915
0.991608738545685
0.9966074505253822
0.993841050902823
0.9921201425326022
0.9878289703180598
0.9958832526898876
1.0093455577715063
1.0034871731565733
0.9894767755973933
1.0071799168316484
0.9963982648436612
1.003987148390091
0.9957290315294787
1.0080073795963567