31.345308741335256
27.235441610496075
27.742684829384103
27.61215174901157
27.291220740633502
27.498622095450784
27.6194835831932
27.516579822170822
27.364856484316736
27.252632291016514
27.188438585469093
27.15357569332461
27.08104907950584
26.86257336600194
26.580717315193674
26.570558339134234
26.526931397566138
26.18418091352238
26.228833554901446
25.88295175291689
25.877068292829378
25.588188353369116
25.395369462682098
25.293732190752277
25.073440337137587
24.811178734326255
24.570992217856496
24.344266606625546
24.113850818858904
23.877488850448046
23.65022978834068
23.44904675387262
23.22376142569933
22.879769240299353
22.60561439903511
22.427042290430027
22.01066252671755
21.873486987421447
21.43934650513898
21.228176868058938
20.979196251157788
20.54246168296278
20.212989978745416
19.970863841307654
19.7103674843016
19.410221356312125
19.07998062772531
18.71491299650131
18.307949219312782
17.917948133788727
17.670937676762602
17.438712188287145
16.931182926210557
16.66001645861251
16.326335813658385
15.940089962643937
15.585284668943542
15.334119051347491
14.8173246162782
14.518677653624353
14.27881279804537
13.92739319609124
13.52659761506592
13.141786574308123
12.79042863383439
12.474058909162036
12.172090056457309
11.801566770066986
11.30440461847809
10.935478775997822
10.790161966901039
10.237460665545004
10.03124934622137
9.569500010528216
9.405572168587838
8.798771307124829
8.678962568977274
8.433280734529639
7.907469849673824
7.445401103506451
7.104868888609391
6.792964253384352
6.453225475101258
6.101916363636745
5.855195505794111
5.838302673728381
5.71370103973942
4.9229424423016495
4.7409832247497
4.846735270560086
3.8726892526058228
4.388051957933611
3.588115094716008
2.9837723114625447
4.233194999371867
3.9622820054400867
2.428635418943689
1.1464121872197464
0.4909410847160618
0.25309882741420187
0.24075937858183086
0.3884068804337145
0.6930259631776898
1.083383720131052
1.2823368093992065
1.0441042236365154
0.8438326273721237
1.1080672364464013
0.9678828563252305
1.0133364967514658
0.9802477232657334
1.0526151943948625
0.9339313400062866
1.0229459278149176
1.0506964019285894
0.9954964693517518
0.9619759498471746
0.9589063343245512
0.963201892735964
0.9652561816823446
0.9697780935607081
0.9887695218567413
1.0198515105721258
1.0198805731718315
0.9796936408256334
1.0014534485885271
1.0109726047385756
0.9860062386242991
1.0120350995403697
0.9955891531630782
0.9918164789797167
1.0156408141701927
0.9997635399842555
0.9862779131632751
0.9901646645048096
0.9976161536514968
1.0012456575558797
1.000442910897812
0.9957042271870201
0.9896563609795872
0.9913209667494253
1.0058432380520859
1.0074823606283558
0.9897455423786963
1.007000359104716
0.9955563380491239
1.0049381398900035
0.9922844159232724
1.0093627399910272
0.9969392029038489
0.9920046204317525