2.2961246532805584
2.2861392840821724
2.256678668943084
2.2091913719838367
2.1459691279217603
2.069976010551574
1.9846336306498744
1.8935832232134553
1.8004469546651012
1.7086097077403855
1.6210391135038547
1.540156878412126
1.4677669705262504
1.4050395948097418
1.35254859784198
1.3103442042965776
1.278053676912628
1.2549901773567627
1.2402590114912144
1.232848955018625
1.231702564448623
1.235763390993725
1.2440024724664713
1.255429928684702
1.269099583800436
1.284114324131166
1.2996403260505223
1.3149318626064752
1.3293708873891514
1.3425121982764192
1.3541336059138642
1.3642774984374306
1.3732743822376656
1.3817407207090515
1.3905428498349361
1.4007259089340922
1.4134102904487593
1.4296638474630405
1.4503626594449408
1.4760563748427624
1.5068556263358246
1.5423573370586021
1.5816216400341452
1.6232071658138985
1.6652661368758561
1.7056923555662933
1.7423083426347385
1.7730727472499705
1.796284605020667
1.8107609171566796
1.8159656862408113
1.8120735199785414
1.7999580733381468
1.7811042610696761
1.7574522820263705
1.7311899207994679
1.7045162487972838
1.6794038147239128
1.6573875299394238
1.6394041005326678
1.6257046549810452
1.615846864757297
1.6087722749074638
1.602956672403017
1.5966169021686907
1.5879479171041635
1.5753608871506621
1.5576925204778023
1.5343591542584991
1.5054361571347052
1.4716522544571649
1.4342996621393642
1.3950715034762127
1.3558480327835827
1.3184579671587493
1.284450606012215
1.2549031106873973
1.230293675609924
1.210455809909587
1.1946195203455623
1.1815349383586007
1.1696605929513775
1.157390420925865
1.1432875843188655
1.1262919184455946
1.105871244136116
1.0820945349461788
1.0556160372782963
1.0275724083806645
0.9994078074087607
0.97265291066906
0.9486912854087146
0.928548631811524
0.9127379385870296
0.9011850577089546
0.8932471770382047
0.8878220965027156
0.883531620997512
0.8789500547075423
0.8728408174058973
0.8643620868519147
0.8532066925987877
0.8396517878410057
0.8245086126679693
0.8089796177304598
0.7944463914204147
0.7822247245714339
0.7733295887080176
0.7682924515757523
0.7670648146782969
0.7690271644953793
0.7731036387176383
0.7779630820259892
0.7822704056471398
0.7849415776590191
0.7853534747539582
0.7834670393949967
0.7798377661302337
0.7755088471806485
0.7718054111565419
0.7700686495238355
0.7713820720080454
0.7763453878642006
0.7849437155076501
0.7965416241653287
0.8100065037476469
0.8239386628590538
0.836962090897283
0.8480151897010255
0.8565786110868788
0.8627887594436326
0.8674087434436133
0.8716590699317199
0.8769417406393208
0.8845166183047017
0.895201972279066
0.909168153025853
0.9258747641647163
0.9441700156978565
0.9625340387697583
0.9794132729867696
0.9935695310839395
1.0043610108135226
1.0118858476866381
1.016949575664012
1.0208594610963861
1.025091392687807
1.0309082769914355
1.0390238745732745
1.049397985644998
1.0612187119268828