19.60014975540665
18.223935576481313
18.0733691152934
18.21932878836465
18.18669041882026
17.991582162262834
18.152349185441082
17.97697214832113
18.036567632694386
17.772617724127556
17.785368991488703
17.73756480184059
17.74132079297319
17.6218123001936
17.597230595178313
17.491577872721763
17.32001682622072
17.34319874283657
17.203254182425134
17.12662688292769
17.103953987484395
16.865896249986832
16.781477837527973
16.758282973199748
16.650439860396535
16.495987045282472
16.305440043205063
16.132487104769375
16.048326542996435
15.886320832139473
15.741708985759987
15.63690677319451
15.523189477470229
15.435973274303771
15.258910013901302
14.962041871882985
14.890028959865448
14.79758902653614
14.465328801128633
14.413231819603201
14.129213404847391
14.07394941644176
13.765242764631466
13.724042696209468
13.435537389375378
13.204654916576509
13.117728709804256
12.910438486401027
12.634108937905316
12.402662697068404
12.192217898017544
11.9850220932488
11.808013112754638
11.57595921920164
11.345207334107881
11.133535786090171
10.971182713478946
10.851244770234658
10.646257403858407
10.262963046849414
10.106985843634892
10.009234276752535
9.590004870915838
9.55300114713548
9.142565653512666
9.115969537668565
8.677950571626834
8.649033849729877
8.368758192989642
7.993035279976995
7.913055993038233
7.809883596197586
7.53269440352095
7.193122743053063
6.890171500538275
6.648374843428407
6.416677116332772
6.206003547543034
6.063798540369861
5.9764861910419915
5.885661083236099
5.530307668309669
5.026844544094919
5.042180173885322
5.040734563812475
4.321568392555567
4.655487347801248
3.947664402142275
4.29110455694286
3.3770458786250055
4.065067437865304
3.242019765278589
2.6791218792862
3.644526608229321
3.948351369993287
3.024966088529036
1.8150996899559138
0.9424609086852691
0.47729469508906186
0.28876248032238233
0.2642821521581775
0.3711845509268421
0.5978898304991183
0.9268462191899334
1.212845163879629
1.2375111119220612
0.9640843547891488
0.861738384928649
1.0983194339482942
1.0156453166696748
0.9337050314720943
1.0792311422683638
0.9303406246252998
1.0636703938413863
0.9625282538648842
1.004679275208272
1.041505271005379
0.9615499628770896
0.9841050774097123
1.0330280980966997
1.0293480761000604
1.003599072392515
0.9851391244969094
0.9756395717767288
0.9765196298290504
0.9811892004627318
0.9890876246925696
1.0077091339506294
1.020320509912746
1.0140423744601232
0.9863814367947128
0.9877989759957537
1.018644449895463
0.9924267061557827
0.9984119930187424
1.0054352168253602
0.9916211832088284
1.0042456803780888
1.0016412655203477
0.9899731225304648
1.012369098077444
0.9979514082611373
0.9869933326159224
0.9991487905137341
1.0107282411030647
1.0110104846448897
1.0051147154643079
1.0026037390647238
1.0030573570914179
1.0027847102455563
1.0081560063522674