15.557992746362007
13.179384085574483
12.655331427886237
12.78712944024408
12.831217674293162
12.785404587340102
12.968647529446427
12.808475700382001
12.929780672387228
12.765776210825635
12.810624096821932
12.698872209873356
12.566018078395647
12.581772545780423
12.5393958073745
12.531695021123054
12.512017497782345
12.39286726760562
12.385494059019083
12.37411298424867
12.15999364577228
12.192959358876282
12.056134914680742
12.019679159286014
11.923639527014972
11.905130458044857
11.756308903558548
11.814999315623963
11.62073312673344
11.514834484050548
11.500159212097849
11.375954010878003
11.224799450193267
11.115463549783813
11.101534035900746
11.045815591170685
10.909137696349369
10.826196983443449
10.66644706683417
10.592194955326704
10.456548555787295
10.372819442699383
10.25633280073416
10.068119801641771
9.896154709123481
9.751192059667572
9.690056652208282
9.612850349661421
9.376957489285369
9.264984266852059
9.249016174308208
8.957949446649442
8.947533123072683
8.71536768928428
8.650286841100902
8.424660636745985
8.406714149182399
8.092509807384545
8.093764762994397
7.894597618608995
7.636916660444817
7.627688757036809
7.540105037529329
7.280645642514964
7.049667524770177
6.884248487244881
6.778787298136215
6.688586211974672
6.554434848880553
6.421845100954487
6.240710851769894
6.043985482801188
5.821946173780821
5.598928376864128
5.499218794062023
5.516955966399311
5.435013137377042
5.061111814203908
4.815996149392163
4.984458252730988
4.63491016310416
4.386365747130514
4.550145894492913
3.9458303557863155
4.3047968031832475
3.6031026067972305
3.9815150338964087
3.4789942292958282
3.2320598926742803
3.73708756114536
2.940193139217405
2.4740871586597444
3.19337019784563
3.7171236033296684
3.3058038306979185
2.351469392697101
1.4485588873597492
0.8282961567614544
0.47926774211737766
0.32043572599792347
0.29222505195851456
0.3631774700828017
0.5378699413730473
0.7971103091594499
1.083258334790189
1.257228626768163
1.1701520287409686
0.9230528804647811
0.8739739541978204
1.0816277233230362
1.0617983942713507
0.9052914035381652
1.0624067409229878
0.9825784473577686
0.9888608958721081
1.0193920174851498
0.9824133204898319
1.0023967136436784
1.018009124066441
0.9628053468825163
1.0417823941536424
0.9931545548584173
0.9675386065604847
1.0191102431420231
1.0294715843524336
0.9936260648642692
0.9720614608553186
0.9789540667225292
0.9897170890453094
1.003242292363531
1.006225683916856
1.008849334206202
1.002483455078326
0.9976974195361353
0.9860501351391522
0.9814920118490915
0.9918109995721252
1.0091544995710462
1.0132189792566453
0.9932451423333217
0.9901697908858922
1.0141003246729332
0.9969808399636871
0.993444278425131
1.0097384232078175
0.9872026413356887
1.010735384876204
0.988292918451933
1.009046615067634
0.9958459271139513
0.9985778777450561