18.551809926610993
21.818370337687572
21.431668548143502
21.208226864069307
21.32042175821992
21.184549952232633
21.258999799411207
21.24632296777475
21.039271094605517
21.10527102530441
21.120162882158237
21.03420502171717
20.913586884819335
20.738611693685115
20.68248828103974
20.654147912339162
20.458112117933855
20.43869128270685
20.269861005643417
20.309812869912555
20.178508434277134
19.938809204093555
19.8378025773524
19.806757102719427
19.489698473192185
19.43454386865145
19.189921817592264
19.14871244540442
18.84831658440697
18.77774639148489
18.607400758488986
18.328097750240154
18.168425216351014
18.06064720979363
17.879283874968568
17.687246899666064
17.523925354726085
17.27172170225951
17.078266492982344
16.778919967608427
16.52809672238868
16.27772821780011
16.181055814452723
15.9347596836745
15.577141479634944
15.479641554181047
15.106922445001915
15.00687172338853
14.623680033907755
14.534137633550612
14.165207752236377
13.883731456115274
13.74617575483387
13.485564257857478
13.157826486490084
12.848454910532839
12.550725363777179
12.296853697589771
12.03471208885513
11.764160628689373
11.559338652445986
11.379341735845685
11.152988792336046
10.76192812254838
10.43253771344205
10.352972913048713
9.913826127658417
9.763077075139599
9.416633563834282
9.248450109812977
8.797245482290464
8.769525322711633
8.378808166403797
7.972910950117372
7.837107362771904
7.7070291710368215
7.472678959531776
7.185186639739859
6.894717580012732
6.666930415447091
6.460625052071005
6.228230832577371
5.823817203873717
5.313829394709113
5.158659221390769
5.305313001655532
4.615756269405342
4.543435889171903
4.413711905522543
3.955668256238876
3.8124051631046845
3.9938936176129545
2.7468774302579666
3.387569649765855
4.161966087025182
3.40086448233013
2.033931495672871
1.0142224064833167
0.4822778552154971
0.27193555191995605
0.2551743132493571
0.37501370328572703
0.6364324937937617
0.9888471731855664
1.2591712095505945
1.1737498437711729
0.8773340727056373
0.9499248159015703
1.1232175010244014
0.9037052408431492
1.0691321336323205
0.9446776786299245
1.06336831268879
0.9379267544122284
1.0397282438201927
1.0211430801447539
0.9533980330149818
0.9814988112611553
1.0268597604675826
1.0390339456376585
1.029915029593667
1.0239068760531977
1.0247872565028722
1.0257920772269002
1.0265506619908829
1.0065199226512764
0.9814159005776228
0.9870951228862845
1.0182818653092252
0.996975413781539
0.9909578246801979
1.0162045877142158
0.9845049194956325
1.013052869707189
0.9917840438043155
0.9956184605707884
1.013826869560615
0.9941409602042088
0.9890186185577359
1.0010757749049801
1.0090488519693197
1.0118380676508305
1.011765982959001
1.0092764454871117
1.0115538962925992
1.0081560827847111
1.0031432730681022
0.991272509450523
0.9943330584386456
1.0079953789928415
0.999912401194651