29.033176390172905
30.124426588283765
30.31541589236141
30.01745446986622
29.956926145126925
30.056970832848517
29.884665079773754
29.806628785971554
29.7075721750874
29.51912633505398
29.53080961251687
29.403116452044944
29.446113316446937
29.1973368459096
29.165126293453053
28.965159986779152
28.767384634511608
28.599443043709154
28.36988404598148
28.247469591205604
28.11637101278963
27.767816009114735
27.716488657575088
27.37257990114618
27.283647049497393
26.875606327055372
26.65749850156899
26.562795903176376
26.22918949633277
25.94317433716054
25.600507507304933
25.358793235883716
25.036235114218048
24.80694414328715
24.599703879154013
24.27966118615305
23.833658159535908
23.54039124851281
23.3063300057326
22.838477010452106
22.67272826268859
22.20650089169918
21.947536952627583
21.611676507461105
21.152155820502877
20.798962838643135
20.473784437980882
20.18627092181837
19.810025328609697
19.435482150009797
19.03570338597011
18.572458277265202
18.18212197740879
17.937427348496392
17.545465809403954
17.034465691565696
16.829854849927152
16.24647495181857
16.04877326691014
15.514096546614027
15.159555290548385
14.89460320137098
14.458026959249427
13.97580629054549
13.529931901728204
13.137715987879202
12.756523355211845
12.387285796665484
12.108428054615805
11.843093727250812
11.361239810824701
10.823898033966243
10.694660235081173
10.131644840170566
9.90774678964532
9.361750997318138
9.261726537153246
8.629903648210146
8.259851032839032
8.130903688028416
7.869949511419975
7.5019703526875
7.13072547167391
6.822380299455588
6.567449347585008
6.200403477263723
5.549301830766578
5.034214678580597
5.3031700576187415
4.666437264284413
4.30581040187131
4.239572737278696
3.979536787631986
2.9261944732704435
4.188926979953789
4.134719761927839
2.5737763730118686
1.1927503022599988
0.4950969215488233
0.24552089289166626
0.2353891246629749
0.3939874408809982
0.7148485817534274
1.1131161800895886
1.2791715438044837
0.9955799196900712
0.867527769840619
1.1339749484816568
0.9169823047890153
1.0744465028847616
0.9252936629564036
1.069601230588489
0.9852959629242901
0.9492706214224476
1.0106157954276083
1.046087604127327
1.0402630176506669
1.0348077627957575
1.0315152525102937
1.0335152649478208
1.02351822074734
0.9893889533515421
0.9742511942760477
1.0157136940647562
1.002547779522386
0.9853561427134436
1.0143102189582565
0.9895113766005809
1.000545759497162
1.015487461148246
0.9863259619499962
0.988536368615789
1.0032647639032348
1.0125041014022333
1.013248135394403
1.014174418723417
1.0097484924606595
1.0023626762533397
0.9917098473283423
0.9926412366096868
1.0098303534031614
0.999305836012726
0.9950398148105378
1.0071350218488546
0.9955726395327615
1.0015293357295187
1.0056320480687497
0.9917612848188049
0.997157637951591
1.0044061015730212
1.00855174909739