2.201224612007881
2.1104658716586364
1.9084569781572696
1.7251953780462725
1.6289389759666404
1.6209956058497461
1.6929482912774143
1.8195887637810888
1.9242853524147356
1.9230318079982642
1.8086009279150328
1.6578914220969945
1.5637104900145142
1.579844432455854
1.7029825597142236
1.8660299082853127
1.9637659354227348
1.928538784026853
1.789046541118137
1.6417943615697126
1.5706241438469224
1.5974872528912711
1.6859400473993753
1.7726169372701668
1.8120343770435063
1.8101851624952243
1.8064017443530818
1.815895746457291
1.8071227273363408
1.7456244936359269
1.644841467366579
1.5623259392434503
1.5527979249339663
1.6250397739683458
1.7327624170263138
1.8093124068570468
1.8253108349329952
1.810281629700692
1.8057785229463175
1.8067094261010024
1.7703478920729852
1.6799402023896988
1.5761780242912882
1.5188785546782055
1.5296027682056865
1.5777080121939187
1.6187423144968427
1.6435884573644983
1.6838119613413807
1.7610306877476478
1.8422266495474193
1.8696292398466863
1.8329717085260986
1.7805918447427724
1.7496024350979935
1.7176598380289214
1.6461215714290374
1.5460564960490277
1.4694870541578675
1.4432258463136123
1.4411492675584447
1.4290796447982435
1.4161612002858317
1.4414893236240174
1.5143114664873842
1.5940949907876638
1.6455331741257684
1.689131799513659
1.7634724140253182
1.8537762271509701
1.9077595594668173
1.9194945123121399
1.937548320002434
1.977648616565632
1.9925893880474985
1.9563745098527503
1.9120711746519674
1.8946160808070571
1.8693980056604658
1.8000645257343897
1.718535647132309
1.666432623611032
1.6200241941692368
1.5402323092189802
1.449452148096233
1.3883153476034793
1.3392700522260212
1.2649985674092177
1.1828493904180353
1.1291813182441992
1.0880667173555034
1.0262498653080412
0.960532023604869
0.921732637002813
0.8920550223339933
0.8438798058042688
0.7968170318103626
0.7748939928992044
0.7562746542999428
0.7210459469784402
0.6932552530823961
0.6877967410769409
0.678523299893032
0.656335511867567
0.6487219571396531
0.6580443435946214
0.6566498405180978
0.6496246286726447
0.6629969868913655
0.6839032652761816
0.6901692743671611
0.701843683375172
0.7343486586367308
0.7615601965502776
0.7768115507209626
0.808683583121655
0.8520823419617249
0.8786792634419738
0.9040933548815865
0.9493329256979897
0.9875009750796065
1.0070410893948123
1.0386508664682914
1.0775427535496995
1.0924037407352616
1.101225568010476
1.1246110185454046
1.1320695662241116
1.1178029694415978
1.1148142824975633
1.1106529614173541
1.0808626999352136
1.0541424219539073
1.0400977146492347
1.0085676568450401
0.9741893425234414
0.9617109187175137
0.9451046645647957
0.923300453791091
0.9264832279475359
0.9357966281891102
0.9365105748187001
0.9575503749438271
0.987142227995726
1.0001993055052434
1.0220935467404357
1.0492458892863044
1.0514715379065442
1.0516391395266926
1.0563015814198806
1.0361602532133631