2.801321182981512
2.517356283335466
1.9795419766970128
1.6530908429547506
1.662434981781693
1.8907438991357257
2.082324584387218
2.044075825840168
1.883791435607454
1.7960652131551527
1.8168832158634385
1.8832306380263106
1.9202738369550703
1.9255747374920207
1.9481692867791705
1.9481389881404876
1.8657197143552078
1.7643341640954435
1.7641200078090717
1.8992649336278418
2.041134018019361
2.018725787518601
1.8570148802151156
1.7392933996551536
1.7586120462303467
1.8457730456306467
1.8972010704503162
1.9128881953386587
1.9487302835666807
1.9584579821425252
1.8629450183167102
1.7288510988252777
1.6964846140594747
1.7866101788818298
1.8840568730973037
1.9104370797419077
1.9203807166337257
1.9437857850803406
1.8968274027573442
1.7664867579199885
1.6762083210061198
1.6940734693322121
1.7489467056525918
1.7795423363370124
1.834663195699885
1.9319816122225935
1.9635092871002269
1.8883836763679513
1.8111179775048611
1.7660853388374351
1.6872879910864305
1.6018688976257844
1.60349996745645
1.6715878016438372
1.7185977889401174
1.7658514876080114
1.86414973874988
1.9318614720438831
1.9109040139878621
1.8855391733601934
1.86613548104375
1.7738844618524758
1.6590412840193642
1.5994473370073758
1.5413718000810914
1.4666685460767508
1.4549212559746079
1.4959216811157738
1.5198051699899848
1.5686682504848022
1.6760352124543914
1.7582969563494655
1.8159840793030475
1.9156225065464716
1.9873439258249601
2.0021769685726984
2.0444790149858076
2.0659726214021665
2.0216076095085618
2.0002754405978256
1.9702579091652168
1.8805897558513178
1.816583807057928
1.7541901483207136
1.64374464587022
1.563699330844045
1.4900026229924728
1.3797006912209735
1.3036766391236854
1.232883992710693
1.1354610490563768
1.0742631159154197
1.0128986170036363
0.9343069664177177
0.8915251510077258
0.8410895172559485
0.7836043287663789
0.7584957913518899
0.7186148807823893
0.6832495044669096
0.6728682662395683
0.6438012988229309
0.6311986687701118
0.6317669001565085
0.6159420906155355
0.6256957203857575
0.6338467761158562
0.6359211766736572
0.6648420117977449
0.6791471369645515
0.7036714189855682
0.7443238989660034
0.7664019242187333
0.812698969672032
0.8542039967694753
0.8871771772132214
0.9436880781873697
0.9758435077105457
1.018117452699483
1.0623916980092263
1.0805144995309575
1.1180510852757346
1.1285028175490968
1.133166300299057
1.1419660369507767
1.1169326351498243
1.10778496470029
1.076426290770109
1.0405486035166425
1.016387623306626
0.9715091765595134
0.9542672208574926
0.9283643578169098
0.9185660160617151
0.926112186407737
0.9291056265957572
0.9625334657054141
0.9802988878876522
1.015719747068429
1.03991955689262
1.0526113958510397
1.0668483548516852
1.0488040910363592
1.0417412199846354
1.0078583020488416
0.9867368085097539
0.9643291580703061
0.9504037595800229
0.9588010027099613
0.9646276620748608
0.9974668048315595