2.2676995433518026
2.131746175788789
2.019959420762794
2.022150245220888
2.0934356107345655
2.1356039546783934
2.0177242372647624
1.9463587913369238
2.0572480798900155
2.1991105188747873
2.081713571992183
1.8866441086154262
1.9570334080306226
2.1938838351648045
2.177016709533826
1.9391797129445063
1.891178067352265
2.06474751828164
2.143717756435335
2.0631858703580095
2.013105055738419
1.975637347101411
1.9377986758165604
2.022543629598735
2.1599502006172764
2.086252343282254
1.9107956561017345
1.9060230865260768
1.996599688281126
2.0321005855997782
2.081659719549042
2.087866314253082
1.9375016029428616
1.8466251884206872
1.9310361685922954
2.0054894327455277
2.036698551860934
2.0876318086494097
2.005012137753465
1.85708647924409
1.8470640712365836
1.8847957702712528
1.922510261600993
2.040630950649088
2.072753000783623
1.9742145093599246
1.9143443931862116
1.826382031041661
1.7522033418379517
1.8229169736280237
1.8994306781948764
1.9536610419845502
2.044062054390951
2.00803832298912
1.9219048915216121
1.8575881595811647
1.7307140803929744
1.6855879055135758
1.7117141858635638
1.7321612591663917
1.8452933974613392
1.9321984765082103
1.9695051515867759
2.0224184670563545
1.9588137928046991
1.8913271265564526
1.8021885045670125
1.665844711149959
1.6039809682618682
1.5263132236270405
1.5064148599099099
1.5475386917703813
1.5798744799217883
1.693112154035593
1.7786284659353389
1.8821090449530282
1.9908429050371688
2.0392948546637846
2.1194743159039273
2.1143382038901573
2.125893583107159
2.0867802596643092
2.0237966904198066
1.964543935599149
1.8507990731666233
1.7756077913083501
1.6447468550148971
1.5552226051186533
1.433577994433609
1.3344595383511717
1.2347861889273517
1.1342482422038542
1.058249752196093
0.9650507227006149
0.9089622819495076
0.8297619589853199
0.7888872263517871
0.7272702075023234
0.6982205298990058
0.6552086186234294
0.6363527470242147
0.6115252505935594
0.6025809852521536
0.5950670384137514
0.596482916099133
0.6054765309491611
0.6178464441063456
0.642588090214692
0.6660822880786814
0.7053890973128757
0.7391131232036727
0.7906004009077447
0.8318721735139647
0.8910890441973548
0.9348122135505125
0.9946650840591337
1.0332215636713131
1.0842425603501267
1.1085115966455297
1.1405821610940639
1.142590328699387
1.1483741240452205
1.1254028744848805
1.104729673864138
1.0633524644860493
1.0262679121937375
0.9832814458434113
0.9484101708560622
0.9254292532730847
0.9114822224210322
0.9229382039432599
0.9359536662098431
0.9765401510322482
1.0019969641840212
1.0450442081735078
1.0557399452461496
1.0704596895130847
1.0505337081496775
1.029401352131129
0.9949551550891386
0.9644052266247416
0.9529917840762256
0.9473370995200976
0.9756219310664034
0.9955123632432998
1.0315400330216047
1.0417327328409836
1.0397319859194598
1.021599381971856
0.9869806732520646
0.9727967876435737