2.594922053409828
2.30726536533033
2.129337713742967
2.2413880667127555
2.3383685120697275
2.1411799588314526
2.148908265166709
2.370154028246852
2.2298940465434156
2.049452984322814
2.2955768263767347
2.363402885616726
2.06899665809619
2.1397513330369398
2.3608538142908344
2.213416224850787
2.1196190979975142
2.1921680508300834
2.2245987272063146
2.2773087245017902
2.1656031994974843
2.060333985473912
2.255391649507554
2.289858623100835
2.1266032393117666
2.1177632212045348
2.1340515327590435
2.234872287586963
2.26564075284053
2.070550376578164
2.073694020606731
2.1614681599096532
2.2078642136940276
2.2342479754203226
2.0574812548564094
2.0311383565917653
2.1169871430894918
2.1726775805419463
2.2322356825447494
2.0761352807849125
2.007801121072105
2.0139038618510745
2.084757421474665
2.2092761210684744
2.135692828584779
2.0736994064941174
1.9417860536821825
1.946196961951958
2.034611392463068
2.1088317707508626
2.1731991273567774
2.0645778282981273
1.9891718390137554
1.8600696944420125
1.8848076055088436
1.9355371843169717
2.052713135399001
2.1116661582086067
2.0949422399773425
2.013628287955497
1.8774286677135765
1.7978920174456552
1.742346848616222
1.8097969718272484
1.8759774559223994
2.010760215581071
2.053022934325421
2.096407932919689
2.0121184560939303
1.9350533916363373
1.7784500050835281
1.684150702567559
1.5765582949511232
1.5692780391739514
1.5738188950859957
1.6701926399102347
1.7596672715357449
1.8997057153237058
2.0043242242617065
2.110534467878342
2.1739643280176555
2.198109503890322
2.199676501040507
2.1363830844286453
2.0823691539266935
1.9584093646717933
1.8644647352428738
1.7188525239902654
1.5998622965966194
1.4653331281549138
1.3353340890789323
1.2272339776380083
1.1025800594478725
1.01837185724379
0.9164349217751371
0.8453146793806136
0.777021032919606
0.7134974021434112
0.6760782501034884
0.626996088727825
0.606526754423197
0.5840677081442516
0.5698038227733195
0.5761538627171269
0.5734478391820459
0.5958790960443993
0.6193311736479872
0.6465516169893883
0.6969511857690678
0.7362759352553828
0.7941112494499163
0.8571028784192943
0.9086533045274058
0.9798230141468223
1.0325359687361402
1.0788907872777367
1.1286473684394425
1.143676478076571
1.1560953657246245
1.1528133797381566
1.1166772181614029
1.0851929053208642
1.0382516534951869
0.981134911637946
0.9474092643890117
0.9184883438217322
0.9037165770870506
0.9249242793354678
0.9552923118205829
0.9898766047371463
1.0381449897881332
1.0659609416333293
1.0652642674990964
1.0557664058435887
1.023572168892064
0.9770628940062609
0.9523877728615163
0.9497640004876405
0.960331443972903
0.9939044846376428
1.0347580166849877
1.0476246588443956
1.0340077616814705
1.010812159993999
0.97941239668401
0.9566097919540251
0.967911006608575
1.0037700192257921
1.0295303521603074
1.0314515537274824
1.0161943155594018