5.4583483928411844
4.964672237358337
4.981118607362427
4.993196460738623
4.940481482060408
4.979991903569986
4.956038511663052
4.984494673208913
4.962778678971076
4.986483447083584
4.932448563487923
4.925046958901432
4.956250876171659
4.92771914847407
4.9222720240505415
4.886584911647396
4.884682421140087
4.853997633697582
4.858113872828854
4.848185855905897
4.833098456151103
4.824858799775083
4.7987367007393145
4.7734051868685
4.778759283246533
4.746212840120511
4.7219970518605345
4.714780734766182
4.676923304689807
4.656069660293529
4.636376255474217
4.595125919169398
4.592017714129091
4.56937220192828
4.538828643544986
4.497064884223153
4.465047920916383
4.434409150616828
4.410505958613992
4.373020241228948
4.3517060029653445
4.33620922091554
4.313380004921905
4.2684266213895015
4.213861907979029
4.201784112377975
4.168787477132032
4.11443610215782
4.10436995051663
4.041203665725491
4.027026688674088
3.990482632710493
3.927331543700338
3.9091750605480415
3.883898059694572
3.823582502954891
3.768711325212904
3.722776610407285
3.6812835052441786
3.6350178077920714
3.59539658199902
3.5526331122990977
3.5221671334912767
3.49900820834526
3.443472259069843
3.3659436659789552
3.3491732411143564
3.301665465482394
3.226469095881764
3.2166321074122837
3.126665211028881
3.1020859455824623
3.052488306804171
2.9619550013166793
2.949447352411405
2.915428301492219
2.8393521857940978
2.754966806097739
2.6887038087615243
2.628144089762477
2.572177790411992
2.5116033418440007
2.467046054698104
2.4490662925125752
2.428031246283131
2.326162645087921
2.191714809498737
2.220328889564225
2.140074518482446
2.005196158446212
2.055735774608152
1.8488355009701167
1.8863341370577107
1.8095803865884021
1.5395600620612635
1.710402186896258
1.6850730383648083
1.258413007389174
0.9230990883805922
0.9608464440682811
1.2775400149321094
1.619081223794021
1.7227668407905121
1.4362395582646574
0.9409500462135165
0.7663697548688985
1.0764184084583603
1.1149516796272332
0.878508196962573
1.0913051017330977
0.9424104125907843
1.0561881104960258
0.9415108992059587
1.0563732498748153
0.9799276138580912
0.9676661101106011
1.0286569616910068
1.0324559511827145
1.0031245584460475
0.9817523517334489
0.9765337000135402
0.9766620975052815
0.9807271066019793
0.9917458008455352
1.0080039235481228
1.0188293276891218
1.0040185408174567
0.983297318742084
1.0058718648170484
1.0076103670462548
0.9884007528158459
1.0131343005021702
0.9882464018319236
1.008216977840959
0.9983056439053747
0.992050766819343
1.009095855403937
1.0049906820642678
0.9944629998796901
0.9905942164801727
0.9937394078302577
0.9956739216076479
0.997077858851817
0.9947317740209431
0.9928686441303003
0.9942611988169046
1.0008291069729764
1.0063239333849965
0.9985070248700127
0.9946689056085378
1.005553720445782