3.469523479933749
3.2323537554573774
3.262570353790726
3.264316606864162
3.2707360046647174
3.2171386487080884
3.276404085682308
3.263116396301487
3.238866433813556
3.2480560903376894
3.2101154050622007
3.234669127888849
3.252616263877133
3.2247382726699048
3.218276241637683
3.2354283530932957
3.236293809278053
3.2153881032514176
3.1908673744454337
3.1734244930052276
3.1627848110450594
3.157386935295788
3.157788224479203
3.1602838650834943
3.1528706630689847
3.1305919890813465
3.112212554842529
3.108583692342784
3.095639910869647
3.084740310863684
3.100384594085857
3.08734073051742
3.0607944035731194
3.035813304967845
3.0332647044139325
3.04182967586668
2.9964323754712505
2.9910790422699383
2.997559630698543
2.9453571872438418
2.9681880431439662
2.925272391119303
2.921582347479527
2.900975253039425
2.8963926821124737
2.8526248116388087
2.865898085871743
2.8181639182283393
2.827020442274832
2.809568887509278
2.7595092452034025
2.760534321420412
2.755150170618145
2.710819183361446
2.6747174445431687
2.667634087029012
2.6676189997430715
2.6553223236600587
2.630204762938939
2.5993188725586838
2.5672286168367697
2.5357632800492724
2.5081302897583457
2.488320203683915
2.4738168014857775
2.45729834468088
2.4411016989995127
2.4237332202392294
2.3811168996541916
2.3220537510935824
2.2874673137332953
2.288800579770411
2.29359092364028
2.218743244859653
2.173149290096101
2.202235242583828
2.137581105611421
2.0846588538583894
2.120239162320292
2.002961814831341
2.0567759696782417
1.9373372428203728
1.9966122680056524
1.8556641820016935
1.9364418641597032
1.7842785309175555
1.825524933134059
1.803593138596282
1.636653770145481
1.7243633253769688
1.7139588709493865
1.4995233819969023
1.4515892389009917
1.5876604963195042
1.6120117919017265
1.410218678504849
1.1239676661835822
0.9347905562248847
0.9217474353257629
1.061204368437483
1.2779222324491697
1.4841887336402728
1.5992922946851484
1.562161639886767
1.3549883338694517
1.0496491344629695
0.8223054776867504
0.8346716541564266
1.038022722464682
1.1428818914914063
0.9921025247668304
0.9061301962482943
1.051174864467976
1.0370985423174084
0.9330823457001078
1.0534264044137744
0.9782267916139873
0.999485119834651
1.0138643476900278
0.9847172754616648
1.0117837985335238
0.9970324107829818
0.9920472221598682
1.0223844485148323
0.9713643950047575
1.0170315828675798
1.0073826834690063
0.977415764855082
1.0065561485181875
1.0202693098134072
0.9970448359333717
0.9825705141843663
0.991924291508523
1.0073957138257803
1.0149422196081475
1.0140107989409544
1.0096673139613401
1.006100959845702
1.004885726634953
1.0053553139379086
1.0063679395960219
1.0083794690748717
1.0111088809536786
1.009530230818791
1.0014040487430556
0.9934277390600581
0.9914283643515905
1.0010600623025734
1.0091738831293833
0.998130601070732
0.9931261299320193