4.526016865227047
4.200055581379985
4.2066128554895315
4.233592661164587
4.201936255492505
4.177746140757252
4.222943178380396
4.194696117996306
4.211047947201402
4.189202754102091
4.175385612162464
4.152047847949389
4.192266595789482
4.1469338567443454
4.1380816953995865
4.167710938413725
4.122796607473334
4.113581328368741
4.0944770590159685
4.110488309862393
4.09037089549151
4.093891415814217
4.080465020066263
4.05521796227272
4.044202699794594
4.028609739520885
3.999554969190943
3.974313170376673
3.9693469534452164
3.964958804494474
3.928022594050109
3.904248396798246
3.9113789823736247
3.867460426583712
3.8713886270161044
3.840384328222675
3.831579486281128
3.7833844921256192
3.7899465940896344
3.7477568940590023
3.724298110178728
3.722329645242159
3.6853414095498676
3.6393907113523425
3.624274242066548
3.606941567343025
3.590788711304159
3.570792690606257
3.5377782688232946
3.5128096610147606
3.4845298034148846
3.4433739592294255
3.3961579046867127
3.357407069773515
3.3428457710788586
3.3351886929284995
3.2855884932572055
3.2348348903642967
3.237349614690638
3.1743120815935
3.1510596817997936
3.116235648695632
3.083580600179092
3.041090157729624
3.0276581627238444
2.9481851827731425
2.947906587209226
2.9169293760631207
2.8436808656181825
2.798158645963101
2.784664651622013
2.7656810401252194
2.732689678996268
2.6854164845488064
2.644832294914148
2.604329401079898
2.5645928247234893
2.5247203544745616
2.4681639836480382
2.3855902575877366
2.312876796477232
2.308707368903242
2.3077239670195375
2.184681359689954
2.142728430069622
2.1656686195888466
1.998762079468183
2.077767587154641
1.8797852612833759
1.9815930246667175
1.7587324675708034
1.8222912799911568
1.7809008724408972
1.5155009192509836
1.598270608528788
1.7067803996957664
1.4669079259772282
1.0852688721001815
0.9003439276358438
0.9995930767118639
1.2793531214322083
1.5661511360446263
1.6823761503834023
1.5179528590786713
1.1242167390210283
0.796980807813891
0.8637636268123926
1.1382984816037307
1.0607991181376522
0.8888955943208519
1.0780477699667028
0.9785971880716459
0.9975205704113508
1.0110305187143107
0.998331030490753
0.9838936562681695
1.0382321839945157
0.9598355820787213
1.009522963854404
1.030999153343878
0.9848321316140337
0.9727877766567891
0.9932941265933003
1.0150825231603293
1.0215554123399486
1.0216102198583696
1.020790818333935
1.0187209305794798
1.0165079443808769
1.0104677559085673
0.9975149649020559
0.9859175062606844
0.9926237160951397
1.011289005645852
1.0035925775234213
0.9875261934503211
1.0087710702430444
0.9971671410886013
0.9992928306204899
1.0030066944255809
0.9987655041362045
0.997417622918877
1.0065891751686151
0.9918881742523393
1.0029168543476097
1.006487741750195
0.9951373995185038
0.993249958700449
1.0000261467780087
1.005255347633211
1.0063408281892001