3.969858964892894
4.542134194059202
4.6444077928397
4.576281337004586
4.596036341473972
4.5391788102945645
4.568314409089592
4.530699236973603
4.548243604424311
4.5490222177580675
4.530873654353423
4.5447503945614836
4.558149137523667
4.534755638889481
4.506240171920964
4.517004923344126
4.4989899764528
4.472648319751885
4.489487146942986
4.451216832937713
4.464731004563143
4.420541869394701
4.405814528509349
4.413713358965882
4.379537718519872
4.3494970094227465
4.3598847407735635
4.343473243601824
4.322948258793604
4.293627913946483
4.2763926786219635
4.245818464666664
4.237186674736418
4.222125271112934
4.194886852636642
4.161576763297101
4.12465766734497
4.109578641072277
4.106391053868907
4.057781231620676
4.035686803498544
4.0198349191548095
3.971420302011759
3.9599223529547425
3.913933851181511
3.8825894190249146
3.8801626660295483
3.822053565749245
3.7826334330175295
3.778668973778484
3.7487093445482262
3.712250526268325
3.664577794520118
3.6291967241161687
3.5871281315106414
3.559668511513912
3.532876488982281
3.502858434911274
3.4663944739104404
3.409638316578544
3.356912272203959
3.3474741121557448
3.309536971409067
3.2357404198597437
3.238591871140926
3.1554289915125993
3.1542004739853895
3.0641461494503424
3.066971718249719
2.992354255007615
2.9411433770991584
2.9352685974279438
2.8838416106161784
2.8052900366932856
2.7412371975414174
2.7029559958928875
2.662252124346124
2.6193254116925333
2.566396395966585
2.500458748785636
2.4382499596030853
2.398499447089357
2.393973252863147
2.3685592704748317
2.2441180099103457
2.1716319493945204
2.2152911535705995
2.04453715439285
2.071634485934227
1.9447165556840267
1.9610945836824911
1.7663977713713044
1.8981991304129162
1.634553641893269
1.5474244482763648
1.731078795805537
1.5813360268384644
1.167093748005571
0.9066750970052732
0.9802820578136023
1.2784898393807627
1.5931369487985807
1.7033124255548644
1.4831209374496983
1.033038409355365
0.7619460610145473
0.9644948843616167
1.16843110205662
0.9356700421605533
0.9737805904684443
1.0682083507396472
0.930921342798674
1.0621878552688877
0.9567102166606006
1.0174046240140322
1.0229158468320636
0.9568548112270168
1.010754306718972
1.0347374996142218
1.0024371390522648
0.9769593713674019
0.972455814448805
0.978825947279618
0.982661076097317
0.9823358445654546
0.9811962370702786
0.9818815342230889
0.9930683699954568
1.0119711956954105
1.0130728071500723
0.9899745898334223
0.9952902215887789
1.0134743924187934
0.9884702749409888
1.0099323798297395
0.9923235702709553
1.0092293114758943
0.9891456296763177
1.0081271632943158
1.0004382855035014
0.9913302143255879
1.002543490652353
1.0089805568047199
1.0027085238747646
0.9973768876544028
0.9935262322085384
0.9937928701582223
0.9932172251967784
0.9947406862983781
0.9984551680655614
1.0030031539662412