3.0166591864391314
3.4843590207930544
3.5111721330714354
3.531329869041655
3.5511562601197038
3.5635800627557823
3.5571311823547056
3.534977216811845
3.5239919519604785
3.5352005744897586
3.533327558388623
3.516361159480715
3.521183628687721
3.510743156824638
3.5051232999979036
3.5012788140503854
3.4894115020651824
3.4873826014371225
3.4761468835987532
3.465161493894544
3.468817019137019
3.43790224506245
3.4481443951402966
3.4380386797405165
3.405411486023478
3.4063968081555105
3.413690716598555
3.3946057350219787
3.363781624488749
3.3422071040968686
3.332211839272831
3.326451598389213
3.3190640042409605
3.3079004519709203
3.2925924478811157
3.2729735813560654
3.249285012644087
3.2242673320189983
3.2054008408453165
3.201200300533529
3.2059528026477118
3.190851422275259
3.1442269873395445
3.118941604177885
3.1336613173472876
3.097875535887463
3.0598762689565677
3.0762035511156807
3.016924304364679
3.0273025757990712
2.978880911825157
2.9826698327975736
2.9292269384292946
2.942666315302712
2.883118241254644
2.877998565856345
2.8662308540301176
2.8092228544376465
2.7929342415632363
2.792984110270769
2.760744592551357
2.711644808225075
2.6737687087860924
2.650944464291144
2.6337152078141215
2.6145564612885046
2.591020573796412
2.563037289852788
2.530384921118935
2.4920227194200475
2.4478106672062694
2.4029418625936896
2.3712848912477873
2.3648864985701716
2.363730061146017
2.3152631593258475
2.2315870074804693
2.221756553074602
2.2350937416712413
2.1279383653839288
2.122209889413692
2.1126493657578993
2.0018844164636005
2.0609086646479793
1.9095770427516325
1.98676497633973
1.8312845774233537
1.8694425971558015
1.8224750014836546
1.6661558536328622
1.786313686746028
1.6855116246311037
1.4700999433992823
1.5318766636632826
1.6592762535114929
1.5387166862111037
1.2280633192228105
0.9685654738826794
0.9071765808178438
1.0401988368626267
1.2791912988153438
1.5119603527205758
1.6313033923238158
1.558359821907922
1.2889694834494634
0.951421825884988
0.7844757395302138
0.9225068431612411
1.1364810775258174
1.0676179463574895
0.8959270839493475
1.018632961471595
1.0604102388589685
0.9284352970648738
1.0550864933758557
0.9689204372858041
1.019291296430661
0.9851501940971994
1.0204335971509855
0.971748805852163
1.035030085490818
0.9716920080214089
1.0051065153820924
1.0224915690160292
0.9794032023064266
0.9879175246120916
1.018382047532856
1.016411118287986
0.9958533430273441
0.9833367373364443
0.9834953114457328
0.9892022200045785
0.9944751560903531
0.997127356851106
0.9969957582514275
0.9945223571386529
0.990729697370837
0.9880668760560672
0.9904938443153741
0.9999921483327925
1.0098065900092705
1.0064257571569692
0.9924726171074398
0.9947245478639983
1.009098193286699
0.9977243966351358
0.9948973237123165
1.0083055717062206
0.9918910622365626
1.0069599409393746
0.9938281338360077