2.750668029617461
2.4786854456478125
2.541773227909604
2.519255288170374
2.5316305259632315
2.485603202500953
2.5660811013481593
2.488389079175376
2.5209759831364718
2.4987835620502374
2.548039596495209
2.486842551716325
2.5028280236963947
2.497548301323911
2.495891837057981
2.5279987189005344
2.485025517128767
2.4825611600571125
2.4933059622064935
2.4577929786424013
2.456757310201156
2.481319468778684
2.467307443446701
2.441401278659822
2.4464082289278695
2.4622545196545627
2.4555598059893935
2.4296399575518755
2.40781663295234
2.401956842681178
2.4073039752917347
2.4142974959589756
2.4172440696871815
2.4144110387763007
2.4049813707947143
2.3887934780527007
2.369460406191662
2.3550375024663612
2.3503444683989687
2.3481804261185264
2.337926623424273
2.3258390794953305
2.3257898329284212
2.326031446354548
2.308757529140204
2.290093277913268
2.272608904998291
2.2394862684891983
2.225741614103477
2.2353026869869206
2.2369169658197348
2.2318302706326905
2.186590638756254
2.164768211005601
2.179943067442605
2.1803482364495546
2.1324328135393267
2.1155480522709227
2.1412383861005457
2.0991659598602554
2.066815056904107
2.103342142914765
2.0366391261664205
2.044122307975891
2.0424237508930916
1.9805985732503617
2.0269253019517244
1.943995196436544
1.9877295260393444
1.9115552281548658
1.9579707100598525
1.8668484005891655
1.9231737917289913
1.8303688872106607
1.882114549603254
1.8105482480551391
1.793842391830495
1.8241489970574987
1.716386215724293
1.769035427663529
1.752141827481946
1.6389790145258853
1.6907027150796214
1.7067018888752632
1.5754973345651972
1.540359494264464
1.6274596872788267
1.6169184624342499
1.4726195383877845
1.371134935322865
1.4130601151574538
1.514254115004924
1.5375635596403459
1.4302318135314531
1.2399081743355418
1.0531713531894464
0.9370892631166925
0.9173739772819494
0.9850279178374345
1.1123091051867515
1.2647346269972144
1.405846944381426
1.5003595192400634
1.5212979561638116
1.4560600907761012
1.3073829955143415
1.1038226760237526
0.9149128335045319
0.8241574664604219
0.8695304654124563
1.0097510870785074
1.1181854840218803
1.0810866069832092
0.9582381097173046
0.9196500402360449
1.0172936606398066
1.0694207152581534
0.9797163340574815
0.9523860927431822
1.0397350117028616
1.0155191790949585
0.9568499496173597
1.0299953253008776
1.0029500783817524
0.9735182303035936
1.0343188068031877
0.9719888094547127
1.0174537678181212
0.9930819931330507
1.0008639395904502
1.0023143966139425
0.9969421151836753
1.0032749642278964
0.99960126684116
0.994592208459026
1.011782175609639
0.9849111856246383
1.0168551676453434
0.9864667075088013
1.0017424848338494
1.0104194173049366
0.9864760676042801
1.0064010660560745
1.009444861206704
0.9883128813858661
0.997059732899399
1.0112750716587056
1.000326527786802
0.9884136256827338
0.9954834480205511
1.0074860146363707