1.2084289482542119
1.2079681025048457
1.206588084593222
1.2042964329422237
1.2011056465841083
1.1970330886343938
1.192100853097369
1.1863355935872224
1.179768336070182
1.172434229189277
1.1643723006449926
1.1556251741681713
1.1462387701440597
1.1362619903570312
1.1257463905971363
1.1147458448240113
1.1033162044581633
1.0915149561688124
1.0794008812576832
1.0670337194078339
1.0544738391858632
1.0417819172661165
1.029018627899674
1.016244343692495
1.003518841905341
0.990901055886373
0.9784487702389473
0.9662183971969815
0.9542647238390876
0.9426407084610117
0.9313971706365134
0.9205826892005629
0.9102433199263857
0.9004223777460568
0.8911602778851132
0.8824942837886081
0.8744583292775462
0.8670828109557843
0.8603943887547483
0.8544157899226701
0.849165618271776
0.8446581711346026
0.8409032671152957
0.8379060883311672
0.835667041400924
0.8341816419253796
0.8334404276009616
0.8334289053836408
0.8341275382603286
0.8355117771677909
0.8375521434101798
0.8402143665533056
0.8434595822088797
0.8472445933619949
0.8515221979419574
0.8562415841977844
0.8613487941284468
0.8667872537534212
0.8724983674163613
0.8784221952746759
0.8844980629475344
0.8906654642221042
0.896864746177845
0.9030379474051763
0.9091296421988501
0.915087665397253
0.9208640832978571
0.9264157810577017
0.9317053341387271
0.9367015534581999
0.9413800046355008
0.9457235907778276
0.9497228070248794
0.9533759866249749
0.956689285920459
0.9596767136759788
0.9623598109861474
0.9647672638447261
0.9669343373810223
0.9689021543713503
0.9707168264151607
0.972428450198777
0.9740899852678355
0.9757560335818991
0.9774815447158414
0.9793204737849475
0.9813244218880096
0.9835412909735561
0.986013986435712
0.9887792013473816
0.9918663159647692
0.9952964449336624
0.9990816624624844
1.0032244325936739
1.007717267625846
1.0125426327666427
1.017673109313466
1.0230718221806754
1.028693130561349
1.0344835731016357
1.040383051372731
1.0463262336159775
1.052244111294629
1.0580657705140366
1.063720160074056
1.0691380769638124
1.074253899658245
1.0790075502608067
1.0833461179389983
1.087225467447856
1.0906115461872203
1.0934814295402682
1.0958241115697576
1.0976408944084477
1.098945439110328
1.0997634304041004
1.1001318589225668
1.1000979314462624
1.0997176324330469
1.0990539727038837
1.0981749731701973
1.0971514424617441
1.0960546167946361
1.0949537379793148
1.0939136507225418
1.0929925029998073
1.092239633016053
1.091693722975683
1.0913812934955158
1.0913156030785944
1.0914960048060824
1.0919077976040203
1.0925225925260726
1.093299195998066
1.0941849925272868
1.0951177897000919
1.096028069140891
1.0968415692769244
1.0974821100347734
1.0978745587609173
1.097947812282795
1.0976377147819953
1.0968897274814287
1.0956613341940964
1.093923944435965
1.0916643524440233
1.0888855662838683
1.0856069943145157
1.0818639980838909
1.0777067499407427
1.0731984746513878