7.823378326566664
7.088286222749595
7.046702163548764
6.9826240768825345
6.959731101440188
7.027596649171527
6.985101789287283
6.973920597529517
6.971769947284916
6.966128380656239
6.932710172890826
6.935250802912104
6.9176040102303835
6.8920464488803
6.8696078960718685
6.846556849874265
6.822260024600762
6.808270558064246
6.810412298440996
6.777237386550312
6.720855464908942
6.736171615811929
6.665941281954806
6.673822037459636
6.616814861492376
6.582972738777277
6.566121300806145
6.531059263502264
6.488470547013014
6.447115543355294
6.4088580154189385
6.376272242036722
6.343737155461733
6.284892849077961
6.229552665717062
6.2173996743361535
6.1343165012161185
6.1246200897808745
6.046954009048101
6.001292237246942
5.972875911519842
5.918194315573583
5.85603120041943
5.797984552328379
5.743764305667126
5.6933588710104175
5.646330681699161
5.58652498948706
5.504591062165873
5.467042838828434
5.397268305672873
5.342780078561153
5.261351918090126
5.231765489177542
5.151360390640754
5.0663466473822405
5.000744593987594
4.939015009144336
4.87204109770028
4.799997006432786
4.730873666291534
4.678376002587209
4.622751566905572
4.51876634905102
4.469926857155164
4.380615647605837
4.331455703199151
4.2161056346475085
4.169956413996297
4.115305785122332
4.027472319541884
3.937037716315695
3.8562952426117474
3.7863129627224446
3.723025781704448
3.6416585663170475
3.519803533623097
3.4458995862359854
3.40231148008324
3.259982033025552
3.2383582564451006
3.1138649782933387
3.0062901687731762
2.981022634580474
2.9122471758582464
2.8081466902976167
2.708764647869847
2.629071283616835
2.5649814915332296
2.4701861885009326
2.2798788926670412
2.1610278770773452
2.2198909305216548
1.9104241062931
2.036818500495237
1.6291130488369918
1.811173408998917
1.676951612306398
1.078994788619634
0.8971122311608354
1.2656226112973235
1.7285498461583466
1.7465840430227202
1.159831816972529
0.7243125172307812
1.098762847331687
1.044249467440924
0.9485511428373666
1.026637940953784
1.0373166151187085
0.927800709478814
1.008884460023562
1.0537988001145793
1.043315949232332
1.0306655148206738
1.0306670499249302
1.0341438411320114
1.0180018811562574
0.9798187846223249
0.9900686615438963
1.0215848688047036
0.9791770074530222
1.0194531134045741
0.9846969427127541
1.0011900608449662
1.0156112639430424
1.0005868641696003
0.9895673220433028
0.9872126888749242
0.9880671863975511
0.9921696731703057
1.0025960054981824
1.010812287244039
0.9975592666380736
0.9942597417287081
1.0079824119852712
0.9924153053432061
1.0054405676231783
1.0005498265950856
0.9929804557316632
1.0004494157124613
1.0058936212836285
1.006758952495237
1.0066369491309572
1.0061108966914727
1.0024126603368975
0.9952843345559859
0.997026272552666
1.0055462813962728
0.9954115836582094
1.0040190733340582