5.31927591965124
5.923518386254638
5.969034659847923
5.93523000746211
5.891488995270646
5.916659511532339
5.861092089198425
5.909567670329676
5.878298613074869
5.872497852601269
5.880233169274182
5.835424608852639
5.832753978923777
5.814656292940767
5.826639895967064
5.805873531416637
5.77409990004042
5.749801712896381
5.731041173285397
5.727641791588823
5.723612860768614
5.676699688699051
5.657241000596452
5.638675169285477
5.615069897584471
5.593591174750159
5.570522215511195
5.530259764414543
5.498278539010657
5.492135584760058
5.458760127647055
5.436753649107102
5.401099087666471
5.363111124765813
5.330039825237556
5.288628798709237
5.238571888108703
5.210577740210468
5.190215366850359
5.121765875591764
5.1042921022750924
5.04772331086036
5.035118420851913
4.958374269009512
4.933879037703302
4.904206482708497
4.849500047624908
4.787661392723482
4.742248951506136
4.690032238234196
4.641127897286401
4.601558288966761
4.569975881611034
4.531459471559353
4.459632128173825
4.398124825103384
4.375938699647185
4.285228188135043
4.266018556877043
4.179162865593643
4.156370741485147
4.08848070369803
4.0106925693812014
3.9614939224207317
3.9258260286652025
3.8757150972174315
3.815602887770365
3.7573755100375354
3.69152989801224
3.609511422245725
3.5277647879685308
3.490394756283459
3.452308833091211
3.3376590808325894
3.319696615193792
3.210995778275265
3.1922590376375144
3.0681006802270865
3.0441060301853224
2.995109157351199
2.8814101989563454
2.785950049718101
2.713349550437278
2.648309916366552
2.5708320826282733
2.4837553100747356
2.4148057937121563
2.3990909460823513
2.372535391783401
2.19004709579992
2.1172045731928644
2.136230732517222
1.8854936252709311
1.9869828767256175
1.738549689772265
1.6193242865200157
1.8100799861203136
1.4671927279361532
0.9825574925349841
0.9257673537989543
1.2723502847108477
1.6748327022717593
1.7450287287531787
1.3138882026734884
0.7895681898034453
0.8930275479383089
1.188045558097798
0.8948665650882465
1.0644095430627092
0.9506885881227927
1.066807790959374
0.933291093982123
1.0199407422212963
1.0479412137319781
0.9943984339529113
0.964130138522316
0.963184140775881
0.9686168472709987
0.9700989379856169
0.9745990115911357
0.993900397419039
1.0200555225613364
1.0093605299072508
0.97951121194056
1.0128224329516489
0.9931642159407841
1.0061745894348761
0.9905006142833233
1.0138218483460848
0.9919652004433962
0.9907732870575626
1.0067397068180883
1.011170172227256
1.0099069985394475
1.0074392695552732
1.007593509409346
1.0093678770004535
1.0069011724072632
0.9968261521264546
0.9931194778997439
1.0065709967470247
0.9995051319596703
0.9974867847034891
1.002180085097373
0.9997165806290431
0.996557086467444
1.005792096860009
1.0000762129198244
0.993869119063132
0.9966319525617697
0.9991548665258855