7.399093020575451
7.684418493273345
7.608101133962644
7.612035756442595
7.582955662743319
7.617973436684802
7.604376149260833
7.582137471608295
7.582793862274535
7.566281206272278
7.539607561003282
7.562868423298649
7.528421006123484
7.500834187909017
7.488473571667303
7.4600105912773484
7.4260038843125145
7.4003794554396505
7.395285381608165
7.351340658187387
7.308983351394188
7.284617379205156
7.256112144161737
7.209940560349402
7.195972376342285
7.163362825911249
7.129110506234435
7.066478103679487
7.046256978671668
6.980033257973938
6.961492761773545
6.9136612727082065
6.8466631841789845
6.796972143565996
6.7557873720908885
6.714625012948838
6.652596640494472
6.593940931326219
6.547586079187709
6.5153536096604405
6.431014934476504
6.384751233506144
6.325264509874331
6.279050978914832
6.192677027715887
6.141282023662147
6.091161697700615
6.02566584712189
5.960860069757493
5.899150221376829
5.818647844743341
5.736800897564551
5.659597709750889
5.61972763073997
5.51902042641285
5.474445628376617
5.365911166316312
5.317296051162594
5.248864376825551
5.155546186528338
5.068261297322948
4.984246346595061
4.907597877496985
4.843556277130968
4.780257574185973
4.690313133120942
4.580381415495091
4.537472247299367
4.410001803357533
4.372435399693385
4.255985673266375
4.156954271849364
4.0960955910293215
4.025986495714141
3.9453633190786634
3.8550112842394784
3.7494014720963666
3.6291305232069457
3.538982867331973
3.5029187058452225
3.3512012464974266
3.31315314815805
3.1537440382682784
3.1346910807768786
3.014473066452612
2.864306205124809
2.759958880616213
2.666307959046398
2.55768061269999
2.442350151314486
2.368049222248731
2.37556470189852
2.2107168885331925
1.996189829441597
2.090446735342796
1.719566764703383
1.7752957578691932
1.7708202687112493
1.1425965727503176
0.8873337353238328
1.261611005635495
1.755741599004668
1.7411309109064492
1.0761643393468543
0.7353390442511825
1.1785713632200652
0.9302227912830382
1.0680962134139882
0.9155442963882624
1.0778679645245541
1.0245318373321983
0.9545751104745308
0.9482134006377433
0.9566017769358142
0.9606649842533178
0.9705727284979027
1.0080936417196438
1.0274466900326524
0.9798329043557594
1.009307541512185
0.9925522177004248
1.0139917716965228
0.9807327543865428
1.000348461914539
1.0155871098123141
1.013681636831293
1.0104227052734267
1.0105810982459833
1.0129596475496285
1.0042770333309745
0.9897038456255041
1.0018089949671507
1.0034163048026359
0.9965364002936621
1.000482961929708
1.0070291884065206
0.9939073126819328
0.9939182078399426
0.9989979776503047
1.0009404274641531
1.0003049474408021
0.9963100737231051
0.9936031526542752
1.0010283707265417
1.0048813382428385
0.9941361081523324
1.005158174860754
0.9950048757885429
1.0017284871912988
1.0040667262202856
0.9982627596285675