5.995164257920977
5.457737702743212
5.417564161292731
5.413941594281694
5.396544933978213
5.416212943291443
5.421584807254465
5.3868658783871
5.392763043615967
5.39288717380192
5.389105897590027
5.389370555298354
5.357883155383026
5.3338057443506575
5.351914610709011
5.312618265211869
5.336369288805244
5.2954525073015075
5.294361188857448
5.265271743930396
5.243399457940146
5.2255092604544755
5.2253764801029945
5.204649849329667
5.187636510408685
5.153696593470124
5.14300586050496
5.120081984430193
5.080368725356766
5.036715000508962
5.011013174265216
5.008947754881875
4.967810551445613
4.932386662722911
4.916611855845073
4.8671945871207365
4.852454753818418
4.828960742093881
4.7677724971139375
4.749739615866704
4.7343824818652935
4.68436231526832
4.645627939590304
4.596519026564489
4.5606963165374514
4.529420969650575
4.494217906102575
4.463701736745573
4.4207343886630674
4.3583826262946905
4.326282721635033
4.302933996931251
4.226280278664188
4.213950945319499
4.1323294590276305
4.1215969126918734
4.053638443231547
4.0032779346339735
3.9793975945217106
3.9330806067730895
3.860509136739981
3.8043495188277694
3.74560227585371
3.6976644247521437
3.6482801140906074
3.6030816671893735
3.5717832169630044
3.5292994540278837
3.4440308109298785
3.382309234129836
3.3697479222394544
3.2639009312149767
3.250716678276588
3.145117003759889
3.141422304709873
3.0333580120357007
2.983896406874161
2.96535391240688
2.8931147055366764
2.79353192703584
2.7152300475046665
2.6430624680253283
2.57852575906086
2.514902315985511
2.466009601952622
2.448080145183648
2.4115251304654195
2.2667799372533994
2.162899169794413
2.2182066916811536
2.000935165605135
2.0520840233830433
1.8298977547782744
1.947188900686922
1.6050216503693557
1.6667984852113205
1.7610001459838602
1.361491054278316
0.9474480973411417
0.9429452524462387
1.2749685614917523
1.6475866577903266
1.7350230694204205
1.3795893168388764
0.8584221135169036
0.8125421852677241
1.1616608009274214
1.0005284363870925
0.9412520895017421
1.075594660079057
0.9439954217699202
1.026473837319668
1.022315540761269
0.9474775326204539
1.017189139302404
1.0426564844614954
1.010422189381384
0.9833110598761917
0.9744815585358344
0.9757301131028043
0.9806106770214761
0.994522331261821
1.0150010177463302
1.0204879310744228
0.9934976990861609
0.9856959492958873
1.0167517702567752
0.9886882583588793
1.0082530422957652
0.9919817651572407
1.0121386138341766
0.9871988422358516
1.0024731562977256
1.0112921984573564
0.9980017055696125
0.9908783300841082
0.9900775144141197
0.9930961841794688
0.9931349523137708
0.9917435001236229
0.9921939664839399
0.9972718140985563
1.005980510145558
1.0039963994585355
0.9927442453104053
1.0029182599865327
0.9997496812702428
0.9988975031554598
1.000478828562445
1.0030287324639133
0.9942170937785532