9.692575728113685
9.102438798915808
9.081774630403702
9.035346794703736
9.020170384959254
9.038606985068174
9.006245967363503
9.003921431480812
8.990734536245398
8.972471970387126
8.95083569788509
8.928211757274136
8.90820988761028
8.892740452230619
8.867176367127966
8.813651837454605
8.803687971633112
8.75919358040014
8.74364588802385
8.674750861309548
8.651186895863626
8.630289848083143
8.593771487796008
8.548858415539721
8.492005837203639
8.421509320538373
8.382714656891592
8.356075268676449
8.268309519848547
8.2457921369746
8.17857369723299
8.102229254132139
8.050122322819483
7.995908792980222
7.9319953766745686
7.861199605485182
7.797282397745071
7.748819169907722
7.667391426575033
7.601895364867238
7.522643819147975
7.465840910665074
7.3808369375742675
7.294974515339247
7.215243175973233
7.135814592585356
7.058456921964064
6.991851819994328
6.917479230294672
6.80526893465202
6.7482735350632
6.632672247736382
6.577857968039753
6.476317481514938
6.36648346954068
6.2721463021757025
6.180010537734149
6.087621106604672
6.009049932328728
5.938633153559976
5.812807735796133
5.72665184519321
5.622771472116635
5.5465136579086165
5.413375399482969
5.3115758239453275
5.222393639290149
5.123570747813166
5.012426320059665
4.8987915337231716
4.81629322245922
4.73263317477655
4.5833656557551405
4.5256954218014185
4.37689169809668
4.276086547560434
4.202173198845135
4.100591896465133
3.991055085581112
3.8856381864566445
3.7677881343358584
3.610442065395908
3.500489196245253
3.446367015281967
3.2540045937501896
3.211361186023782
3.0878470001482445
2.9012824115618687
2.780505279113188
2.674110469474174
2.5415185905813793
2.391495084570366
2.3183436413488847
2.332692203136361
2.0142871452458997
2.012511240701647
1.696285534290712
1.9084008925181843
1.2894452015045696
0.8734824336402287
1.2522716540799381
1.812150223925091
1.7091800615751966
0.9111832579313353
0.8459008089669293
1.1931788122061975
0.8699116706520631
1.0649878636484313
1.0533475873372318
0.9418617389100334
0.9375218505934757
0.9533893899397881
0.955152498700095
0.9631763218964117
1.009466000018396
1.0274836916939516
0.9708228443067687
1.0264276533658396
0.9769823290337937
1.0055177779570212
1.0199800788694855
1.0067450353992557
0.9990067216250131
1.0013733795901412
1.0108540916883184
1.0127651701948843
0.9909264689361673
0.9999598188614619
1.0023211848616427
1.002158572148047
0.9902685921852178
1.0049863442495912
1.009724944665274
1.0080268527721294
1.0078415279987123
1.0081810549993429
1.0017434652232355
0.9925883816441121
1.0045778732095594
0.9971249589620571
1.0043470897565285
0.9940203998932667
1.0004047238630702
1.005059955612695
1.005063325239015
1.0048346695150612
1.0044068495313192
1.0003260482606413
0.9956416781155882
1.0028772996444792
0.9982880820286307