26.293537158040436
25.163692233221965
25.066975572200327
25.032185200907737
25.042333930755095
24.972271042424644
24.91679634988374
24.871309836583
24.792821497417542
24.770292994139822
24.67058002598063
24.563255088954904
24.496215012262
24.39461051617647
24.305686121329764
24.18272963557898
24.035771985722736
23.916409333475123
23.782652187559812
23.67626281973965
23.49376942163223
23.344181916312102
23.173227987492847
23.00343299122208
22.813818561369388
22.64346610059296
22.45516354447874
22.25690397345646
22.053090165621793
21.857176011389182
21.61092420017548
21.40769084603586
21.191688595819524
20.94726376521833
20.697444101754293
20.462226709761314
20.203344793729052
19.966510789486716
19.70088295952999
19.428765424154875
19.16704724274399
18.891679836375083
18.63823034249759
18.355508179268266
18.067082647214935
17.750645192499277
17.49323963491099
17.183787985442464
16.883927714218316
16.591655041641573
16.309090970661483
15.971974129048698
15.685297180446586
15.386567397424127
15.069387941924775
14.73312060031448
14.448397978106302
14.103738725798141
13.795342302657339
13.47797613799969
13.150019897214966
12.87166168981496
12.515226270908538
12.203663232940565
11.886588268103582
11.555667023163359
11.26986430558758
10.924223613233554
10.639339773650667
10.325445179255857
9.99955294883197
9.648538242031991
9.384411213398709
9.040548669808853
8.717427509241945
8.418124344061605
8.15136508724901
7.793746574424209
7.543905994254467
7.243621677948427
6.947274563028496
6.638234376962142
6.2991140574787305
6.049609479229815
5.790973200896892
5.506075636273129
5.204194468485498
4.854206000074005
4.665894012000542
4.3835286473360515
4.092684886549508
3.8659882938552377
3.5413407553453258
3.261492961511304
2.8989720913040764
2.677196835024295
2.3381593099339373
1.9953318139619247
2.173422421316695
1.100669099178837
1.1638532024730885
2.112382848495276
1.0400966346303393
1.0824029840995726
0.8099545076729512
0.9210186308041117
0.9124303566284562
0.9625190141208817
1.0499016573276991
1.0001547788271932
0.9607767426683496
0.9684229487645365
1.0110389351655487
1.0084886520013154
1.0070858324946785
0.9801494919468001
0.9810484354106875
0.9968543780577281
1.0144205513606026
0.9896562069090631
0.9896745802377044
0.9951695866398663
0.9887747686609225
1.0008612252270346
0.9990111080645071
1.0098151768986257
1.0060184238143688
1.0081621042600637
1.0007773946685448
0.9976912442325533
0.9952714793156925
1.0011826510891184
0.999725333324274
0.9937630454870525
1.0050323061474578
0.9946042253383073
0.9963782030078546
0.9967872596606929
0.9954823147728042
1.0042615694805828
0.9956487944369493
0.9982108649591535
0.9994504752554562
0.9963188171091383
1.000904447952804
0.9986204994705926
1.0033515182885657
1.0030995957884687
1.0028256098900454
0.9973431662930268
1.0022842166355357