24.20531540237902
23.116625371408396
23.045320586500694
22.970178633581504
23.01096335565993
22.933684356823317
22.897491603115764
22.860609623039792
22.78673205361651
22.76382102282824
22.686721703777735
22.63592841939704
22.53215002172966
22.4556325754371
22.329429126694066
22.22651691724841
22.118866932335315
22.014890211526104
21.90831965702676
21.751609035247128
21.616189875475975
21.50027293340976
21.347092611437965
21.172903705190283
21.033677673245123
20.862941662683912
20.662333269714097
20.51046983389762
20.33193307624096
20.15310976023872
19.947548251141942
19.72558553756829
19.552486098957033
19.317642678012213
19.093919229514054
18.88789283569851
18.680067484617272
18.42943081353548
18.219282149404254
17.971627928576765
17.733143989298597
17.49709955662075
17.236122374193197
16.987077215351526
16.712060298530023
16.459989414194226
16.19718986221444
15.94128196348502
15.686789751406732
15.405534479830804
15.120139565984955
14.84387005608547
14.576128063663385
14.3170791175904
14.003131969645887
13.734092213591381
13.46476404322484
13.171248223488915
12.86481503759012
12.608810413516572
12.284994782051312
12.007856366744493
11.71788038678847
11.415116338868858
11.147440688300964
10.840513831288714
10.580189714543108
10.289790140170933
10.001361737731624
9.694695586728862
9.387656419877604
9.109541728550372
8.849187254389262
8.562521593020405
8.2637756168931
7.940643124253268
7.712059720240424
7.402066850991332
7.104501198085299
6.834390155923796
6.602717654543471
6.279921532524338
6.061067828461655
5.753462119435126
5.475717619970792
5.24728119959706
4.982919326846474
4.674934430378098
4.405868792892861
4.192236970982681
3.9195709583874248
3.6009676782474123
3.4803851911952375
3.072341318098814
2.9201529205630776
2.7176836103227164
2.3641736382420975
1.9071918465326065
2.143621802490848
1.0599257699008475
1.1728861964223314
2.0900383094504864
1.1155434457771878
0.9927222557842573
0.8485452530125688
1.027085536334473
1.0122363234750587
0.9275041284776562
1.0198938578361831
0.9702337125992667
1.0416335618282377
1.0393526187167972
1.0297963839944604
0.9809395177113457
1.0108837929508474
0.977322524311347
0.9960192142842735
0.9965233771410056
0.9828957952362682
1.0079427602182016
0.9892641175180741
1.009883050057544
1.0120843092680805
1.0084435022332239
0.9916096081026735
1.006087268469144
0.9906377453171961
0.9965736991667881
0.9962624301337065
0.9924713116109086
1.0051203225477179
0.9935904115653965
1.0035066062995142
1.0058381075106326
1.0026707300252182
0.994792750521966
1.004699958823847
0.9953144600149473
0.9965966676825808
0.9965471698701351
0.9958749906090053
1.0041555204198431
0.996093447091401
1.0009938990487555
1.0024124996946748
1.0006020550346342
0.9962715979660539
1.0031939560405778
0.9973318420492486
0.996937655753579
0.9973157764687949