28.103976687333017
27.2952514761755
27.3080302198173
27.210402481274933
27.23323653233319
27.173858553065887
27.14477000472447
27.06188838969479
27.03723948242132
26.932446295503574
26.85953009277925
26.776669530475672
26.669961982044384
26.537155644601327
26.45351575273893
26.314434521212796
26.15348506196754
26.033516623073155
25.874386611322386
25.68937067280937
25.527328333171287
25.366452348269448
25.16031434022821
24.9809747218289
24.78218985357824
24.591691911305418
24.38891410723101
24.156866431367238
23.909447499822942
23.704645264684526
23.437386198523246
23.18901520368534
22.947452037683046
22.703230205240093
22.41974258286035
22.137701855707306
21.861084586983623
21.578913521764957
21.32319255955272
21.00437240811145
20.72459909981432
20.421967944158784
20.105761048474555
19.8000627510516
19.49080386185832
19.188557689229754
18.863184948257455
18.534386839124412
18.184788410814722
17.882408756708976
17.548637496929786
17.208469605035177
16.876271484621203
16.505530521499093
16.1975384421845
15.840643949486802
15.493959185685819
15.159039273142254
14.780830591494327
14.465719777797629
14.09814063826645
13.751386557108454
13.414627831865435
13.031804951085425
12.717252902147518
12.350938868714618
12.007186206195474
11.672381800648722
11.283863705553976
10.97998660082517
10.625922670117363
10.285577584628596
9.954335803139932
9.564751923097
9.275190123887127
8.942992810358861
8.609726274139927
8.27220509342455
7.901799974969668
7.612256528098276
7.312088937015472
6.992723706541864
6.636027396493627
6.323181372156398
5.999583770890013
5.734376045898
5.426261674678782
5.067494558799401
4.849939711694483
4.464236464717316
4.202047063446387
3.8984564231094128
3.590163198170886
3.462113855640215
3.019076228072936
2.6782114744740726
2.3526439213935855
2.108261094232148
2.192545144791007
1.146613570818979
1.1553386528627494
2.132043908278041
0.9663022507184799
1.1666480668194485
0.8236560632571064
0.8678945232951004
0.9199225149460901
1.07134621273479
0.9421691259090779
1.0277477535793387
1.0374991522038
1.0094204398318862
0.9691191671514988
1.0259619138313996
1.0078360895560492
0.9973335532199205
1.0135067402011457
1.0052787704662272
0.9989002637046657
0.9852468278858972
0.9879835660467592
0.9885289294043628
1.009900128074913
0.989176184425994
1.0020317920332122
1.0048163114219375
0.995845719429589
0.9963980516698149
1.0001759475796572
1.0071912682334674
1.0070538038941648
1.0041949602280629
0.9935951913052485
1.0051230414505847
1.0030132210256288
1.0025102831027464
1.0049510835615836
0.9963480323428167
1.0042905103253281
0.9996232966339134
0.9995391794004115
1.0034295332929073
0.9985236003829873
1.0027824579033917
0.9986624355888781
0.9986849304402776
1.002578254286812
0.9992175599784299
1.0022833662648714
0.9990773677606232
0.9989416027265997