13.943313036503433
15.160352680054022
15.059987719650257
15.034791379210134
15.052069516890679
15.03235030676874
14.958963887312793
14.973913784701057
14.941624598806651
14.880605439487852
14.858336096684292
14.83171621547473
14.779089030657492
14.735291125894369
14.6606181153673
14.6150384366492
14.541104938338037
14.489269111606463
14.399807394788702
14.318162721508982
14.25070173845217
14.190208474435378
14.107910419517323
13.992525012594589
13.935427763795895
13.837421838800063
13.723869796816594
13.61269196248853
13.520986913026954
13.425569153803139
13.28545604966008
13.190987449250065
13.052677979445258
12.924239815688345
12.802817095282263
12.681021897221372
12.555769772944656
12.446017690842817
12.276732447363171
12.157821431173664
12.023557783378847
11.873804700441315
11.73529104265027
11.591655659662601
11.418428230316184
11.27019940712333
11.110627616219038
10.977268447391719
10.813448605194829
10.6473380836181
10.491495422158057
10.313682342347631
10.133124330243753
9.983584575432738
9.809228493876157
9.618094492160282
9.442397941478488
9.274793930972884
9.11694297587757
8.94898744864907
8.74150918218304
8.580919147106082
8.417331629521435
8.228601793044037
8.050492719214802
7.878250587522509
7.664213797136546
7.487890453607127
7.302849292153013
7.1466054183457235
6.949153393188749
6.7592957997871155
6.585494167640553
6.403516487992585
6.170715085288526
6.040868265357855
5.812482782546465
5.618358540664258
5.4423275118124295
5.248173267089193
5.061098359335462
4.932284017247346
4.700394931714647
4.575632636234621
4.334901073530392
4.128834795701841
3.941732170886007
3.775108753335628
3.671370407355526
3.414188714666148
3.293373496252295
2.9959617275715082
2.8519607192312137
2.699814672199728
2.4653421149758286
2.1708056906922075
2.1864035100419805
1.868809217530838
1.822786522291111
0.915070485953823
1.2131481298027667
1.9709031414959037
1.4603264495025428
0.6780105178442385
1.2470622519687347
0.9087539941717491
0.9004831436221252
0.9731193619977742
0.9665813497401723
0.9375808318297543
1.0119406433689633
1.0103148214480506
1.0078503646417776
0.965905447775111
0.9863459755650477
0.991734994324016
0.9799775948558586
0.9876583082332383
1.0198037197529535
0.983007219613136
1.0037104428966739
1.015237191327222
1.0130016763380842
1.0135859000351626
1.0041183338107857
0.9889996087282534
1.0107306364961124
0.9917355250537639
0.9942009077897301
1.0010270917178938
1.0005492149716713
0.9937909497158395
0.9967913195748949
1.0055110899075983
0.9967235239317348
0.9961104629782108
1.002441321455571
1.0031031571522449
0.9992684186077117
0.9948444813312052
1.003667686145078
0.9958815547594179
1.0045984535298944
1.0020783051363187
0.9996716126996179
1.0012826683175569
1.0043179660843211
0.9980566884491148
1.0008100826680497
0.9973291691363902
1.00267740596761