16.312804255670933
16.37968241250003
16.425254375085995
16.397223509117847
16.373784827083213
16.343902689538474
16.322466458617022
16.292771694345124
16.266088715902875
16.1982202834727
16.152126741349498
16.10160637237347
16.056512347904395
16.04497313463165
15.935597156039837
15.91934965758996
15.82212967355157
15.733812202193947
15.661406139310799
15.600084133302712
15.507306053338928
15.406419258726297
15.312856573277045
15.221455134315537
15.119540866256806
15.009294048559894
14.887110067211376
14.78979454192865
14.661367443775253
14.56081784080435
14.417734815633809
14.280718982532347
14.155539212827083
14.04137810723991
13.88117475852802
13.747073525207712
13.58161603890935
13.452235435079285
13.306099231989919
13.143430233457414
12.973548651875504
12.835798670104758
12.653832565003022
12.507951316401002
12.342131776744752
12.171432339729245
12.0022925544296
11.812599385386633
11.626215737274224
11.465002911096294
11.286767420034364
11.083271238332081
10.89437026887967
10.7191999961352
10.552588791127528
10.32936489549016
10.168637365875227
9.945323960536827
9.748798707047817
9.55489707068257
9.358271995893622
9.185368941705491
8.979140227152875
8.787005584982241
8.562118323294298
8.36727890122397
8.166687431807272
7.956638257216979
7.779268560151991
7.584058082849514
7.3728821364398325
7.145812741300205
6.958621889985704
6.756741535589375
6.537954349692962
6.359088677075839
6.174863401095693
5.957104260347721
5.72875645359943
5.542902772226607
5.340485551930446
5.123583677199571
4.965861669453981
4.765263160535156
4.575647838070953
4.321047745157346
4.127887917110323
3.9258031429192255
3.722680166302137
3.6170192628872453
3.3567093133004917
3.2399084271788805
2.9202689642786583
2.6886872097223744
2.468777929624506
2.279095541751114
2.3085525262136004
1.8373808362991804
1.9042022880691096
0.9354878741202789
1.205691445870203
1.9966585468284175
1.3992466982209344
0.7063384129016353
1.2051655809656
1.0142948533493297
0.8935269048484272
0.909666020480463
0.9420532389566586
1.0329618201784527
1.011549400070966
0.9973383438231304
0.9687007658838735
1.0073623010989379
1.0143413541216544
0.9967060284050407
0.9763544696128684
1.0178195197500202
0.9820908597843377
1.0134600588138793
1.015024348887924
1.0123201955538232
1.0135700443927
0.9979797769131373
0.9950437743678915
1.0015489931116297
1.008960593761321
1.0005128708819766
0.9994492240259117
1.0058080144267139
1.0054608559719034
0.9924598155455491
1.0059192239934558
1.0027440856307106
0.9962228528611297
0.9961178564407387
1.0014053498236144
1.0053900516329994
0.9944565825925972
1.004784565518468
1.001051833645958
0.9972327050625297
0.9975891117804065
1.0015920392034017
1.0030766111802092
0.9963405977363528
1.002350481115571
1.0026839698559484
1.0000637175648595
1.000505311340418
1.0033011526538211