12.827578166377787
13.882822589473218
13.809367205564753
13.839843294870347
13.769576298180352
13.790955005620438
13.751387840947716
13.751762700377599
13.702538149335805
13.695184610680949
13.637643448965003
13.628466390757222
13.57540510723905
13.520986622444473
13.476439869613074
13.413474397890253
13.377549150517545
13.345922682592725
13.254136413017488
13.214383022570095
13.117393348054158
13.041519317676785
12.96150983163375
12.897046252583834
12.825459312789551
12.72955790664601
12.635734362046808
12.54960432785573
12.47909930913803
12.368439089373465
12.279844534234615
12.171136220433498
12.048117042149538
11.932154178121724
11.839911302588312
11.716971788030424
11.593891740626889
11.472238735333347
11.355173431490774
11.221099707341097
11.116488422439724
10.989557837694381
10.849333359652402
10.707729166727907
10.597597304675306
10.462059419274237
10.325400765903733
10.16729033407799
10.006042408987518
9.891365608186746
9.714007556129099
9.593976149089249
9.451325828016692
9.289040699000326
9.144664313283782
8.99063462259963
8.804407759969374
8.665724650318634
8.49018033283807
8.3623605416494
8.193419294628347
8.027884284100313
7.869328656434235
7.712586547915738
7.515370253688009
7.377725486405535
7.180589638883147
7.045137105541138
6.886535117552871
6.71647738386942
6.553895046525807
6.364343368337567
6.167357133360555
6.046569564305421
5.834609757359807
5.669791014949875
5.522662822538897
5.359669982395464
5.168600063743423
4.972705701374136
4.858331583817069
4.645067388085477
4.531592372871735
4.31432310616034
4.1195042557470485
3.94498646903559
3.795015282291849
3.6933287326994715
3.4656931241129545
3.3201078979133163
3.079460821002023
3.006358987812626
2.874820926711485
2.7103468311376946
2.5095355605205634
2.14581458209562
2.0433596858690852
1.9066027419467233
1.7358877074750212
0.8981272288799232
1.2198566600419314
1.945678125714965
1.5173908674013026
0.6712891515948012
1.2452013390312078
0.8432438049113998
0.999309021668362
1.0841948688397893
1.076238776947527
1.0400607128631614
0.9645664199165734
0.9882482727682836
1.0179203143330329
1.006043839949181
0.9687509948750375
0.9831799816446563
0.9867311400007047
0.9787520478099785
0.991971797648876
1.0184393931479012
0.9836188274013731
1.0090741274887243
1.0118699397464697
1.0026519719662557
1.0022017789438993
1.0103761069429313
1.0057437340086206
0.9902601094655079
1.0092115342109684
0.9978252243403183
0.991194537310929
0.9944124205525777
0.9936299832337592
0.9931582320326732
1.003461829058738
1.0009247844346694
1.0009391955322706
0.9946833900954783
1.0008627073533598
1.0039217015819653
1.001944295014449
0.9968743705002754
0.9975042491152096
1.0043505923771572
0.9972750487510412
0.9978086251945014
1.002747549290382
1.0036546595644245
1.002581825032969
0.9977743509934233
0.9978116535229127