17.36488342907337
17.850461486814744
17.889387800282545
17.89252578089291
17.840223698197352
17.78909046596516
17.80026276849307
17.701695885008462
17.691095742738664
17.629833731088763
17.56863888337213
17.530722919870026
17.492252579206856
17.427793521394438
17.340383323715013
17.295749579430126
17.198363964011694
17.099444492135262
17.027580998874274
16.94862821302414
16.860320600197184
16.731399001899753
16.622743555437665
16.52457125293159
16.43099379749431
16.292854709677776
16.173475698000626
16.03583874956885
15.896005132087634
15.764532052720376
15.626376984274232
15.505340596803222
15.333702671292338
15.209439895578596
15.038701784288985
14.878337664710584
14.719045630540728
14.567355609175014
14.376172881631195
14.230118590710694
14.022926665712525
13.84867505124126
13.665732304166125
13.4832358071261
13.322669580093663
13.110144013649949
12.942722218972195
12.737142325556642
12.529421199134644
12.341511670748261
12.154516126444522
11.92005067599207
11.741823410504413
11.512964512217623
11.294857920286558
11.086718274719333
10.880320154483346
10.695947117907203
10.451606916903483
10.268221925648946
10.033380442352259
9.807311902159986
9.594151665223844
9.396659850173195
9.150394525089412
8.954125023284872
8.697163985520408
8.485341905366896
8.262353877142695
8.03144559370828
7.839278779967858
7.614474993311181
7.407166868316308
7.148788662416377
6.925094458701919
6.706796404707131
6.516347066958493
6.3116317230459815
6.056588670027488
5.839238762265531
5.65726887468323
5.446440432391643
5.204029817511944
4.954394110847808
4.819037269700561
4.52421223090063
4.3372247911442265
4.157789771760381
3.935316407968474
3.66630460987136
3.520259739907689
3.2876682772642027
3.1602879803486057
2.8561164843138096
2.6036439769351993
2.4490068558127334
2.3891232662266746
1.8178994090668572
1.979702842598668
0.9597942738713331
1.1979406870048006
2.0209034941775457
1.3321940989259324
0.755449278379634
1.1279463728487695
1.1131403035943548
0.9853945922765872
0.9909074710848269
1.0562524289357302
1.0199080655177442
0.9741393741941834
0.9935922481837823
1.035630973593893
1.0317571499182585
1.0279669854877147
0.9968463652676585
0.9874375465062183
1.0071873829046054
1.014137376663266
0.9970317807232423
0.9974164340714664
1.0104365115117746
1.0063601931348298
0.9916832709909018
1.0001578820793189
1.0111088572930709
1.0091310558995124
1.009243120519888
1.001080284539168
0.9931065790403352
1.0053698124475732
1.0033604475549063
0.9965136857570654
0.9960532365211053
1.001954841960865
1.0045506166036393
0.9944300556273126
1.0029824788159478
1.0045921341625983
1.0031121582054705
1.004459522975446
1.0031973544660215
0.9957758778810029
1.0041714585365669
0.9993151983493335
0.9964016450586373
0.9966224086441225
0.9989874715100516
1.0037012170084647
0.9969364861626584
1.0029845960992032