13.767244890126074
12.762125744961963
12.71173544498728
12.695375973626875
12.682012050952139
12.689327557869767
12.635318446084463
12.61417185466558
12.605493875238006
12.574140431117316
12.523985849828732
12.509344638383999
12.504314199932221
12.42447131786089
12.402413728671398
12.363121074811627
12.309659095873155
12.258072645605562
12.198320584166026
12.123878084731317
12.083485880191521
12.009525340318882
11.95867994589494
11.855101889248253
11.78804867614528
11.719362383443519
11.636492520099692
11.555697505428714
11.492521244183463
11.390574912003029
11.316639331043016
11.213765082083263
11.108857359994802
11.010879298041688
10.908924230766527
10.808693001912808
10.731844235810367
10.61562104040975
10.503284084959743
10.384043321423091
10.291797722425065
10.177972787126183
10.059515584997795
9.935590018050497
9.797765275882258
9.686432099909798
9.56103281857286
9.440311662989721
9.28515368656973
9.164683758095448
9.040235998293126
8.900274651056444
8.756435240024617
8.643209585111567
8.498328106226982
8.364536350922245
8.20347418765093
8.073607630848965
7.939907136444433
7.7936110638553275
7.632221039794492
7.481155892077304
7.371499947651716
7.180648721277089
7.071488388081574
6.912355230957829
6.7435769714721525
6.590197510040123
6.450815741523159
6.317843653824552
6.134168501784711
5.994804307533365
5.821501769487299
5.707591426745611
5.54413358510201
5.377658021040309
5.230684778105465
5.092675277697186
4.901756252824899
4.73651183242385
4.603776907191038
4.458651714210765
4.254631157101475
4.086683024999571
3.9271025322598696
3.7783140796313046
3.683590750663201
3.5114479801829703
3.3127134872337236
3.173581957136983
3.088195114367919
2.8807017982997616
2.6888340591949156
2.558732981543999
2.4774182462628582
2.179559637180542
1.9034188097862554
1.9380802603499394
1.6451144420970085
0.886013882806986
1.2265780588765112
1.9187024136554762
1.5674224752850687
0.6857024834868342
1.203483178409331
0.8435684990544666
1.1059700108276223
1.0831826522117551
1.0253642886302623
1.028826475752344
1.0551278565584599
1.0106006079636787
0.9661651238128421
1.030608620937735
0.9922971289682816
0.9729417274894493
0.9918287971458017
0.9962936827909017
0.9853817211869521
0.9828629653977372
1.015560305686234
0.9890844054736698
1.0140426553663717
0.9906145051731727
0.9879973732067091
0.9914533481726784
0.9898498305975383
0.9914960216405615
1.00798409773658
0.9969075926326805
1.0044694844388293
0.9912628351421012
1.000483949185907
1.0055310103243384
1.0049696604667469
0.9995990998740651
0.9935922569223918
1.004339015821339
0.9961538245944553
1.0055017810896074
0.9984520363209219
0.9949321347017285
0.9947817730306555
0.9957448319627556
1.0013624249893083
1.0036383974896275
0.9956986388441412
1.0032692125709732
1.0010773606632153
0.996929841864746
0.9965010372796