19.65105066008717
19.417406143134205
19.493963624733663
19.403464353604647
19.34223039208251
19.371277264605627
19.312936832711504
19.303410058855768
19.231758080296142
19.1969580529382
19.160991609079097
19.12159180735294
19.027506972064998
18.93146525868855
18.87988175145231
18.77651842043876
18.695539870513123
18.62738396224384
18.501596287542508
18.409944879532205
18.309807172654033
18.196016154942562
18.057430545506076
17.959481123545622
17.80906143788482
17.708739553007266
17.565009896002646
17.43268275102911
17.266864276427555
17.09570398441135
16.968660982514717
16.80281782489157
16.61684366675984
16.455962240863933
16.289500028240695
16.12150618786678
15.91672251772577
15.7515482744824
15.576938155812002
15.38405145361756
15.177952853411982
14.960272414805411
14.788153637267888
14.55342214809149
14.35586741574384
14.144066395456726
13.929012360716209
13.724204958042566
13.518846597664316
13.290126713052825
13.044861480832768
12.825445273551889
12.593231061730377
12.386617936843457
12.155182901256977
11.922941969214865
11.67065370691214
11.435291780778794
11.19952280256627
10.975480557811071
10.752118455007915
10.492109249165846
10.24732780892403
10.01510828043388
9.772542437329584
9.516889956472784
9.310018891234007
9.035344681224274
8.829483579152088
8.587324300402642
8.349298326490079
8.099896376248381
7.81740745315529
7.626614731636003
7.345008510238649
7.092506295865338
6.855695912246835
6.619248233348232
6.4305003296449685
6.144210538445191
5.967075053529353
5.715003997426631
5.4728139963897675
5.264966148868864
5.02125173062211
4.744171927631286
4.551308498581604
4.368838940581094
4.140967639733512
3.927061239374239
3.638658599262534
3.3827740006994618
3.2011339686574587
3.061092832123994
2.805327409701715
2.6148681976718366
2.4186757401834282
1.819591943344154
2.0454732761126273
0.989384477239366
1.1890693387532738
2.0455316629636546
1.262412272170421
0.822413811647295
1.0281683120617136
1.1581884330807763
1.090461871748471
1.0865372497000005
1.030987782405863
0.9486536450110381
1.0365554325483994
1.020548608532562
0.9904940748954563
0.9986056667165258
1.0264140004852649
0.992174362473519
1.0109865034948216
0.9799089847272893
0.9878980244170745
0.987716135529957
0.9859422262548626
1.0114586492813147
0.9900033606662082
1.0112519971165679
1.0083960668472594
1.007538760185619
1.0099986784507016
0.99504479225666
1.0039302493122766
0.9923171392795475
0.9990574569688828
1.0011510639980081
0.9954304488538142
0.9959310971307752
1.004667702715238
0.9989474214253535
0.9945718456753767
0.9946406398071309
0.9951556836396085
1.0023909587969126
1.0001626174178948
1.0026861159837424
0.9962950437808016
0.9960917452847374
0.996694061534024
1.0020970480454938
0.9995615929368175
1.0015470458548055
0.9969519853812441
0.9966589175555703
0.9969957961401764