1.7456880326974993
1.5919716410544356
1.3286367362126072
1.2385966080298774
1.352390194895206
1.4734117563051494
1.4326422025637577
1.318554053304202
1.3007854802327585
1.383937117961841
1.435343857624845
1.3911111647029129
1.336756341964611
1.340622785080984
1.3710779599643128
1.3813883734864758
1.3828280134841937
1.3865840720785583
1.3616954545369089
1.323547552254208
1.3358739634040908
1.3965339855595995
1.414750727822483
1.360258302244952
1.3172771419353375
1.3322836965144957
1.3584728492660179
1.366393763601159
1.3809142890291386
1.384469846854157
1.340336109208928
1.2989456004875963
1.3192553970219465
1.3605244023926175
1.3685474545798815
1.3680551812557515
1.3665464818199975
1.328006082760375
1.2874803229206366
1.3004110194197953
1.3323021328848952
1.3432052630936828
1.360236636669525
1.3699728422511415
1.3315518300173708
1.290519022520355
1.2837627752744585
1.2775720754750481
1.2817195431606234
1.3220857339321779
1.3478229400840174
1.340266762566967
1.3379270464388615
1.3155168113224824
1.2674598847270586
1.2474713905529324
1.2420534772420013
1.2338862997985545
1.259743292640576
1.2937581396297198
1.3041665883904083
1.3236272695726006
1.3268031319363798
1.295638810149632
1.273967605610878
1.241213135558754
1.1967830999254163
1.181550011456981
1.167780110879461
1.1605871691939025
1.1850218802011891
1.202180407858632
1.2249566732687878
1.2612137197966347
1.271990364917193
1.2862436668668242
1.2922542234173278
1.2704833925594976
1.2569447733991699
1.2225529907690327
1.1790617109094974
1.1454486158485686
1.0929086274870026
1.0540352220951517
1.0177903284220757
0.9771554988247432
0.9586873714863395
0.9341756157520237
0.9230507471771625
0.9239529703059939
0.9200096508756231
0.9372215481715754
0.9490154114023246
0.9693238828297167
0.9986445990433385
1.0189905702223043
1.056028931177059
1.0813660598294037
1.113973072512556
1.146557692752562
1.169773268222921
1.2040460396921975
1.2203798519414444
1.246813760013029
1.2600316566704315
1.2716648687687586
1.2816508740757229
1.2770932478828845
1.2796295754061566
1.2616689909558432
1.251741312751045
1.224416328939073
1.1997495825924018
1.1666862802195432
1.1294390757383515
1.0941478078107456
1.050600206956048
1.017634748020258
0.9766214524995674
0.9520158034326321
0.9227015758907868
0.9126974282144552
0.9018775413787167
0.9100552794581318
0.9192626055630513
0.9433543221513165
0.9668198111368621
0.9973487577778165
1.0226612967055946
1.0455233965066575
1.0584908196469909
1.0619067262617414
1.0547140225131884
1.0375453287370664
1.0155078440073748
0.9906086284952292
0.9707923865341201
0.9577761747029476
0.9567110200489762
0.9661529954164247
0.9841582123399893
1.0060891761974533
1.0240161001477963
1.0355067952885526
1.0327059198894444
1.0225481290337728
1.0011828468174542
0.9854579318754205
0.9704923507613837
0.9742776381532805
0.9815387272459127