43.790662007512566
45.40931338370619
45.38570412283183
45.395645858124496
45.35152858867054
45.21126674208914
45.13896456298653
45.01267785808015
44.905325944865524
44.733442495820405
44.6072265682712
44.39550315278005
44.21692642679796
43.99085743648144
43.76902046693781
43.535826871943065
43.245210514993175
42.997242831257665
42.68311606981274
42.390891589576796
42.08080319017935
41.72941893177964
41.36187954694064
41.00669072702381
40.660004832267845
40.259158977971595
39.85502610342497
39.45871399777493
38.99893107043473
38.588109051806434
38.12891742786189
37.64829495318517
37.195714960622176
36.73134626199545
36.2246161338174
35.7051109183396
35.19649714894849
34.671521726714964
34.15393480038009
33.57743488691832
33.06810792101955
32.511920253742716
31.930305579355533
31.37801912127948
30.782502411576804
30.205503587498672
29.653545087232445
29.030113299096232
28.441813018046844
27.84373229164566
27.28030683689816
26.640860368686365
26.034861652403777
25.44477798548963
24.84703049795917
24.25213846251134
23.645970525032368
23.022159496548817
22.406213333559023
21.782388136670342
21.18285699051065
20.608768918423937
19.968470130046402
19.36061377943197
18.772088732487667
18.20994751877229
17.603633254443395
17.011701214534188
16.454215744363605
15.826900606118022
15.283722313040577
14.709525816706604
14.125041443042575
13.608546242762937
13.069483782882283
12.52413255012701
11.934701485761565
11.45589514238409
10.940291255758748
10.407444366607658
9.867531066089821
9.371346033389317
8.88430932735087
8.388737005842945
7.977842607771315
7.516906088038686
7.070795842755249
6.576620156814178
6.1737706557142396
5.699929207517929
5.322775410827709
4.894442161372509
4.527072797264039
4.09563452210491
3.783507271358197
3.1993166716749752
3.03127220447283
2.7093651901501237
2.100610097067716
1.490300632985409
1.10013054397471
2.2275656828382364
0.6243991833564386
1.2030695108570109
1.150822990367326
0.9525051066531576
1.033545358674061
0.9378141750842406
0.953850520183601
1.0329921201471752
0.9651944582643417
0.9971881762554501
0.9822010046088426
0.9966662469506381
0.9861190337863865
0.9978098400111939
0.9837806959228872
1.0116613580443785
0.9880418140315059
0.9885147091913475
1.0052237236300545
0.9939748025092424
1.0071836762913289
1.0040527604510223
0.9912788252708042
1.006429653763721
1.0073789673240678
1.0057620382808847
0.9930432880836783
1.0032085832928779
1.0046722769016734
0.997657354524246
1.001783665256571
0.9950823099210676
0.9953401660661857
1.0026417805930816
0.996541593017937
1.0005450521676398
0.9981356305980816
0.998538404800488
0.9984875454378577
1.0009565948348633
0.9976422301220286
1.001417243747248
0.9970096430887998
0.9968617787876282
1.0000368402447277
0.9998230087279429
1.0024495481174223
1.001857991852927
0.9976553059777917