51.33733871961784
49.547726360554826
49.373170818568845
49.3848900358274
49.30815193494943
49.27869445055804
49.08791595607945
49.00023303347043
48.881815632241526
48.66928434943575
48.538975030202394
48.312887477614304
48.090931765342354
47.866078913453244
47.62962054140145
47.33942391915326
47.06376255620309
46.712418534004996
46.39338433377914
46.06807974741676
45.71719420107111
45.32509081239979
44.94106637274732
44.55118460557139
44.15465863732687
43.711367820473875
43.276884177712994
42.80082402690192
42.319596151651986
41.82070495747469
41.3487024887596
40.81842218782694
40.309600795135154
39.78122264868042
39.20580181068623
38.66321957254323
38.10514599692615
37.52237977866106
36.91873805859695
36.34309877175628
35.73539514700285
35.12461413196799
34.49055905249108
33.85268962378226
33.22263008838944
32.61870392249261
31.945573482420507
31.295797274027393
30.66014534375623
29.992967240928998
29.35655936663563
28.68540076083231
27.99850959771509
27.365246132077218
26.703546269964654
26.015528765057663
25.340112457459274
24.660490876725632
23.990635250984262
23.3530779487114
22.671206661835754
22.02466151204559
21.34322512802569
20.717078633715595
20.033211449810885
19.381052166476692
18.769050186188842
18.10455130065329
17.493919207946604
16.84894791896329
16.22724111407375
15.597622327082405
14.994327090432169
14.379572902053797
13.8320365951815
13.243516715694218
12.668367068920933
12.055706545951107
11.53841650484187
10.977950942513024
10.435210304941396
9.840035844351384
9.328352421242467
8.803761243500794
8.307668089652424
7.818674736228113
7.3641670937580495
6.843289033230106
6.39807157365108
5.886438323363019
5.434685792546318
5.049274839691152
4.6162903720896376
4.278368833145704
3.826926902321824
3.282433370218649
3.014312972273557
2.715207362498532
2.0736454169492844
1.5576809531747584
1.0905080956875162
2.2380177272681867
0.5976381702887947
1.1202122138137984
1.0670678059509184
0.8872039506926692
1.0877213047826362
1.0437593428243621
1.0537293937825154
0.9706363628782477
1.0360966930033682
1.0316037019277617
1.0033009756289946
1.0001498889595837
0.9799709008329927
0.9871954002841499
1.0168564675154799
0.9893548542204148
0.9868979391504661
1.0005570503518844
1.0009343761531415
1.0109671905958215
1.0093998202109657
0.9933065289656854
1.0084811274936798
1.0060285469535315
1.0071010515313124
0.9931794855229762
1.0005064110124067
0.9997937214682164
0.9944230600700922
1.0035446301829607
1.0051579965001096
1.0035693126901082
0.9954625837795232
0.9996786303590507
1.000378178986081
0.9957254501858237
1.003792631367132
1.0027578167558493
1.0034727286861536
0.9974506416353602
1.0032275015874805
1.0030568831280209
1.0003253086968114
0.999954714697127
0.9972113047908345
0.9982906031288908
1.002488863615682
0.99805438423796
0.9975524966121232