61.63573630750718
63.79515711998138
63.74882045498959
63.64080018483009
63.55081476567606
63.53621626372756
63.34751929486111
63.17261949505813
62.96707046846181
62.715268965077726
62.46263772795721
62.24359966804339
61.91595331078696
61.6111560939738
61.259656856921616
60.910197114728085
60.508850969614805
60.08538524546102
59.635007658490466
59.17846462767743
58.67774467761901
58.1838540025969
57.63574401690422
57.1063099476145
56.51309733010316
55.91647579074448
55.32329471851857
54.69336349791359
54.06653509938699
53.38529878006716
52.708674493540464
51.99696603281096
51.29523857111257
50.58099260611583
49.84103793285688
49.084496217272864
48.29048126701503
47.52930244288488
46.73695937256209
45.910381192085254
45.12042979824891
44.29387439574405
43.45347405080514
42.62071881085721
41.78560814669207
40.903613558849216
40.082479749331064
39.21705557078401
38.33613045682517
37.458335421436054
36.563908117324495
35.706886041168616
34.821359386715784
33.95639203431997
33.05921496488832
32.180219553180635
31.28170421136572
30.409630917465503
29.57014336306935
28.68323430470946
27.822588255163307
26.958248785150786
26.104679254697707
25.25196194682648
24.393891758908833
23.56748451944052
22.731524988342567
21.914330109125096
21.071558765883456
20.256209441643968
19.492970636490735
18.662851000464507
17.90075475135068
17.11769043987565
16.419251959401617
15.665392424081828
14.948845914916228
14.171899628102361
13.499121531774058
12.788905833397335
12.132939506022138
11.432090568656124
10.78334308022999
10.21761741584735
9.531664691690041
8.925906501876847
8.405454907677216
7.749052755042487
7.17696367939202
6.7064053969678294
6.089175497015665
5.591491045899565
5.051138770857493
4.697101013625949
4.238953404132758
3.770526952279119
3.079429892038992
2.642576317121066
2.039090945298702
1.766829076501394
1.0608138156768292
2.2573841757003104
0.5917272321936962
0.8518233319352632
0.8457989232265257
1.107377117820382
0.9808099263651958
1.0162764073091377
1.0206374785548038
1.034129491733213
1.0320791811125043
0.9929293491474703
1.0251577321231922
1.0217796714152316
0.9989315498691806
1.0134336922459846
1.0081561433874495
1.0112875915948418
0.995243892215773
0.9898907400137251
1.004290612528764
0.9938676944627721
1.001609674011039
0.9928648010574782
1.0067768230234697
0.9984570111159285
1.0042478084173454
0.9975274391222118
1.0050294971087936
1.0021388306724592
0.9953993077902973
0.9974651141662422
0.9964478550303373
1.0002506435015703
0.9957719528325293
0.9957279801463326
1.000940277662077
0.9964896765659962
0.9971618135574303
0.9988162113408116
0.9988973286903633
1.0005991774202654
0.9968616422163582
1.0029510705333875
1.0022328831179348
1.001995389220118
0.9982046679465727
0.9973127973824617
0.9980716843940916
1.0019335791474373
1.0017373693763627