54.827771389868495
53.85116850314777
53.86697950401554
53.79265653435468
53.67169492428389
53.607206008261926
53.503234511929605
53.29234529749521
53.16448560611784
52.97699846404267
52.82435595362038
52.550388328853884
52.33303709265411
52.08687522085054
51.755447034843435
51.47043727720517
51.16795349658508
50.8244045583008
50.47259906961731
50.087897571249265
49.661256582548056
49.29766182424851
48.85284676009432
48.38636286762711
47.93934871405157
47.43477027951831
46.95775301925951
46.45081333759872
45.928943903200825
45.381639892314446
44.82563700202357
44.25496632097403
43.656657375256366
43.08273521434891
42.46681395407293
41.87682308354301
41.24005991204681
40.57717868523492
39.951652449042456
39.308778110072566
38.61685754284199
37.94254671496209
37.23353455344164
36.5533306433869
35.88260921407129
35.16790007297028
34.45182560701547
33.75932102145085
33.011757180973476
32.2834288480411
31.56331125702435
30.867306742482143
30.13180790377473
29.401350294342954
28.669780919496453
27.93476104251948
27.1897158377284
26.48002773925538
25.71699668474008
25.0068360240807
24.271428383021348
23.5454219313795
22.81970820824711
22.10543675486485
21.385394045923356
20.711153586956453
20.01969455043987
19.317258086389806
18.58765050750177
17.918900016689012
17.238538372381782
16.56007798451831
15.922987229103672
15.283618118452214
14.60991545394661
13.992095081671827
13.334203094657997
12.723424230217978
12.167630504542757
11.520335340710618
10.926338276938813
10.39558037379846
9.789640126961261
9.273576528350073
8.703663600749616
8.173339199406271
7.630692119670036
7.121452026394153
6.637326299283272
6.180416185432608
5.750561677716504
5.237137387957772
4.761817473159492
4.268767559217589
3.817491201495672
3.4802606004004315
2.9841775931003918
2.695766234797688
2.0522149030161607
1.6260927441876867
1.0807512237458803
2.24652191277526
0.58312574991062
1.0260320632914746
0.962877909669542
0.9221383129174904
1.0022678766048125
1.0355121081959384
0.965066346596685
1.029572496975015
0.980992733850897
0.9990901597308489
1.0192661750252299
1.0068298444718593
1.0014604657317185
1.0184345798341021
0.9853258881810267
0.9869725559373271
0.9870131710991965
1.0122417179044645
0.9975959093770412
0.9989187087542746
1.0094573781436222
0.9949190553325536
0.9920964019525564
0.9997071789003877
1.0009803503723977
1.0067060026192352
1.0056080103295806
0.9941098112845
1.0041614167716049
1.0048102507208554
0.9977218153972083
1.003017308603756
0.9986890839865414
1.002296244464794
1.0001260622599186
1.0037708070399116
1.0038060141927638
0.9992234081785647
1.0024192209105043
1.0004691316900889
1.003258656640947
0.9970784834647995
1.0009158916382994
0.9994949122748317
0.9979940223515527
0.9996535637303281
1.0003270950948242
0.9974710422949532
1.002566873063715