67.71829649312056
69.35311472554366
69.37042811285437
69.2875425733767
69.24577365086054
69.04578763864056
68.94169609917269
68.79840376050741
68.51522382281054
68.30475929475588
68.03414422599872
67.73241263331865
67.37724386743213
66.99889459377614
66.65593939177474
66.21125901269264
65.75676366246624
65.30888588668228
64.83757633197035
64.3123262473539
63.760640698772434
63.22318862412272
62.62039051484594
62.02167991054617
61.36261326317911
60.70194403232035
60.047680590851506
59.333268958644766
58.63387188358428
57.878015913465916
57.158999911525456
56.39922713961093
55.59058305279036
54.78354111677257
53.96261432522038
53.1421368536353
52.2643530685974
51.41996128552748
50.52917227230392
49.674123129253935
48.789460767257964
47.8615201952834
46.94193370170042
46.0129270817634
45.09380279256938
44.132439081907584
43.19269178023806
42.22563326458074
41.31380650479838
40.35645721566229
39.38828877460561
38.39409125520939
37.427030079255104
36.4700653334427
35.51256592084735
34.56774865261798
33.577586240593035
32.631362399171365
31.659441224267155
30.727227836702983
29.748235014239288
28.825504590814955
27.865840674542536
26.97763740214487
26.03935783228824
25.143594656110473
24.191642025871772
23.30682538073052
22.409103166850745
21.58393143885093
20.70496441361371
19.867954825499705
18.974052256822926
18.15595677858054
17.329262496110488
16.584669433928298
15.781216430127587
15.024611956161902
14.204368407479404
13.48634676564433
12.732308872009973
12.081824198604709
11.351539070652379
10.701744587573032
9.989460057376471
9.389631245280567
8.726111185628367
8.119346717096082
7.472490729888117
6.912921059944924
6.42290546745016
5.8806201540541645
5.368090466690231
4.697823202609156
4.301292232679959
3.7515138084438457
3.2404337380042474
2.641811751926831
2.052580623337787
1.8376710367823892
1.051195445315199
2.2603354939119815
0.6161414722257585
0.7943317487552857
0.8807872922551362
1.0869417686877065
1.0772507240774978
1.0485778476890224
0.9618771784207791
0.9633512943951309
0.9718097606143578
1.0250324710917138
1.0213938719726054
1.0201839328271698
0.9814135981217523
0.9881587320150985
0.984577577784912
1.0141361001588953
1.0052634102985631
1.0116542233157881
0.990095558719576
0.9993148477951141
0.9926433364830958
1.006358837251093
0.9973199605601812
1.0035574159530336
0.9975034807830534
1.005112852942837
0.9998477441283319
0.9987512742079925
0.994521117988226
0.9971802881159775
1.0035816106373192
1.0039159787367347
1.0043283850322913
0.9960232853897756
0.9985459408659352
0.9964547001269838
1.0028764826783072
0.9989934383167629
1.0012457900560299
0.9993007497871329
1.0026795962415762
1.0011274568773738
0.998367882027981
0.9974241222758317
0.9976619111996473
1.0026275872738653
1.0006303185111005
1.001785272372839
0.9985835985713247