2.265660745171653
1.931559233472944
1.8932418167907625
1.9134031196413965
1.9488811578522502
1.9574959677170791
1.9374461249573423
1.929768773956141
1.96005442294767
1.991508838209641
1.9746927313705904
1.9335255076337663
1.9334278783380545
1.9617833214609002
1.9473998047655765
1.909661124918386
1.92415787534786
1.947937325657346
1.9148369550620528
1.9044805258047344
1.9398131522428608
1.9186984847670794
1.8993970807627227
1.937269591547156
1.9147977974992374
1.9013324156215894
1.9358332019594786
1.8954910106649874
1.902606585513469
1.9085123954535046
1.863665971130546
1.897324248148515
1.8587451686824261
1.8769674571951864
1.87903045657368
1.8614371853148706
1.8851613167237118
1.8349175680404899
1.8672175971634928
1.8175162007433852
1.865426322947685
1.8178090517934247
1.854879455439706
1.7938056656160788
1.8365138620529247
1.789427849348419
1.8321204067691559
1.7748558455390375
1.7996476982948995
1.7809791129020915
1.7749228595205573
1.7826284183701608
1.7331670338977077
1.7863522833437238
1.7272984230994253
1.734201462145342
1.753970577075755
1.6918560527806985
1.7306482389530828
1.7125510430017876
1.6661195567279021
1.71247143210754
1.681716133593329
1.6326077593284023
1.6854778827933636
1.6635027806789606
1.595138928752494
1.6381531718313302
1.6521510635017462
1.5855105506583647
1.557687242714272
1.6098632917255182
1.6116169069764845
1.5293174969741719
1.5022913761615377
1.5463661135316515
1.5811869024238818
1.5171155332534878
1.4418923959405652
1.4238008362277303
1.4834226901917658
1.5202717688741096
1.4917165722618615
1.3992071621399773
1.3172501972305433
1.2967101347040935
1.3358458618159017
1.406945818388389
1.4435092324452579
1.4324455812685617
1.3570000155333013
1.2417075264449196
1.122467722043208
1.0133785210066744
0.945334267888246
0.92049181523215
0.9330916005694777
0.9865028333298119
1.0619595446642547
1.1475145334546202
1.2410035571230869
1.3243345460586164
1.3854190866388714
1.4245439887728175
1.4318153943136616
1.3965422150249365
1.323674545830073
1.2231850080584794
1.1039845071398653
0.9842016291829434
0.8919460532937693
0.8522468020886225
0.8746848019311504
0.9465724177023255
1.0333790839421952
1.0909191939904044
1.0878215161125573
1.028155858842294
0.9568555044221835
0.9319187227828504
0.9736921450839838
1.0378732209906212
1.0540359220225028
1.0049044914477534
0.9548714875467217
0.9717276104532199
1.028100497060181
1.0351353249180806
0.9846278383328272
0.9690608517129542
1.0156776147997975
1.029558717871777
0.9840039266959525
0.9809556971537632
1.024265892671026
1.0084645396503817
0.9763566713912454
1.010963054740322
1.0159037687371666
0.9801290043265025
1.007942954714552
1.0132675749667788
0.9819955140182299
1.0126187584717585
1.0022108259697862
0.9867183827511741
1.01551418597925
0.9865390754959262
1.0037357800660514
1.003244127205395
0.9910908118863622