2.3067540556383
4.5789461202425965
3.7539879718823665
4.208336785708823
3.9699624318923825
4.025599519517001
4.112408340936786
3.902043860406866
4.184784681478575
3.8701166148516117
4.135640189714236
3.971824640734762
3.954415805004119
4.159291310637593
3.759582000922202
4.250902593911268
3.755367206706446
4.089893494112718
3.9718976980944896
3.825310492836377
4.102867639367874
3.8080703518650894
3.9315920025012625
3.973618083887775
3.808937771236604
3.8831694572998745
3.949413370790402
3.7501995773246795
3.83638302589264
3.951907577708864
3.6490326463596308
3.810723104997435
3.93332917137044
3.5704646701358578
3.7464799811317495
3.9075602798575217
3.546491539683559
3.6167375124932803
3.852026715160479
3.6017166024828944
3.473887532907405
3.6893934106003607
3.6905341762267114
3.4630802756567713
3.4320994231079283
3.606359057959979
3.610337464227589
3.3700582514030066
3.289527380566083
3.5102466561618355
3.583422837853504
3.299121237670704
3.1151685307154797
3.3251917378771436
3.531539247769909
3.3499171690118854
3.030706530132309
3.009901635277632
3.257586734786638
3.3936477376879397
3.228083698614073
2.941997096252924
2.815883840315145
2.935190171117715
3.1509409913483846
3.2411360919643357
3.0974234306481825
2.8043402319069006
2.5677398987492768
2.55273505688225
2.7590368187401837
3.027822379780079
3.1625494416191082
3.060796421814608
2.7647361309216607
2.415352855777638
2.162493121369303
2.093934025951846
2.2139993819765103
2.464116593518609
2.7598842575780442
3.022882136148184
3.1981249875203206
3.2583738113708924
3.2005562098502907
3.039031584832281
2.7984710430609034
2.507583612171036
2.1941942843642144
1.8818935557492666
1.588287260335792
1.3246578976708658
1.0966621624073987
0.9056079072837209
0.7498933529116906
0.6263117369243775
0.5310667373074207
0.4604622637534274
0.4113043660718969
0.381084216203443
0.3680116370111732
0.37095275087473284
0.3893042863561944
0.4228179315854331
0.4713745178422045
0.5347016417842669
0.6120310249749721
0.7017050380780937
0.8007667393374944
0.9046042314311123
1.0067638615326413
1.0990865552372358
1.1723368661567544
1.2174558118938337
1.227444618725798
1.1996587096144324
1.1379793377364162
1.0540196973006613
0.9663780500037684
0.8971892710423849
0.8660224269605358
0.8824944789477344
0.9404104819214507
1.016967008580253
1.0795697479127622
1.0996003925602766
1.0678228611618983
1.0025850877423772
0.943007557955626
0.9269026085890839
0.9646885725242268
1.0281500993265773
1.0674352895519927
1.0495247855598417
0.9891833709252786
0.9411452292146949
0.9517991922704052
1.0111545952669618
1.0574378134188205
1.0403851932998647
0.9802288017797584
0.9488654351780339
0.9834161569310234
1.0360681534560574
1.0352160185557546
0.9857927082470214
0.9639505711132287
1.0013772634689155
1.0334305338512704
1.0054841393007734
0.9691614273619071