7.858974053357038
4.321806015083222
5.342764637151878
5.565720320146628
4.774612400370951
5.254824948839655
5.35202660029967
5.010040050318612
5.204403810120369
5.067241984214398
5.2927517016838825
5.135940787372174
4.895723978415621
5.331886723372632
5.046761133529387
5.159634535422099
4.943781771190551
5.057000837350614
5.1861728087621595
4.987371746253288
5.080241493018261
4.806743266428955
5.117420143093611
4.8852161799735665
5.146780786147434
4.784916768024881
4.996228253416012
4.691974216862368
4.980364324680804
4.746198700838665
4.976220664893333
4.757980445889115
4.82034730661703
4.729700393853792
4.610968254362477
4.752578652099146
4.476716994350571
4.762490284503806
4.490408989900104
4.624219439354135
4.633155538801019
4.401580585708532
4.672242020342286
4.386676248361958
4.404809887076467
4.551549572431948
4.203673300286208
4.371127372326602
4.404677059608825
4.070838245848481
4.276722831846818
4.304802261604847
3.956382386608809
4.111447329265294
4.2473834260081835
3.8902055304182497
3.852409603189459
4.125539152393448
3.9348158339122175
3.600477977407737
3.755316341275376
3.9552966968050254
3.679401179709
3.3761857365282286
3.5433547889643133
3.820001600661873
3.6690323911436225
3.2679545389526656
3.1645845682540985
3.4314484264156193
3.626548812433535
3.435458136032544
3.031018497824123
2.816022619324947
2.9675717708410323
3.2890587364674944
3.456248113453386
3.3061429467567702
2.90881348210173
2.487182001030357
2.2719108803983
2.365062762597047
2.7069103739685403
3.121771893164994
3.4262787309486504
3.5536037208610076
3.511524630855792
3.281417506765491
2.9000068672044526
2.484688709005753
2.07859386385366
1.6733515544737163
1.324393228041755
1.0541479510616747
0.8224891766470515
0.6419111858321603
0.522448779424278
0.4272221917454291
0.3642979453769572
0.33920910367174023
0.32490321360757635
0.3388481079724001
0.3781819459656274
0.42579150937634425
0.5079337146645356
0.6031548756991353
0.7100952760042364
0.8453035854147074
0.964237183633505
1.0867320546755976
1.1853212276410363
1.2286734712496992
1.2427977369462702
1.1793772885665321
1.0895329113114685
0.9788283709580547
0.888496517905596
0.8649982665815664
0.8979764816318645
0.9972718672421099
1.0745541012391449
1.116250360353924
1.0580929589824284
0.9791928990561597
0.9114774573283099
0.9447396184686503
1.0160683698668147
1.0803614725495718
1.0382153086014958
0.968945054807028
0.9341407653025758
1.0011760729755987
1.055041244486623
1.0285426390501187
0.9595351708886538
0.9611485772860023
1.0369545621130303
1.0333543680368729
0.9754347050345745
0.9665145182818766
1.0291966032929458
1.0282414642259101
0.9611910386218889
0.9933239532906255
1.0380442050070482
0.9857279723623454
0.9767888052848834
1.0281489591018949
1.0007294424547302
0.9750041502121178
1.0224130949974974