2.691399858960437
2.767250880557914
3.1650539297034346
3.00476479725305
2.717208953720897
2.8875626921501296
3.1870764212351372
2.889432155709114
2.631511111532831
2.987983648873722
3.2219221069717605
2.766818789489297
2.6154507844799304
3.063280465385915
3.1308398350747257
2.7490668345517086
2.7298903509188817
2.933095370076512
2.9544709903548894
2.963971476502419
2.829088276396139
2.6445050302605657
2.868946589696077
3.1047870275313323
2.844917414701051
2.674360676336889
2.751208440885083
2.809203139727663
2.971571248995954
2.9549030762466924
2.63487922916883
2.618179871018143
2.78700472622417
2.851195325802771
2.956257874594319
2.7808319487160458
2.5359813739653405
2.6107220192357263
2.6962811882723994
2.839649834786329
2.9298889125071987
2.689277236812046
2.5599823551322096
2.4823332051971763
2.5093333938344156
2.7604031453816913
2.8062687585603903
2.8022158254251175
2.6627720076309664
2.414637686795433
2.385803836731897
2.3703030176738644
2.5421014725145574
2.7170773124343985
2.7435280306872145
2.7550431582803165
2.5251975218034626
2.3807461870925337
2.207802942595067
2.1663035494961487
2.271476866771785
2.377402601273447
2.6036207798032103
2.6606611293950757
2.7361541365920927
2.6148972731929234
2.475673220274359
2.26395151888398
2.0619046356689044
1.940442982868345
1.8464579420622262
1.9106237912667452
1.9715190918703158
2.1786519699662694
2.322109384489966
2.5564661344078203
2.675166859988014
2.8348346421208257
2.8571771177354304
2.8981994574804393
2.8092299364015507
2.7420555282977794
2.5677556510878854
2.4312487932014606
2.2126734916466084
2.049149152016165
1.8234168790987704
1.6646589678727937
1.4569374756662528
1.3206375402284825
1.1441025978409831
1.0362421950470413
0.8955482041791969
0.8146829546503578
0.70979310242943
0.6510128787713205
0.5799377519525085
0.5378062388681769
0.49794482614390917
0.4685029800974286
0.45683457105086467
0.4388972527422193
0.45151288216364016
0.4472400573496981
0.4788517096239683
0.49319297251524047
0.5373284953860873
0.5757560290930757
0.6261083297347602
0.6905054452384961
0.743055232957369
0.8270089342557226
0.8811849613043783
0.9677811239458683
1.0241800910645091
1.0899711269843613
1.1440436357595904
1.1698535717187537
1.2062808174177504
1.1890235486644924
1.1862673338573309
1.1415769351668557
1.091299340066689
1.0427005758687424
0.9704314577232545
0.9355770383986003
0.8936075658407548
0.8827113938132848
0.9048527238874482
0.9257279627232474
0.9857198973393517
1.031834570398851
1.0655785267704774
1.0970809866998643
1.0755393887733218
1.0498021413598198
1.0080958262078168
0.952716210442314
0.9379475105706826
0.9356826839703966
0.9567591169613835
1.011611266123634
1.0419253354973663
1.0567241500018636
1.0542682298048283
1.0074188366269445
0.9693682709461583
0.9556019263656573
0.9538603630502082
0.9902031701823839
1.0354871499800906