2.5606394152818717
5.18789493466134
3.7917419446241882
4.951417085274106
3.919975569631788
4.799758959551292
4.060739593023138
4.618346956829496
4.217626858387472
4.456186477097452
4.305924024521422
4.411174450989479
4.251095385162212
4.490815833963269
4.139991226427868
4.512689782785648
4.191563045299725
4.313055791860093
4.409244921260839
4.086841092319523
4.467419486567618
4.122460039373471
4.2907878999830364
4.237978221857487
4.17939478363504
4.253657192472311
4.083760373104879
4.301116539288644
4.059989699277653
4.08687449250671
4.298581556486802
3.9200443963492746
4.0929427711186035
4.21526396073247
3.869001951139192
4.048617991273151
4.096335207322635
3.8488167913574993
4.004651238081681
3.9808049012353806
3.76837817112443
3.9588963943531157
3.9658972162749064
3.653270449163674
3.770517971855707
3.991489725464622
3.715454436809663
3.524439240258675
3.7778498318746876
3.832457177825956
3.5329194808322693
3.4818907943027066
3.7048903910582744
3.6577039874024964
3.369554045084719
3.352649056014113
3.6043188656736334
3.626862368193212
3.3098855864490466
3.0965693221036417
3.2620404710415696
3.519357862155973
3.470084566994786
3.146010488888778
2.9217174854003085
3.021306877676975
3.2773821952853903
3.361780018740552
3.1468709300697753
2.807411865684715
2.622854278855522
2.723304490658009
3.004438464229313
3.2371851052452354
3.243367645445892
3.0007376526996143
2.6302680848044764
2.3066192086816804
2.1632871697099922
2.241950658415743
2.4954992216499123
2.8254808273817935
3.126954467941136
3.3213206637958144
3.370178523418927
3.2729789547937114
3.0555513114460724
2.7564160145391354
2.4154043007755006
2.0664237229530085
1.7342673544305864
1.4343989324554463
1.1744433483355297
0.9563335378799667
0.7784278297403857
0.6372467049715185
0.5287158912656117
0.4489399677481036
0.3945910424292865
0.36301365278160325
0.3521446985698364
0.3603418852437381
0.38620816136436303
0.42848365778287933
0.486034388306394
0.557887422626011
0.6431587447559618
0.7406479157101759
0.8479269393972158
0.9600144226727506
1.0681810791742543
1.1598608385062315
1.2206412429341051
1.2385235184631629
1.2091817510353369
1.139651984619216
1.047983028621428
0.9584186860034452
0.8944161042625921
0.8726835927730242
0.8992177368107727
0.9657129577836696
1.0465129643718933
1.102444295888157
1.0992035698663936
1.034959185544251
0.9526155136276195
0.9137742437131247
0.9470616710984637
1.0198411600129809
1.0673012063329155
1.0518740758925476
0.9933684843258086
0.9472789949109931
0.9575220616358624
1.015416042742918
1.0562645128516532
1.024944696945692
0.9596870209606836
0.95630488700291
1.0209021631134767
1.0483444904271877
0.9965652335989748
0.9583668926181432
0.9943544135676469
1.0347693179491668
1.0120536869901013
0.9704635409007889
0.9860514241009548
1.0309055832571303
1.011192534151755