3.293035180088665
2.9698805706407607
2.6739554920411974
2.641593782662401
2.6603833939190986
2.7199073179493984
2.7293674062685
2.789630289741966
2.7015929510068424
2.541880810144777
2.581823774994266
2.8477661432433155
2.9084777200328684
2.5707230523027103
2.3791107539380123
2.654497396996407
2.96681178130312
2.7959443645693325
2.4810211194566625
2.4831266845880067
2.662662308713718
2.725112429234148
2.7437986979375433
2.75059592452121
2.553633031051936
2.3790716635370743
2.54392302796092
2.8133182159549
2.773849173624519
2.6088149573423505
2.5368765231795427
2.4344787701710557
2.405813044207164
2.625606317926257
2.8027765461166774
2.6811597112626813
2.5465329157043395
2.4602311176143195
2.3205172136614087
2.352863685181698
2.58895446635501
2.682240552843868
2.653065894551518
2.63871539562141
2.4452237894185362
2.2430802796267604
2.2615440182741398
2.315218015780998
2.396467096356944
2.607661547035879
2.666082064177798
2.5806665385058154
2.5250641383181667
2.323595730683126
2.1390800197718907
2.1198766983752053
2.0959984560688283
2.1794885972056757
2.3828788270825316
2.4716994946952573
2.582556145691759
2.6370510841744053
2.511418609829432
2.426999296096577
2.244469394699944
2.0368941694260614
1.9415673567116105
1.812505835899919
1.797918586025283
1.8735525960622192
1.9336810403182276
2.12231806764104
2.2737086256709538
2.4226949488113165
2.6113836629171967
2.670764245892108
2.783078625750148
2.7852825296711483
2.7534590072750427
2.7202400261983453
2.5725968387402998
2.4898753974646888
2.303462203098846
2.1590931866837284
1.9912247131049312
1.803624755817506
1.6678953180939151
1.4764758254963388
1.3607400778522882
1.2000289371588992
1.0917350929905356
0.9762409324130781
0.8734374244319604
0.7995064379142163
0.708152666979028
0.6639921585781426
0.5912331700607566
0.565551255388108
0.5156274448896218
0.5013212260462432
0.4751522033998206
0.4692037257082862
0.4657925332687482
0.46775867499091
0.48554500418521734
0.496159598950194
0.533515387738463
0.5537592126634784
0.6086707540145956
0.6390448681464882
0.7083445898455699
0.7480356945546036
0.826550394011857
0.8724539820465937
0.9524101321298781
0.9983556646996405
1.069462276206144
1.106307332151666
1.15705743564986
1.1744082302647387
1.1950530533400003
1.1849755498768577
1.1719955325816216
1.1339799821084302
1.0945403602462862
1.0393087878028713
0.9925949461114454
0.9410450040314906
0.9129429149768288
0.8874334540827231
0.8977100877812141
0.9076030924079942
0.9551280234090985
0.9857684377920417
1.0437869800235675
1.0616837026601855
1.0935207908788867
1.0718547328642778
1.0616036071496495
1.0090121882792278
0.9802165021912799
0.940669396792086
0.9351880163885499
0.9457642164988632
0.9739501400506745
1.018974345671916
1.0400831713141176
1.0647685957935933
1.0386997637774074
1.0211376708004543
0.9740560765374551