5.666526801472674
3.5596540702502715
2.860392373636413
4.030060331122514
3.2042266766126106
3.2554898693674637
3.8068645016759346
3.1561837474273
3.439464150374085
3.5769717453522345
3.288958676252624
3.404732876733311
3.458341211437921
3.466316608532149
3.2032735433197823
3.527477586603717
3.4751487160576637
3.130666654649417
3.526157305621046
3.4068126403202825
3.289217715347954
3.2460981556346353
3.5074496634522183
3.3480722167758343
3.1252578429383613
3.4089955795671583
3.3898751218380454
3.278277584827778
3.079864689251212
3.4242229281371146
3.33230430639945
3.2025997570173086
3.050997885296942
3.351434208371489
3.3176363025150772
3.1691524516372236
2.9833489550245114
3.2204851842852587
3.294169445578255
3.214711711389517
2.928373211104636
3.0280771184311934
3.161600859912738
3.2924917719179527
3.013317194709566
2.8979686126755007
2.8690631405888474
3.145907233076155
3.1611041357488383
3.0512877511492733
2.7883200087847206
2.7338526180913343
2.8963087842098187
3.05157990324958
3.121337737469287
2.8715969524077587
2.6937331794951844
2.5534065678520186
2.684761906630931
2.891607800050928
2.9906602696797906
2.9880695507766637
2.7231039972116946
2.51239203334893
2.3639343805930704
2.3761093034477043
2.5893833358925753
2.755262503567514
2.919420128872921
2.918641039077984
2.7261674102685154
2.5176201326142658
2.2379675478597125
2.037856962808934
1.9992054480616035
2.0284998670194496
2.208022660774095
2.460161632880613
2.6671009647896455
2.8923897795328797
3.0475970872895477
3.0628990250869164
3.0405924308402925
2.9474231963789523
2.738783561859297
2.5196971445354355
2.300662899761673
2.0297231601239254
1.7704516342209096
1.5593205914442743
1.3456289519490892
1.1394809667222254
0.9842625734117527
0.8555616412126742
0.7277033818093258
0.6264556365757997
0.5606697451898066
0.5036014615392645
0.4503129300344075
0.4203095407572952
0.41275119211700606
0.40905947760568484
0.4091972009207237
0.4293086165886392
0.46944149353604775
0.513282066072455
0.559148650805063
0.6230615983600005
0.7068313057785848
0.7911374505906393
0.8679231310456368
0.9509381464831304
1.0431652352662133
1.1219352930342057
1.1701443024023621
1.196694297989005
1.2112833154402838
1.2021172395616984
1.155687734752582
1.0822316797622218
1.0066801608867433
0.9453486664359786
0.9025777848826185
0.8820256585652003
0.8906823571573739
0.9320642026678282
0.9974249470072436
1.063155953099804
1.1003709055116577
1.0927710568604199
1.0470387704965574
0.9870524908527497
0.9405432173321395
0.9279945123184543
0.9541528319762741
1.0037263903119569
1.0477640757564115
1.0601246964097726
1.033678078380147
0.9862965007939892
0.951711236231894
0.9565806589961963
0.9976091051652032
1.0404693236294307
1.0472886276272697
1.0110691534138234
0.9647260011741511
0.9526214226385574
0.9872427036460203
1.0334763567499476
1.0428182610858832