2.630445178135262
3.8599551338762135
3.867266581828598
3.4770446306412146
3.9885800330771373
3.5669963490151164
3.77053814162531
3.746219767496286
3.675671030699196
3.66364375703741
3.870218111886897
3.4625983960724973
3.910038195879568
3.5997087579043487
3.6018970488822433
3.845616348258457
3.541467936391208
3.650248005072012
3.777642475130757
3.5392833514221937
3.590493091606328
3.792898938554156
3.4802195323296714
3.5758349174076747
3.7475249795084946
3.49192051235027
3.492579103305984
3.6800596568550192
3.586953745311085
3.3351318797392224
3.65739733008662
3.563041396857579
3.410982165436144
3.3685326787261056
3.6504005765226766
3.460656370123
3.2540193460397884
3.4499011517099745
3.5227074679383654
3.4095292664538777
3.156550081541241
3.368303272084966
3.5150642452494267
3.295854167436177
3.148788537368845
3.1689477154394217
3.420059131942307
3.377142142680439
3.063938618916801
3.029235292272281
3.1655346576458565
3.32677295163579
3.269596769767135
2.9475845861976793
2.857741553075764
3.0352556454226214
3.1875720051076373
3.2199167373218747
3.006967356171305
2.714425412149746
2.7019805933827716
2.894617067221722
3.0617171806662395
3.127276336134304
2.9792775711787955
2.6603379627094914
2.456652802642358
2.485853415589177
2.6412128323963406
2.853607653878607
3.0336069808080803
3.0173810843127042
2.7855656390220904
2.4918415100456692
2.2451905093528177
2.074206022928694
2.0385641923325744
2.184845837727281
2.4468269800646776
2.710905511729135
2.9298529521388827
3.1009250439891476
3.1907660359417744
3.1534930516082804
2.9959845349627554
2.7736511390898717
2.5292392789193063
2.2670955578666687
1.983951775712715
1.6981329845448214
1.4394286460688928
1.2228160535915986
1.041808708073201
0.8836478040751058
0.7441195690510168
0.6278994575724771
0.5397307089118244
0.478260461215867
0.43714851561842777
0.409893787054448
0.39336671554070735
0.3882078784748559
0.3970911397846712
0.4224667396940935
0.46486458514437784
0.5223514387196875
0.5913351530773939
0.6682477617440693
0.7509586013166294
0.8387572284616229
0.9306768842741838
1.0232042127066197
1.1090335808715361
1.1779550590268197
1.2196389919075399
1.2269906387370413
1.1986211481084406
1.1397211604669317
1.0614889319260692
0.9795631495173461
0.9115894405178614
0.873695760895863
0.8759300201681013
0.9177309324863577
0.9856121616562534
1.0554221878773857
1.1001084623395778
1.1010816828784307
1.0583102768798718
0.9930842589727245
0.939598933052502
0.9272342280998765
0.9622657959901562
1.0211587836456533
1.0631994936305833
1.0578875623369457
1.009163465995527
0.9557565598771577
0.9419881963636869
0.9791185421338706
1.03195860272304
1.0490894543465739
1.0137828805330058
0.9644538433649333
0.956209563417641
0.9984289405378749
1.04039038545869
1.0307186745682642
0.9839502744564963
0.9647905731197997
1.000593420951181