5.37672973840813
6.2560712545329995
6.450434322520477
6.284334029997174
5.925891033631592
5.761970618838416
6.024292141723721
6.385135587712404
6.329585435048865
6.023464663329314
6.019215522359107
6.169301111421162
5.980664205881352
5.771993141323118
5.975484998849979
6.048616157239899
5.808791866942583
5.9341802116108555
6.08206124630163
5.8224716924302555
5.924926980652
6.029453017341997
5.750205742505562
5.930048913133927
5.870815475509395
5.677303520830945
5.900297540695419
5.608010502037168
5.717034730826925
5.658595200890048
5.505362063907766
5.685438109845064
5.397200982454178
5.673065031184247
5.3851202361535595
5.635394209959867
5.368160012525412
5.533720290953665
5.2576234472717385
5.393443763507513
5.131254895521412
5.355221882354762
5.080063532568532
5.348317545699587
4.9575107423955345
5.193305123081621
4.873402915708925
5.048695173723179
4.979938678366886
4.777567254395441
4.972544855077326
4.601742500481135
4.857906578754571
4.727736266113228
4.440496072075957
4.766219007422309
4.477860834903437
4.346522814902557
4.609872607648179
4.285312342734272
4.172744035523021
4.449984186190729
4.191199255335965
3.911671576381333
4.200122166216607
4.222174167166584
3.7411388932603686
3.7348385418153014
4.105507424951723
3.929775196975053
3.48106558354852
3.4205171548295064
3.7679542913092035
3.8919781557397717
3.4491987467706835
3.0483598285643403
3.0498646134525367
3.452695363154131
3.688660999589453
3.5121597577836936
2.9909686846418797
2.5316779567722483
2.3974003841935785
2.6504770479632023
3.101971919688926
3.5413407888544124
3.7468848216205344
3.7246243091904714
3.4133118788921624
2.996502593327308
2.477630604833312
1.9833371306890568
1.5493067656800767
1.168003907871339
0.8908704844212123
0.6684101536233874
0.5090256514549535
0.40986699705526614
0.337973450250417
0.30502459306613033
0.3058554349530091
0.3226444964886771
0.3690608814318776
0.44711894675701774
0.5387570583386957
0.6562385437166237
0.8017725077380768
0.9423636924636236
1.0740120809159333
1.1919408625027512
1.2501884678072992
1.2335472242747085
1.163663633209801
1.0510723547838172
0.9268832182279837
0.8550566071220523
0.8778961343794578
0.9771744145102428
1.0802900912790532
1.1115876177760808
1.0514633237674014
0.9547825276007977
0.9152029771253108
0.9744111486614467
1.0602185992267004
1.0625465885106455
0.9793981754227197
0.933889080171438
0.9982058700953785
1.0653833374089194
1.018251196050616
0.9459727957404135
0.9853480915347871
1.0468048527954545
0.9962481290780115
0.9530133392040652
1.020424581460645
1.032764723199308
0.9658373186998148
1.002180652124651
1.0391102124671159
0.9747614256351158
1.0011105422978133
1.0336554319235725
0.9732000499253372
1.014290576554859
1.0179354220757135
0.9756848968877267
1.0309344976172985
0.9887527899029683
1.0022052329575935