2.934774471842259
2.9338902341128055
2.9312393996191397
2.926827600149676
2.9206642077043155
2.912762313040144
2.903138695669226
2.891813785342409
2.8788116150630043
2.8641597656841897
2.847889302154205
2.8300347014839216
2.810633772521899
2.7897275676332325
2.76736028638966
2.7435791713902
2.7184343963437025
2.691978946557345
2.664268491988179
2.635361253028632
2.605317859211171
2.574201201032257
2.5420762751116484
2.5090100229193153
2.475071163319762
2.440330019201521
2.404858338478615
2.368729109770774
2.3320163349230336
2.294794987784565
2.257140586887297
2.2191291459821754
2.180836930350236
2.1423402482260236
2.1037152396807386
2.0650376634634586
2.0263826823262256
1.9878246473867576
1.9494368821110704
1.911291466526772
1.8734590223066123
1.8360084993903325
1.7990069648411158
1.7625193946604398
1.7266084693119041
1.6913343737300097
1.6567545583583505
1.622923734836163
1.5898934073378652
1.5577118968930126
1.5264240870151864
1.4960714025240556
1.4666916722958097
1.4383183051813662
1.4109814594089432
1.3847069410736865
1.3595163704543334
1.3354271642402098
1.312452380743834
1.2906008904931723
1.2698770325711237
1.2502808025455152
1.231807811150712
1.2144493099619644
1.1981922368042417
1.183019281340562
1.168908928284768
1.1558357336391514
1.1437702022672833
1.1326791011017745
1.122525588516969
1.113269404847274
1.1048670832840157
1.0972721806694867
1.0904355275593658
1.0843054967723431
1.0788282894892818
1.0739482378048755
1.069608122473506
1.065749504429209
1.0623130684987503
1.0592389775681998
1.056467235308746
1.0539380554184075
1.0515922351946039
1.049371531119987
1.0472190340224097
1.0450795412613065
1.0428999232989629
1.0406294819380784
1.0382202974485457
1.035627561768266
1.032809882073824
1.0297296300689756
1.0263531364588876
1.0226509945867144
1.0185982773559623
1.014174691419513
1.0093647931378467
1.0041580733107116
0.998549054200983
0.9925373379076033
0.9861276146088096
0.9793296294656988
0.9721581072955178
0.964632634468631
0.9567774978509307
0.9486214810019209
0.9401976182449621
0.9315429076468802
0.9226979843755779
0.9137067563424016
0.9046160044762925
0.8954749504144844
0.8863347915435895
0.87724822707057
0.868268928359832
0.8594510219490687
0.8508485631343954
0.8425149817644649
0.8345024894565038
0.8268616139161705
0.8196406233324487
0.8128849892147695
0.8066369080094176
0.8009348214964119
0.7958129755551565
0.7913010020461234
0.7874236171075502
0.7842002262549186
0.7816447205389891
0.7797652634326327
0.7785641520101023
0.7780377425926734
0.778176443344335
0.7789647755795599
0.7803815047692801
0.7823998414084037
0.7849877110471364
0.7881080811089782
0.7917194067675376
0.7957760305743498
0.8002287472237165
0.8050253666786918
0.8101113340931012
0.8154303889223362
0.820925255585857
0.8265383573631282
0.8322125446100145
0.8378918278874603
0.8435221062107264