6.536904640857503
7.456796182610482
7.601727586417238
7.7312053869852
7.824411298131299
7.840626374316974
7.763657294562172
7.631720087955604
7.534326305922547
7.555200824539131
7.688532264581593
7.817396925909939
7.823586677750478
7.742133518977433
7.737364694637345
7.85204288079098
7.883961314063586
7.689611401681621
7.474101582153496
7.459970554021661
7.497264707265128
7.4685703939431205
7.562647425040958
7.637635859258494
7.383377128797178
7.192571398450007
7.328948159405362
7.380653323274848
7.330348636033124
7.166143924061909
7.0082055104945065
7.248469990291663
7.151285338164825
6.866880961865383
6.986779457679039
7.016321561985526
6.819590556077276
6.705701231184553
6.940630777896838
6.560828291906692
6.651631095016962
6.670552977827795
6.398399448923976
6.53156476086906
6.401404719333666
6.241093541856345
6.4094770184107555
6.0310992962302175
6.2933915544727785
5.9172017673961195
6.119947080210109
5.796544265854738
5.991588760036997
5.610986233998297
5.8922454634972565
5.439817598236719
5.7342645679692845
5.302107524478429
5.579591823299612
5.169988696550731
5.300859173641043
5.2602697107421905
4.873683035849651
5.225442490531094
4.788143301086236
4.809144845211614
4.973299935833769
4.419097859904909
4.599380032606688
4.776097982392859
4.201902251544558
4.210742780011351
4.554257082760616
4.136013118520035
3.715081094626339
4.057761278611686
4.310200099800328
3.820923408827975
3.2960562850867516
3.454029207553141
3.9337156318990587
3.9656367054049
3.4018557718593487
2.7606533640359254
2.5745861475836445
2.9293501705740232
3.5201815953347753
3.9663046752155195
4.049216130063885
3.7596650943269356
3.2192735213289727
2.5804892234311576
1.9631865984315835
1.4353840629055712
1.0212085532709083
0.7176360864162503
0.5091208765492399
0.3767148639732518
0.3025653654090378
0.27204114202346497
0.275258066767141
0.3083083517965464
0.3728964249825085
0.4727286250272711
0.6072158285573127
0.766752460757744
0.9341094366139467
1.0895427310342058
1.2105237852262933
1.266231918746669
1.2268966019942527
1.0988477958684069
0.9470697404587511
0.858508253300017
0.878730191724953
0.9880433690215131
1.1031303666525154
1.1091884426297227
0.9919087885855082
0.9051295730809555
0.9616216933146344
1.0637711349031531
1.0603911954251075
0.957905943648231
0.9421330654165692
1.049641818316188
1.0397145419664948
0.9473222198402167
0.9911366033822552
1.0507924451114636
0.9781167678466338
0.9709471026526048
1.0508777844631074
0.9722928350237511
0.9910703784781143
1.0338480364364782
0.9668128996839362
1.0164129278294511
1.0064978057951046
0.976812460282664
1.0325597509182327
0.9674276536009578
1.0284375483143735
0.9785962351474652
1.0157930271156737
0.9880956991458784
1.0118069445750761
0.9870320910401861
1.0152003574446924
0.9845396135970034
1.0154756966652831