8.819969052981232
10.040523238879976
10.310098991458295
10.074617946962647
10.052914706931068
9.958897007011519
10.408568860581932
9.880813458995183
9.92453276959814
10.082153832193836
10.169218469295313
9.9871529201562
9.80471486413716
9.791635419612524
9.965476923899654
9.939519074114884
10.035515033265334
9.74048518130323
9.751137090325646
9.554356737607783
9.48406188765418
9.553297639395034
9.411486679723362
9.447119626231233
9.480203413320714
9.335812661960455
9.302820947161662
9.315633050084148
9.181022338578272
9.030950607738305
8.984464406894578
8.946011608909657
8.848726669538237
8.768377525627976
8.781097709467652
8.84992518639017
8.859230618847828
8.722259963445977
8.47299639243759
8.268878821525545
8.250630009971665
8.34255803595262
8.281553387280953
8.00642307895213
7.8566491719794005
7.99314629804169
7.962283072407818
7.6145771170954415
7.57561449488177
7.7133418544882035
7.361966603534994
7.243162214985326
7.401451600409842
6.976665281168773
7.032847395256112
7.008615093697476
6.6504858773215645
6.9334169230696645
6.451033195237168
6.676923594534636
6.262230324709758
6.3702979186368065
6.068809143565629
6.191406519730846
5.826845199337974
6.0082398932673176
5.480294020753014
5.8842050725559085
5.26076059511571
5.510769880827598
5.291995232336428
4.93549893578381
5.329278211765399
4.740389178858249
4.653352490750347
5.024359302354827
4.420423387304397
4.128897324766475
4.658026839997237
4.452218242317362
3.6604490993719927
3.6987375228417028
4.2657356796696115
4.273947782994195
3.4713877690985777
2.826501781322055
2.901489201604373
3.5815225066271936
4.20216840213755
4.363792869389399
4.010852109329003
3.2875450984754866
2.499215783604381
1.7765723476531792
1.196282158764219
0.7955577444142424
0.5275583934853224
0.35757504847132865
0.2697969477961354
0.24033565553873348
0.25073888208182926
0.2980533456726867
0.38847065040876183
0.5220773953528314
0.6878479856532783
0.8740382625518041
1.0643554063608356
1.2185463221915427
1.2796112742172956
1.2157464019054525
1.0566421323484605
0.895172504221753
0.8437272061445196
0.9435890237094234
1.0930954751309763
1.1204890053860692
0.9943856047707321
0.9026349927431121
0.9881760075935375
1.0871058439043642
1.005778359648484
0.9240149628198898
1.0233835478600986
1.0507681664983506
0.9433965119039684
1.0027925684486256
1.046183935215146
0.9510674292700277
1.0277960421734145
1.0144609880389472
0.968761595338451
1.044077767683451
0.9592861899516942
1.0274520262075817
0.9776835783566852
1.0145083247024156
0.9953706488913995
1.0076482362099681
0.9903418260141447
1.0089787734126785
0.9862095840548254
1.0241986227343072
0.9718780731042885
1.0249233490982645
0.9832312298560899
1.005891257290445
1.0087456291668742
0.9802276474950014
1.0184394873076472
0.9983944348756155
0.9842726705438072