5.726700279700311
6.878305737422223
6.986452500235391
7.041276248454115
7.088696952066204
7.140753985586654
7.195647372195161
7.240097602479191
7.252815542879983
7.214701010732862
7.126090255404693
7.02234494409064
6.969414969992503
7.023389315267024
7.166732780551993
7.280483974690298
7.222478023994731
6.99046485840963
6.793750740762966
6.854642285162088
7.086041583071987
7.125676701804058
6.858562546125902
6.675624662216882
6.844906470081511
6.970385299869852
6.737509521493177
6.599733849240499
6.771348059065563
6.7147008208418475
6.509837155336272
6.617937963796297
6.573482011065203
6.393795071224663
6.5284458256482045
6.37453710378028
6.287038161139845
6.4279186403007555
6.119275433105968
6.285536405345684
6.15201935855707
6.01085221382011
6.1962952481539215
5.805073300260468
6.123933826242217
5.700014499661406
5.975975846643548
5.622287951724382
5.825758358057044
5.516434755992306
5.706847704395706
5.369792394068938
5.613636592825378
5.207468892846772
5.499557068589012
5.099198491893437
5.280582569366405
5.118226232566746
4.942741260756678
5.162470067878749
4.733571631381316
4.900590249173663
4.879405495363085
4.4678550243922315
4.778324295936343
4.626035416629164
4.210734193439483
4.554556824565451
4.493293580277279
3.955934635168722
4.143371327923704
4.42732944663916
3.9522587342668114
3.5858233586294443
3.9350110322324587
4.176569381721064
3.733365182803841
3.214327094911462
3.2938003074241644
3.7488392411032936
3.9050682771516865
3.5023765377419247
2.8798406371203193
2.5335275857355675
2.677614756434668
3.164154402845841
3.6755663707407136
3.9481244518077987
3.8792833547286882
3.513209961670056
2.96884630115044
2.3709611192300124
1.8113623991919865
1.339605533120463
0.9709220076383093
0.6994944541750578
0.5101352712146363
0.3860101698749486
0.31266819597207673
0.2795417958644493
0.2800287318611205
0.3108784224320944
0.3712046725867074
0.461155602824133
0.5801267212679926
0.7244412967084402
0.884708111171196
1.0436512932844044
1.175998376382428
1.252575465645779
1.2501809006360298
1.16598217134399
1.0299132314505306
0.9034252653455095
0.8542957987143974
0.9117623061922423
1.031321593883024
1.1120977512856174
1.0793256511208027
0.9695526092790161
0.9106313924342978
0.975249580237443
1.0706078597638193
1.0527539338808678
0.9529507091115114
0.9459073100012422
1.042247584537304
1.0498290248846163
0.9552739379107986
0.9686766946669066
1.0547792367687057
1.003414320034444
0.9506412782447531
1.033400661478236
1.0182656382257418
0.9559920273336261
1.0296825989134812
1.006351989956753
0.9688226111702718
1.0351567370420758
0.9794336177329573
1.0014550898874415
1.0151763094660418
0.9761388359797937
1.0267947386136047
0.9753099855043478
1.0211771164740697
0.9834406539753396
1.0130009965786304
0.990224151028344
1.0082605536171423