10.50542362261305
11.070392476574716
11.015131267350661
10.976625304437961
10.923964787484369
11.1639077174775
10.654436723595307
11.24659185594039
10.790589605308766
10.779159900157143
11.12390667672813
10.718993564435591
10.753203030227692
10.837242645636458
10.815507946960228
10.742199516968283
10.516126773567008
10.552993714772494
10.776647402796971
10.691555466928339
10.388668831654096
10.252769799703639
10.30446309201618
10.344160773893709
10.307676810712167
10.26076554373769
10.241864407806638
10.223900629438601
10.170839997148986
10.07765416817029
9.964562581156061
9.85503564949636
9.762480602017337
9.68861246007924
9.626529527133185
9.56313806253724
9.48059507629382
9.36030724091937
9.193818548937836
8.999931182999648
8.834594915094597
8.767342048480872
8.811881943037173
8.8631327689424
8.758394424234812
8.489084470506004
8.298609829538902
8.35342724444832
8.367800276723834
8.051959236234959
7.820626452539907
8.001796867893804
7.908962688535021
7.473998166369346
7.58065455674194
7.553279722513305
7.143417404757697
7.335033992857088
7.018931174633441
6.912950952502973
6.980152401636017
6.501940022158356
6.834508855922635
6.222776310364209
6.579280601259802
5.985643448274447
6.326015811134222
5.7221065736729955
6.07348921418673
5.511181420470927
5.682210278744098
5.509059980965696
5.085538819945409
5.536400327019857
4.81317830851703
4.884738250307032
5.150475109723022
4.388252355000307
4.380258191363079
4.847781277713688
4.30947525797381
3.647746642965957
4.025077986895135
4.520919995558919
4.04426806355908
3.126913139346278
2.8353421833340544
3.359958805894493
4.107082375901397
4.4693876748168915
4.2411375080677605
3.5661879791545923
2.7153738905303153
1.9130899760792486
1.2743802520322094
0.8215481708017887
0.5276115837092803
0.35221545655176195
0.2604145284897096
0.228468124129847
0.24330253646716282
0.29989903344073615
0.39810137494460496
0.5386684292051954
0.7178800246475894
0.9206894688509931
1.1146475062305168
1.25041351450501
1.2771132128081444
1.175947871624752
0.9970123409323345
0.8588187127271439
0.8716355081027088
1.0170603166863632
1.1241135369067925
1.05361668395549
0.9159220790199165
0.9406432587234478
1.0762444397043252
1.0487641314389395
0.9260082362156856
0.993745480781351
1.0667954447994157
0.9578255527702602
0.9890554633684091
1.0481030828494327
0.9511383080245029
1.0281023666187274
1.0037656000065427
0.9719155628547291
1.0428226313960018
0.956017227674923
1.040587327507917
0.9659515938543428
1.030619266972122
0.9714468734246876
1.0295007219817134
0.9699907612523749
1.0299760942179925
0.9746938900243135
1.0161460664872362
0.999261892770571
0.9847774547490551
1.0257202355849706
0.978786960359793
1.002851845818589
1.0167299798420328
0.9833073515682961
0.9951920689434806
1.0210779372491914
0.9951506956513969