23.099682229009794
26.13162839868165
25.4846915281582
25.0332648515347
25.920973410176586
25.439084621301923
25.59573806029161
25.066895251509884
25.302108784062664
24.908370907447036
25.259920285975532
24.89771420007943
24.91162859940806
24.98557984510713
24.561988481916423
24.46167216887695
24.56208924064084
24.404710344959412
24.150218944697464
24.018626114673047
23.92159083094478
23.774972642983347
23.698599481932753
23.65529604607852
23.397019176666948
23.14884282556939
23.076506349948527
22.77217809634809
22.597910613417
22.322551899321198
21.959850508227948
21.657079655228888
21.41363889316236
21.34642138931004
21.254394397813915
20.733140662885408
20.446910791100443
20.419612591800067
20.032232688896272
19.633122007324328
19.688180769936565
19.081584108808368
18.962476088718628
18.579650244053425
18.409844379045513
18.02218889446706
17.91335628062212
17.322084476719684
17.347846361786864
16.80187613185514
16.45692274755351
16.43702103433662
15.946726306918794
15.43250075910909
15.272516319997576
15.129009200377634
14.766242162308961
14.299035251554558
13.860454597563274
13.459691516207087
13.115581258540724
12.843394854219488
12.518958916644173
12.148761397642195
11.830437245925232
11.457445484898823
11.213653530739109
11.046127030832915
10.957758035668908
10.653253986361527
10.054946291414028
9.461414276266915
9.510039483414417
9.429987491545814
8.56564946971783
8.454170688257312
8.502677681904983
7.492395156067906
7.918020749949612
6.9773035580262945
7.264930662702579
6.3581797503697794
6.811855415672113
5.543649966386875
6.33847771055362
5.29999899333006
4.832572472556703
5.76421378986794
4.687026571468841
3.4843911605400524
4.259041724867699
5.428279231061218
5.283842471663839
4.002789778281607
2.513206955968241
1.3699590652283795
0.6769533710314053
0.33182658610257454
0.18620276815044065
0.1549568730121458
0.20283394440103628
0.31105995738314424
0.4975541731874367
0.7474008092186697
1.0352717822298456
1.2576573171657164
1.2834585035917068
1.0812381137461609
0.8519652728865439
0.8914820716994049
1.1180117585901619
1.0669201487662479
0.8890622415350415
1.0420803041075772
1.0475301024001247
0.9188646299669078
1.0789531886309434
0.9429879438685423
1.0507675511622991
0.9568606558968152
1.0436923110815655
0.9479013042531039
1.0484565927106326
0.9641781647608589
0.9996658996391622
1.033177972478161
0.9642366010499445
0.9876301011248059
1.0330370769623747
1.0082596037688114
0.9732877258341405
0.9778978588224162
1.0026189519944027
1.0196193900543316
1.0259562687077328
1.0257200747665605
1.0180503463742603
1.0131923383348116
1.0169889290579937
1.0159628721339964
1.0202415560931295
1.0206243886182977
1.0109855623980597
0.9973782323045087
0.9819696738673797
0.9890078506755151
1.0113239701184111
1.0116410497926032
0.9908541348312729
0.9920082221874426
1.0137074700564985