21.517730791104306
19.993977525725214
19.83671537555821
19.86324564465231
19.42886695670826
19.72268230817446
20.04405201025314
19.74365389914311
19.959260420734754
19.53744231862742
19.67942704576629
19.338463239302957
19.50093163274198
19.219756498299635
19.361898957663293
19.250953120830605
19.171109932704077
19.24721732024067
18.9512310080364
18.679603037419337
18.592514209737224
18.536202499185666
18.50476706478515
18.35409118702638
18.076024414607186
18.0647743600336
18.103861783271256
17.67665331572613
17.54071706997246
17.530324515690022
17.086837444791904
17.206827806055397
16.79813270644912
16.82272946793339
16.475612365034713
16.49482053128374
16.100482021320044
16.22437398915706
15.754231412991844
15.76507244465627
15.508437883338265
15.061663237711254
15.139756795507484
14.974524026055327
14.486486303997927
14.299841486496831
14.348839478027745
14.12308507036929
13.680914248048262
13.386047633546488
13.122238053071731
13.000144479506748
12.870252795016935
12.692562893549546
12.51406710040787
12.279216746037473
12.042776667099453
11.799051239832217
11.474985771347159
11.185876960816858
10.787720389960953
10.44300924029279
10.261584071657174
10.197790797610207
10.134560990892075
9.803702311472811
9.246815410794746
9.05392079471995
9.17260960061154
8.6774765653203
8.180262395398259
8.460067190795304
7.860002920437153
7.617783201683491
7.711494354730112
6.911815984446704
7.339805875318906
6.365359386019719
6.886115300524839
5.886270623577624
6.279709229756392
5.729736509968365
5.24248259431016
5.882700100070571
4.730175800417807
4.564754955319287
5.363707439962709
4.558315706887152
3.35740574232584
3.66434427807233
4.79842421539782
5.2160923937902055
4.496544113028671
3.2491750011357667
2.0257360033317164
1.157049368891054
0.6142964837122513
0.3346168198905175
0.20379378746793542
0.17477380343715423
0.21082773513169162
0.30279787927240703
0.46281591758618496
0.676335083999818
0.9372802789476433
1.179586214008318
1.2917269936089324
1.2146378973436236
0.9876005606691826
0.830922368754195
0.9358676911792023
1.127331839227408
1.0609691077998964
0.8955732368527632
1.0137455786285945
1.0753568848891524
0.9182567940733996
1.033624798197883
1.0137159354449239
0.9570691864357783
1.0549697255801642
0.944120871909569
1.0529079126474343
0.9492650827100432
1.0405919104600074
0.9675043295752881
1.0094412061552014
1.017561850561567
0.9671859120659259
1.0331663462505347
0.9990778970537799
0.9670827102548966
1.0190919581305706
1.025908922338317
0.9821124259106185
0.9749110689220306
1.0016675027610753
1.0204528101085841
1.0246393991358078
1.006621965758662
0.9937032734618455
0.9840591990747742
0.980322785873087
0.9799730765809794
0.9807984750023383
0.9801294269328304
0.9847265056988347
0.9845358239063491
0.9955790478296563
1.0052328646485107
1.01230159497319