19.02142054393785
24.32683119887835
22.78908435312546
24.01417269425514
23.11521561751477
23.38930170408552
23.606395266715776
23.077039291666647
23.287133365440326
23.238618969340695
23.07270649545868
23.144325783004234
23.039034812983562
22.725542764988965
22.52893802322565
22.536998002883088
22.604721076464116
22.60598815979357
22.517197432154102
22.368466177119892
22.191704386893083
22.005313042662284
21.821522837707494
21.655891264906465
21.519971023742144
21.38691058811824
21.1696866521612
20.815699428990083
20.490743861557405
20.45382238024246
20.503975491269237
20.15292471876344
19.7221624574063
19.712197213692495
19.560298337675068
19.137184689061797
19.007059245861292
18.858332975558508
18.387185091573777
18.46017931259542
17.854065142170388
17.99107806734352
17.336706033132373
17.440985352726642
16.941549830076166
16.70017508703288
16.625952020275427
16.072937734993634
15.951674200869315
15.788974178357574
15.276109342657207
14.960163412126642
14.90014811398495
14.733230857171428
14.344769920328112
13.879864010953412
13.472022897984049
13.146341978690653
12.868435047812552
12.600476544564792
12.320228313513342
12.01853950330505
11.696022380331366
11.370150304917846
11.089451288570675
10.919962005775732
10.849381437029475
10.669830779288203
10.145227897998222
9.527711111376268
9.422255061933516
9.50896592252913
8.872043542885512
8.380911053974414
8.64023498533088
7.900499180009274
7.711105110623133
7.686589579860095
6.891703079159159
7.264530456033555
6.285704832702621
6.648297533648826
5.981260803888598
5.621331265276135
6.096609678378301
4.710429117062005
5.080023069365784
5.539923622564608
4.125402749293586
3.440795047207363
4.469647394791288
5.405164698877978
5.037864893584454
3.7396713586624535
2.3363764780640714
1.2886471682435219
0.6570573284722554
0.3319982112546435
0.19339932183319522
0.1630451919225436
0.20424629383884424
0.3084960720666236
0.4811625229419975
0.7232443514744317
1.0043497521035183
1.2372338977810113
1.2961751647288642
1.1269045283332015
0.8850873602948464
0.8573393327165746
1.0634516785608001
1.1182934562939164
0.9239932201090674
0.9604733960627527
1.0987060516300557
0.9305655900413514
1.0227132525887577
1.0199019116872818
0.9626499790139245
1.0454458959974946
0.9590187003199367
1.0344053442324006
0.9805404912804265
1.0007408293613034
1.0241108676698374
0.9596125614742904
1.0328920007892182
1.0076149600428321
0.9618075391297605
1.0101324009971655
1.0345936870519314
0.9981342211861155
0.9708139547635161
0.9815604434384029
1.0061452195408387
1.0211431748843405
1.022983261170578
1.018090579652315
1.0126695211072927
1.009884837405573
1.0106917332371361
1.0146480689177602
1.019617345238016
1.021285959139109
1.014846230279274
1.0002232275601746
0.9864974266931974
0.986581580502138
1.0020996078618114
1.0140667716729397
1.0008787196069604