21.182634309475404
21.579608535507948
21.546988570782734
21.80887170653846
21.09286327943461
21.8461502743244
21.442501508184453
21.442396532034483
21.087884384146243
21.407870394860108
21.520649855282137
21.196668642396542
21.168444066925936
21.02808499566183
20.722414989577608
20.61291878091299
20.638547094809567
20.572302733902987
20.39567933679512
20.21579717770366
20.105032620143145
20.070122359073295
20.06927584522866
20.01456871386785
19.810709413458497
19.486563919096824
19.267357568658735
19.27777198363238
19.18047928304495
18.76575994622915
18.62038656951763
18.71094330437454
18.312191478786346
18.210045289249173
18.034367457392765
17.601516702761643
17.740477394402483
17.233673665985926
17.254766591322472
16.78756320011746
16.840069759505656
16.39197520585557
16.221172141190884
16.139489497535564
15.65396696545815
15.504712668384133
15.477639787694219
14.970440875563513
14.664563845168711
14.554490014405545
14.502130286454538
14.138020191626898
13.695202334357894
13.377649394817688
13.083450363763705
12.837283247653913
12.653007565589617
12.444574589538995
12.1691688709273
11.8523906369102
11.522774076951588
11.195512325873512
10.90197797018882
10.700895586973518
10.621318218274128
10.550778303705263
10.241340809496714
9.654325768872422
9.271772718236255
9.375482992963025
9.15042438651153
8.401019807216738
8.4616784318174
8.355677829377656
7.573682296921619
7.950478982265374
7.083346075559247
7.29480832612433
6.657210756173086
6.7997670819288984
5.985865550165585
6.525362575639687
5.296837585202665
5.918759684548784
5.438725483742796
4.458791410405909
5.324393150502511
5.114991089970613
3.6587575555444367
3.5128928459666526
4.645412576558582
5.339305419502896
4.778944567592926
3.4788232556744876
2.1799839626449886
1.2227309371523805
0.636451704331481
0.32949917998350364
0.19702169167138403
0.1676854125555687
0.20791411249815075
0.30896942999236415
0.4735992500050017
0.7015644313313186
0.9684098419372739
1.2031626080264544
1.2950201094938636
1.1717756140031694
0.9289907037865499
0.8305224951984264
0.9994742275359111
1.1374527548355833
0.9825942172278379
0.9049734188474994
1.0838891619114026
1.007411268482136
0.9415288964074138
1.0749339638310251
0.9349546713862509
1.0498713034451406
0.968530997096963
1.027530670954876
0.9690396713558278
1.041648798876015
0.9526354929870688
1.0451272256470712
0.9764185169604326
0.9896376598064622
1.0369402787301782
0.9766329461097847
0.9812385217787621
1.0290438510712283
1.0148988763082512
0.9803052753928893
0.9729322728091893
1.001448135644916
1.0220958234690156
1.0225609630823316
1.0180811483074061
1.0101806680936738
1.0001257319951753
0.9947830117678698
0.9961299180834191
1.0010682198558793
1.007080591098069
1.013195107470784
1.0172974617112953
1.014851919242907
1.0026248540841405
0.9867127613830416
0.9838948777561848