23.24563657489621
28.126325257510455
28.527826068174573
28.062772902444003
27.534388004681837
27.76798234911461
27.776452175472812
27.341291484162806
27.693963795288706
27.434324247096022
27.48407008203756
27.39750324424896
27.18708708118593
26.9249158315582
26.905191351693755
26.6551952069191
26.896626802510298
26.384113585291647
26.171020230334367
26.402463946308
26.00063967132127
25.70005535708328
25.528032024175964
25.462393247237493
25.415900825380994
25.13191201749161
24.87026671307945
24.603011937352278
24.2505914616055
24.1135638314955
23.813315052301366
23.575686847047482
23.47279092562218
23.261318573772975
22.907361351519874
22.48428391967081
22.087641565903375
21.89160577140516
21.836350250901898
21.47490512141261
20.92050277611394
20.832913270127072
20.538008083114583
19.985597527552375
20.000625837573036
19.350437203928774
19.30432296875251
18.65494100595517
18.605260559132745
17.93423184246694
17.97683234848179
17.409199518783755
16.96591142656483
16.945406164290933
16.395418276222085
15.832284836314685
15.755924344851252
15.541388286392966
15.08440957374873
14.528837581715106
14.064708105303136
13.693533002695574
13.402248639191894
13.046747729337557
12.734631378861085
12.33745838339854
11.903217337444557
11.52220030551617
11.201479595925656
11.004097519780732
10.906678299695105
10.621991270270298
9.938076521977136
9.374706011617576
9.487106402172783
9.235827197844802
8.302900970383208
8.515205126294575
8.04261602135213
7.422061757629547
7.680399269134129
6.60315764826818
7.077225790341743
6.039706643287112
6.1700454265241085
6.069533094883325
4.777435828735056
5.740439659451394
5.282429425882116
3.6717868649688095
4.039203687482421
5.387080677937385
5.507535447736227
4.290419896556081
2.691777996793734
1.4504377303288065
0.7067044640471677
0.32975040466821987
0.18035778476547498
0.15137113995544593
0.1978323624215873
0.3155241539752083
0.5106147519874863
0.7729350080858636
1.0631437405093398
1.2773800976667673
1.2700055828143322
1.0309442701425933
0.8292283140710935
0.9440522222027666
1.13891115010767
0.9991768461517184
0.9016334829403453
1.0911687916027974
0.9672189860977303
0.9815825631109958
1.0425452195405935
0.9475332781442423
1.0514817382578716
0.9622977492495273
1.0265390787713395
1.0015660325113338
0.9665256534557984
1.0483951415077175
0.9780694868429299
0.9740538607054537
1.0372596287406886
1.0146685505447048
0.9699368851735171
0.9760937697371824
1.0032652834983398
1.0279806971318748
1.0267734674583362
1.0219738966224179
1.0135637043234136
1.007050714178068
1.01067334849693
1.011331628308738
1.0157000784763077
1.0227184257667223
1.0188345881768417
1.0009899231027701
0.98233127386741
0.9845390550249936
1.009344633037151
1.0166047905352553
0.9908641241128797
0.9950378864790616
1.0173423537919601
0.990527417068285
1.0048838969377971