10.964285187379838
13.623043872152685
12.90709921318389
12.6396097823045
13.443201848041978
12.891474021041644
12.822250374748238
12.917020559915215
12.92727533752224
13.123850650328391
12.749604216269692
12.833785101577963
12.59103033964869
12.71977753022977
12.715881220948189
12.613870424521512
12.816469239954538
12.484166489084155
12.641717601677504
12.566945011908746
12.295775111722621
12.456638139290567
12.38229263706745
12.082635590437233
12.0930564927727
12.156513365915107
11.933276760294646
11.65674057227173
11.610056664086237
11.720942769079056
11.7595735025221
11.611680069146496
11.342397596104751
11.114381037113908
11.028372522624318
11.000053499208274
10.896102641039931
10.789103285656047
10.772888511266952
10.679657572673394
10.503228596206478
10.429569538014505
10.266778607757397
10.05917999138368
9.945332457892382
9.717259971328021
9.649233141962164
9.569443559206753
9.593109153973
9.544057595377193
9.36192523035218
9.021126236682369
8.80651086438434
8.799475302174526
8.897374654276906
8.542442210283133
8.21871483332007
8.306859594298338
8.255453255373583
7.803000838528979
7.8129141951770995
7.811146379155196
7.300385985873102
7.526206453680718
7.160444815474208
6.95534269453646
7.071558168069769
6.547356618874815
6.834835849526308
6.164780866455288
6.520909622486457
5.869728154118924
6.169066471663447
5.721880900563801
5.607388253268904
5.759469694859315
4.980189655578913
5.482684697198379
5.078962079606394
4.480614592321075
5.081273390612101
4.780895852416434
3.8984554582837565
4.200101446002546
4.759808483004153
4.189174517007399
3.177631083110615
3.0065319815460607
3.7398429651644856
4.522394466660857
4.661212574868753
4.091691559251996
3.163508177845983
2.226729694306089
1.450759432181325
0.8941985050844512
0.5487940664191879
0.34733177358396744
0.2414433742035223
0.2126974699462127
0.23139235183262788
0.29681663821580156
0.4141667716909423
0.5698878888258856
0.7774817367192571
0.995880072790225
1.1843260616444693
1.2851328050776973
1.228007589693693
1.061999943883062
0.8762715882167659
0.8546567056918378
0.994226202558376
1.1316843814995516
1.0561017628908607
0.908749020135274
0.9596700003871892
1.085350697874281
1.0092716212798647
0.9270576343967527
1.0495674881459711
1.0185332186768818
0.9449468123766627
1.0544554794454766
0.9706065603286292
1.0035026809093703
1.023862657199354
0.9619255146098035
1.0393978618407023
0.9613148334297176
1.0430404317807818
0.9646119040656383
1.0323625421107039
0.971287926480502
1.0127977350291637
0.9982993254786957
0.9820006777925477
1.02869308618295
0.9751604552307261
1.0063414213090487
1.0202475228763497
0.9764885538755467
1.0008697214925923
1.0223902033897865
0.9887487832413275
0.9779787490485528
1.006499673297827
1.018761832956164
1.0006879662696817
0.9841166975317758
0.9878652353636346