21.425967314023378
18.92358774839496
18.51950755514742
18.01946453833114
17.744086148385232
17.910745952568927
18.10338825639435
17.878307209215023
17.74156523816841
17.970144005922172
17.845936691945855
17.794687346232912
18.048912139723996
17.851657898878575
17.930771230869468
17.586808155178762
17.4467850262624
17.376638516850015
17.563997541768398
17.32097125778119
17.12993088093415
17.01127973522618
17.17375826457664
16.75462512548232
16.7150920621324
16.768726078001563
16.38412361943413
16.461840599091644
16.10011001618307
16.28749700172938
15.83934956312091
15.899862279794885
15.464574895896869
15.644485614735787
15.25930602439394
15.257419169644171
15.138003393043796
14.719433195747326
14.775027029333398
14.596514474962675
14.179568122391466
14.105797709165605
14.123242604966137
13.862617224450844
13.48250067835009
13.238773331845534
13.1346015585512
13.046407990153327
12.911532251597109
12.735852608390948
12.51483453486412
12.237528753373978
11.967426313821194
11.781643224788544
11.607641844396026
11.38954920162129
11.246544316781797
11.084768200843829
10.795533024918653
10.490997441463959
10.053215034949686
9.776178392456277
9.71664427725223
9.750045228240175
9.415603506065432
8.878383898587606
8.775194099603183
8.908038388235424
8.266787880173554
8.055893142900514
8.242955541935078
7.449429991035079
7.666364514999372
7.247918777985942
7.008371956368224
6.912657410660169
6.504651278205872
6.453350165079698
6.232150387829177
5.722892429385743
6.131447473455608
5.0308424483650755
5.531137912992381
5.353932576846362
4.2639223944745215
4.823414714721804
5.161822680507439
3.97817883740628
3.1959378594925067
3.868636275487745
4.8857884738103285
5.0451874646412165
4.2378356753474895
3.0133360022637965
1.889735989757349
1.0901877739817423
0.6029462597713223
0.3345546529790548
0.2104230454915334
0.18217661897018214
0.21404713155502036
0.3005634423634422
0.4516933616140529
0.6554490332867311
0.9022545633648202
1.1478758524089716
1.2821973692109216
1.2467532509736834
1.041167645625754
0.8506760777474013
0.8849709277620829
1.0824079396574506
1.1139697593186102
0.9343538375192504
0.9346322784742254
1.0970440063740778
0.9807950884904431
0.9488786168521314
1.0785538940935742
0.9410584178643738
1.028962492146728
0.9985790292168847
0.9924615156501754
1.0125357698563877
0.9860872045738297
1.0069375428397025
1.0114465729771855
0.9780696165608542
1.0368267937990256
0.962271470409435
1.0135100449067593
1.0144588377444097
0.9649909596359418
1.007061908418551
1.02406673837274
0.9821986029087977
0.9735888960356652
1.0059593574092762
1.0245915341106993
1.0127425262524268
0.9918882992335125
0.980335369028456
0.9798815502487497
0.9860229424253577
0.9957522245389293
1.0045577055186252
1.0061855711149592
1.0033147022528968
1.0038226976385671
1.000762697814866
0.9908013319863682