15.882541677835814
16.622076688299018
16.76055999013383
16.90900229429924
17.05195252334718
17.12339161011768
17.034211671959508
16.7517407605608
16.405330228326687
16.266572246382616
16.466475893574522
16.704236231983202
16.55735713223229
16.211998299792416
16.214611263332294
16.367115079915788
16.179271058678736
15.999038024299736
16.051420468298403
15.96395581921936
15.76118848362528
15.79926015976853
15.634266105781276
15.50944678675631
15.50838378569543
15.240855690858238
15.305746902198798
15.03245222340337
14.989990472246014
14.925824708542944
14.561991287308865
14.79020764961239
14.341037459264466
14.250378348528331
14.36694670966762
13.93855966924983
13.744909071630866
13.858671657530872
13.678978261588027
13.306077530001895
13.123584256200138
13.113761019809127
13.04968515960639
12.845009873690858
12.568392332351971
12.306390778676398
12.092256474742449
11.915692137892176
11.753253124663814
11.585860326500512
11.402284072533185
11.1975145866944
10.972923888290223
10.740887910493035
10.53102965444524
10.386295146003237
10.330414848326798
10.307823105558954
10.164478090405087
9.785928643719842
9.33930031493567
9.196300899772735
9.31410584082989
9.082911286231363
8.520449518602316
8.485959225831953
8.555010068522268
7.932382652377571
7.898089378843032
7.887415961320385
7.232302405640719
7.553932034784279
6.85869655363517
7.067767187182927
6.49662692292063
6.668879560726149
6.002522164084409
6.407643300127548
5.450622067934091
6.017366142796487
5.340758400921158
4.977282484205675
5.598969669365302
4.628998446764624
4.213833748738578
5.036405496794248
4.747153099051144
3.498925981312165
3.2007128150264705
4.0875373594976505
4.921103975351552
4.844363386105458
3.961126434907244
2.7992943906342647
1.773644459489065
1.0414263658965512
0.5877802389873948
0.3378617888311592
0.2203878678495013
0.18790382536635652
0.21636250637306254
0.2986495961439385
0.4368653549755986
0.6324998304923081
0.8723673276441409
1.1124244798649767
1.2728912627049402
1.269839358279105
1.094736067768723
0.8847677591091824
0.8498767416129349
1.0216210738390359
1.1348145270327672
1.002590807623325
0.8986973506668772
1.0393342062489166
1.0636284190137424
0.9246414414673514
1.027174316459298
1.0314965272807657
0.9422263764415247
1.0618273351052083
0.9508629075982125
1.0382329347496246
0.9716122211150929
1.0271493643665133
0.9712636159447308
1.036127866618769
0.9589046905793438
1.0417038546686241
0.972048241490714
1.0023572443218904
1.0261300364217887
0.9677753087725643
1.0070793203299675
1.025300241608769
0.9811147343243675
0.9831352545749644
1.0179873422976158
1.0181267538319074
0.9916457444993819
0.9792035775596555
0.9900821889406983
1.0078002494906377
1.0180819746662841
1.0185093690525147
1.013323976223349
1.0071107318878236
1.0024305049746924
1.0001491232408866
1.000384260585549