28.24342704394651
30.09149349811361
30.253046998670772
30.281940768597813
30.171466386502992
30.005659827573005
30.003882268762208
30.207236480427476
30.137369329642937
29.604794020346088
29.592836014786688
29.96600327089264
29.34956958009761
29.347921817094598
29.42379182251384
28.926573331849013
29.111873520431274
28.685477905257695
28.655784138842876
28.47209204609298
28.147251923259727
28.093949695267593
27.92339260481297
27.432589658334237
27.363958138646254
27.369877530162785
26.958580234362127
26.46497116549762
26.195888134399553
26.06206428347538
25.901731065427143
25.666320934950527
25.37683447607703
25.056343440590688
24.709961026262366
24.33504461101772
23.945555744180815
23.59741147303829
23.367177804026603
23.223858576748032
22.92195521741632
22.31917492663179
21.873094299047434
21.85296309682741
21.414463792095354
20.81510631136506
20.795147739755883
20.140325994735573
19.976804263325135
19.430108051572315
19.247836378775197
18.608548789083404
18.557434044313403
17.84592512412968
17.611512954615915
17.40378328195887
16.64076339594054
16.349065872783953
16.26640323553577
15.787562731527231
15.139227853049514
14.648274415217987
14.31708495740034
14.028389104033185
13.714974990576858
13.36287209002501
12.972671105731763
12.539390949682256
12.05545524826085
11.538075655012092
11.073730981757137
10.810303477558232
10.765663373446092
10.563697466287984
9.812790629824807
9.15407355060598
9.331929022974446
8.922568970922644
8.027146419500164
8.430118424291145
7.399231092000725
7.56211262971482
6.80887849989483
6.938593383991384
5.899406147327739
6.645779939646569
5.056269852900183
5.541914317479006
5.793890075052579
4.015673474780524
3.87217760778971
5.288517346538225
5.704871322318416
4.562200497687461
2.8907742290097147
1.5448799454055921
0.7347303784613609
0.3346617733881428
0.17518473885632188
0.1460065598521732
0.1980450062471147
0.32147395024857545
0.5233245212876354
0.8002029666008662
1.1001322792444397
1.2961055329535724
1.2449334720572593
0.9795590403471759
0.8231928068485227
1.0034949513480806
1.1413466041222973
0.9394577737650729
0.9568709340995318
1.0932800348619784
0.919370150498436
1.0601485979144663
0.9606486678723012
1.0355126572515332
0.9624431358721907
1.049708866912939
0.9447125234492917
1.0471161917589038
0.9902422637333191
0.9661472337182784
1.0395982708950693
1.0125054062558136
0.9650560082088249
0.9818349761970877
1.0177326278961256
1.0301292972567984
1.0217651958164533
1.0080597740177497
0.9975085995846741
0.9919461046067615
0.9909489321955988
0.9942762685598654
1.002092206533543
1.01326050354704
1.022379183103419
1.019502821294935
1.0000919872288765
0.9817094206639948
0.992515216794913
1.0155970677153783
1.0009193793747753
0.9866567859188973
1.0130614524411028
0.9944192423358464
0.9978347855425206
1.0077369773867688
0.9896093418235442