3.610243238632161
3.3824798011081474
2.8386667515367607
2.2694811662047347
1.887357941579842
1.7412803214293602
1.7932927672228838
1.984934174176
2.2219513468201697
2.378987940500093
2.3833730291457615
2.27718664194887
2.162551060289191
2.097775120994217
2.0699047111918905
2.0475310534043683
2.0221735443432447
2.0033580810306177
2.0096603824938937
2.0689990614643716
2.193305408787566
2.336600113186399
2.403827553323545
2.3278308674974624
2.135089884117978
1.9273622567947304
1.8061895597077149
1.8155444472878925
1.931208018236284
2.0811563086497262
2.188232256693101
2.2231527519946863
2.2223466367284095
2.238339074677269
2.270215957810139
2.2589084713969294
2.156393521744003
1.9862938470637805
1.8292977946348574
1.7576929649438853
1.7862349970689178
1.8722235364343127
1.9547343178132117
2.0053012158034513
2.0505741747087614
2.1361557532200344
2.2592972882348756
2.3510788150747244
2.343217494236926
2.24487237861872
2.1313997362745862
2.057069511678064
2.001542891726226
1.911933157398446
1.7794875519821685
1.6563876235458315
1.6009271093788564
1.6196190360637364
1.6671002507585386
1.6994713633475473
1.7239096655385477
1.7885239569499694
1.9175498544484975
2.068341218676203
2.1743759066981054
2.228082867268617
2.288250114493871
2.3911262444386323
2.4893404857652555
2.514876104365416
2.4785840277657236
2.4543099599162055
2.467002824939211
2.456078634949949
2.372433899159148
2.257534305047743
2.1798383566968136
2.13041008519048
2.0438538965924304
1.9078766718527793
1.783440107313224
1.706377630757438
1.6339875282547158
1.5211055446441542
1.395505039287097
1.309194868607849
1.252423827763396
1.1749634589441085
1.0732823236494582
0.9936193460541438
0.9504985330351446
0.9041851365140792
0.8325883804235675
0.7682414914612479
0.7376996733391091
0.7147898995668258
0.6700219168341526
0.6234895983442065
0.6055630901055347
0.6004823571862309
0.577266078538282
0.5479831273056935
0.543367998950517
0.5535632607206125
0.5478546011633183
0.5346048578228436
0.5443865357211285
0.5692936822148118
0.5785801532117223
0.580333815091099
0.6054672677261717
0.644739385159059
0.6666496723801095
0.6818664118601863
0.7218336919267689
0.7729131895960779
0.8028681800031767
0.8276711168904357
0.8782142048459438
0.9334986955609874
0.9623716324448257
0.9886932865779985
1.0396986360381617
1.0849615099169685
1.0990377986712478
1.115168195779381
1.1515406153634193
1.169174709713125
1.1558896997841062
1.1524268489959444
1.1612958101333521
1.1414521450566169
1.1018213730655317
1.082290724348484
1.0652515012778174
1.0205194724261415
0.9792763918281985
0.9648828206337612
0.9433324989605862
0.9096790072356933
0.9034119040224479
0.9158488441742735
0.913635723469848
0.9208252900533128
0.9574780288096899
0.9857172092825981
0.9985084772446665
1.0308152673830338
1.0640383315668562
1.0651512440286053
1.0643510255793645