1.464541964905118
1.591126654966489
1.987166544354747
2.5008127346354083
2.758629822946479
2.608256364703163
2.3015578012292384
2.1153582603385286
2.103791009569679
2.211561579264301
2.344549297762905
2.3974204890427875
2.376362143966567
2.371961454885455
2.379448434872526
2.315481714771132
2.1824031289211248
2.079391030109673
2.1059947382863733
2.289239150656722
2.51562427826385
2.580859506029097
2.4094335780211455
2.152255638753384
2.0104077711650277
2.0483411483362244
2.185485111104083
2.2957138660990486
2.3318260572285685
2.359634631031599
2.419625004241012
2.423019903795928
2.2830853092898002
2.071455674564982
1.9483974948672296
1.989234289917301
2.1254030418143364
2.2334632221110526
2.2777507761952824
2.3324690288926155
2.4231398796081067
2.4406277144432673
2.3052880517820054
2.1094989282822434
1.9919694229041884
1.9629216140612837
1.9426267293978716
1.9116963740616268
1.9457433943116231
2.0919811401168444
2.2637164164799706
2.3409839889037984
2.3455227156441993
2.376164754916347
2.4039049814480347
2.3188396983591373
2.146164471953421
2.013086331670387
1.937203785805666
1.835488475742268
1.709089956896855
1.6544833765092293
1.699606348707037
1.7621355928848366
1.7992716338540442
1.8818168805140363
2.0450675652056027
2.1931334610381534
2.2692586414737597
2.3611087563016864
2.5002996380703566
2.574099565559035
2.560373155373147
2.573619002830768
2.606482943399632
2.5477343055627446
2.440212577874228
2.3860648337527115
2.3192498372838273
2.172100242832426
2.039149955651791
1.9581537743223902
1.8338701807136009
1.6747547141362504
1.571258009658244
1.4825474001441938
1.3467523963564156
1.231654399802879
1.1647528121919708
1.0724017602565616
0.9662974452328247
0.9081208662363084
0.855006040002962
0.7731985937207457
0.720230788022407
0.6936747800297542
0.6411589320036523
0.5960338427833443
0.5855745382272541
0.5603275825171425
0.5267894007045271
0.5270236939370098
0.5249390086716618
0.5055819415278737
0.5148522198548823
0.5325816372639015
0.5287527090026647
0.5470333536933017
0.5823889932559605
0.594452036015721
0.621636133791737
0.6724910541327542
0.6993786204989675
0.733851412386538
0.7964251671840981
0.8343804486853651
0.8716552751500531
0.9388927354927845
0.9800999251884994
1.011945069703356
1.0729516748332022
1.1054506895065042
1.120800106211255
1.1627569305838636
1.1733865635704623
1.1625841780274622
1.1762622938109324
1.1574218414851916
1.1197723252352638
1.107383383602204
1.0650879129561555
1.0155868293593353
0.9951780103014154
0.9511490222723324
0.9179369157207294
0.9156883889396051
0.8954605549627384
0.9018984478859721
0.930264428558086
0.9400639056802833
0.9805372617535907
1.0188877428516558
1.033740690778357
1.0708923790179379
1.07826747559327
1.0668809279356768
1.0685560484591925
1.031937673387077
1.0024429639451213
0.9835748241456386
0.9453618523279442