1.9167404917595878
3.672778977005531
3.4486867379490427
3.1905766812321734
3.7170940911002655
3.0948261015462615
3.6681509918065136
3.2421155341410492
3.447552715591952
3.416669070427723
3.34594104625263
3.3719232796151446
3.490754373952491
3.1807582538447123
3.593013181297942
3.203333416288051
3.403435214639338
3.3989608523051364
3.2875654507708467
3.3017720127752077
3.485998241612808
3.1235796898839223
3.4343062091258787
3.32066667454429
3.2118049463966485
3.29633217453145
3.386181509112215
3.136926927517277
3.249254992105815
3.3969933647219714
3.0968232487735676
3.2029830237593004
3.2958601719865537
3.219509729173761
3.042522487982375
3.2137941630095974
3.304262293102921
3.0053553128788604
3.067003647902229
3.2173773146049625
3.1602472495470293
2.98707420443514
2.955414674538431
3.1956102338340138
3.132571869291132
2.8686177767947285
2.9122319340515337
3.063461389755982
3.0939257770869646
2.933983610410765
2.7389316688758156
2.8581299323108804
3.0708188250697535
2.984113887184652
2.764264941618465
2.662902661139737
2.7274533253810027
2.915810969285878
2.98294729812452
2.7701050342478233
2.5269590251463474
2.5083992104429855
2.6515135462172768
2.8079404990679793
2.871951964315114
2.7438855980429224
2.4719256990293315
2.2801480122722126
2.3064059562566817
2.474940557661775
2.65505396255172
2.7707098654283246
2.7582382027107615
2.5783708460611647
2.2948851697844006
2.0483525254616413
1.9355397146168405
1.9599956371633127
2.0874607894318267
2.2922459316810464
2.5396910989321126
2.7657510060415307
2.904117502681504
2.928077847306036
2.8552893668014683
2.716982467799046
2.5316693761305378
2.3061344023848793
2.0507198811922316
1.7861872597222457
1.536180071021566
1.315902621473412
1.1281352388388537
0.967876419802446
0.8295254510216775
0.7108590048274217
0.6126376008835879
0.5361537254363561
0.48134025392271285
0.4464549057380239
0.42886857634053094
0.42605051084774714
0.4361966817873036
0.4584271315447763
0.49269198660313773
0.53948672249425
0.5993842257627534
0.6723898359325902
0.7572185531413348
0.8506920250164768
0.9474731610789746
1.0402813025038034
1.12060863906678
1.179855608809532
1.2107534182197321
1.2089242601289376
1.1743862853539553
1.1126961753163644
1.0352593843081774
0.9582399873343816
0.8996425370561112
0.8746610290778848
0.8902790493523388
0.941074436761123
1.0086702568968362
1.066632867125044
1.0905136263984534
1.0696329906679445
1.014633767262034
0.9549301138233365
0.9244202433171855
0.9412758837553463
0.99406931130287
1.0460899379709978
1.059340958806679
1.0238471982280886
0.9687550298312484
0.9411578352578559
0.965199216366256
1.0171079058460395
1.0448474335472868
1.0201891638635097
0.9714499449248093
0.9554805724811412
0.99210985378124
1.0369607291781782
1.0341898212195637
0.9901470765007707
0.9678095042888536
0.9989208356133626
1.0348554288568836