3.6990279646843423
3.1197521562278627
2.31086973522237
2.1305670046182383
2.4493119439933735
2.720484817081719
2.5544629809482493
2.35601008942496
2.3631777323702017
2.464071414699108
2.4989621917600964
2.5163723171404735
2.5281171361401173
2.3923287878481583
2.2775006799741933
2.4132516085373363
2.661772020669232
2.587075286076679
2.2745525521049643
2.2151016425583343
2.4564207151099375
2.595065039115252
2.494295007049552
2.4102812735645207
2.35163989696258
2.2629097702181205
2.3163340254457307
2.5442114553703177
2.5954764306752574
2.381153974738802
2.2506988507845214
2.2676742575732947
2.2835141973204958
2.3698098766860274
2.5458675915083657
2.51591004422224
2.3065226630333853
2.217559418424093
2.19978977165975
2.1855273311236325
2.3244113642001705
2.5005378255241455
2.458498635787337
2.3642177031288614
2.287828855068505
2.1145671225241522
2.044357511427069
2.1580322526655435
2.2426885221733426
2.3342366425881487
2.467701444734463
2.4117624830484288
2.286776744208611
2.2004810042086
2.0257167930436606
1.9349206897218174
1.984464368270673
2.0169466392327595
2.138136405828093
2.3081039929084444
2.3479816305882286
2.405015448249969
2.384441213842393
2.2341162578238882
2.137419088523062
1.9694635410862422
1.8135091047569816
1.7625910231138084
1.6911036856307187
1.7215728516821847
1.8207676623989617
1.8965149289843912
2.072943655884635
2.2037256766864437
2.322837063156046
2.4703172116192995
2.5011433871972435
2.574297085525306
2.558655076795787
2.5074241547714085
2.4665379037549906
2.325450439842664
2.242324061336352
2.081640636179031
1.9447149358208664
1.8075577325557033
1.6376983823888034
1.525630639122503
1.3615061577667567
1.2586583700806988
1.1291473571958992
1.0266946149670964
0.9387046111253439
0.8408472916354568
0.7852741409622912
0.7021867542522047
0.6658575115653109
0.6056077657073611
0.5792018379664676
0.5446167569165073
0.5244976703809551
0.5142532046866982
0.5008536772688587
0.5118074300902064
0.5074563093508635
0.5362240230585589
0.5436563761351586
0.5870132901691284
0.6084646065273646
0.6629826954087427
0.6993721210750218
0.7607815761275902
0.8107350877854195
0.8733157824158111
0.9322181447990722
0.9884616006152684
1.0480876468091676
1.0890018522454192
1.1384379767729575
1.1550159405457459
1.1834151205968948
1.169616963738087
1.1706536068777242
1.1274447737253002
1.1040654919281965
1.04263128497089
1.0092144311640792
0.9501957785317864
0.9287230328371345
0.8947959637021943
0.9038218253573771
0.9067323949493594
0.9475132169264849
0.9770878701259597
1.0274143598808407
1.054035119721604
1.0800840419222961
1.0759512841843704
1.0596661591517622
1.026101174081587
0.9857201149437358
0.958105312913473
0.9346277082474335
0.9486470366699867
0.9613482713915673
1.0084750346870812
1.0281993396034033
1.0584027630086965
1.0440175872468074
1.0281382667453949
0.9903906357724616