6.000791440980456
3.3750339637219438
4.545207954640208
3.6663565594871828
4.227600640217145
3.9283672899645214
4.007809017401345
4.027831899914734
4.017508908062664
3.919447159921597
4.131433239365679
3.841353842691293
4.076688716514739
3.9506884755802276
3.9391826204974945
3.9628562254341104
4.029245562900698
3.783679120498571
4.108101986708173
3.7986154661782403
3.977970256675176
3.8287243761910283
4.006602663786726
3.7604541484055156
3.8887036665446906
3.950101256936393
3.7019473971837398
3.91904752568249
3.7418619668426194
3.869932210893536
3.7539353922040104
3.6597738239936
3.9184969759649975
3.646178393524625
3.675556179276502
3.7722376322364193
3.5779804694526915
3.7524317467519572
3.66458630316998
3.4522949848398063
3.697631488035895
3.6472508203684058
3.433988470687088
3.600230912496136
3.548250308530966
3.3334925537090725
3.5177546286355317
3.601389666706102
3.316665114370447
3.290844243293382
3.4878609436228607
3.3577299541501118
3.1528105961892106
3.3078523054451625
3.4604488834768765
3.241427674270327
3.0228188789406816
3.153754686134063
3.316910347593652
3.155544328919971
2.897075755175309
2.9296923667279104
3.169797189051404
3.223644395057844
2.979113102129931
2.732350322295956
2.7638313419320104
2.995812964201063
3.1215195836163767
2.966973626401553
2.654759926162318
2.449810088589209
2.502852632912624
2.7398467463146368
2.9519641183325067
2.966337631095509
2.7550225273567133
2.427634773298293
2.1459196000446
2.032140210753345
2.1210779661461445
2.364468806269428
2.667991520292881
2.934081427797811
3.092214565036374
3.110809725145652
2.9940106826756607
2.770216970852663
2.4787195608369212
2.1585204515935676
1.8411103807184088
1.5473730885910242
1.2878902265071224
1.0654914546333103
0.8787320861298384
0.7250329301889294
0.6025235170752062
0.5102146539837694
0.44689513199373004
0.40983136800277425
0.39454464890374125
0.3963146613850499
0.4127023086008549
0.4450996567247954
0.4973692185756624
0.5717218780975772
0.6649256845247413
0.7687281451610048
0.8748146779929008
0.9790314188902313
1.0786889246893063
1.1644889476926943
1.2179407681528602
1.2221739721368472
1.177194339602183
1.1009758552601157
1.0146253843348112
0.9338684849317471
0.8787981599426643
0.876807387254827
0.9361280820971302
1.0224896810277748
1.083682685635186
1.0933705108001812
1.0544311658573997
0.9837279296126761
0.9244396410778531
0.9321047283266961
1.0022861350510786
1.060418227284768
1.0556884553010364
1.0042259258492607
0.9510740459564037
0.9519841327299956
1.0171297781491078
1.0571827305347823
1.0141585841476086
0.9615449988833017
0.9686401464568879
1.0181324272396266
1.042654828985107
0.9933262723912943
0.9569501308557543
1.006635325842705
1.0360025546787262
0.9968107196832137
0.9691818128071951
1.0026928785228706
1.0341913202971331
0.9850334969789887
0.9752513874527027