3.212933014028894
3.916863154800836
3.5902776026936585
3.7692930211054327
3.6789733082722202
3.6757986644102254
3.7554986592714505
3.590359020405248
3.818769951948828
3.5262944066823314
3.843059703539119
3.5152446806630198
3.7955963634442487
3.5812019862854187
3.6723051801239577
3.6964114094685225
3.539518325448627
3.7595331501121545
3.5138834492493567
3.674719099017415
3.625604433045442
3.5124699151569754
3.702697544111077
3.49402900755339
3.575039589616497
3.630763905432069
3.435783267233315
3.6007782916493647
3.54441077999827
3.408512709744978
3.584539965509069
3.479675870884589
3.3735222166456387
3.5446727782471177
3.441609434825112
3.3193267118847793
3.483777228089928
3.4305758950683285
3.2587696884932864
3.384763653813049
3.4345884171786882
3.2334201963166684
3.2385115078386173
3.394812273174063
3.2852907631094466
3.1163175828436827
3.225390036595069
3.331826742213737
3.1638485360415514
3.022786657659787
3.149975603821359
3.2591295406203926
3.1026959623719153
2.9207908807058587
2.992294552727415
3.1601690733470003
3.1138362576011884
2.8857174126774465
2.779761389083099
2.9142282252940688
3.0719236587593683
3.0122718943234488
2.7759972922261986
2.612823783305699
2.6785963625503038
2.8753821176157195
2.976188264586883
2.857658692112717
2.6016756929635108
2.4023226708963965
2.396563866490844
2.5680979068879397
2.778617520135212
2.874850351678027
2.78367974266976
2.5410700758784777
2.256181159414052
2.0474301405945705
1.989722067041133
2.0933730598445695
2.313694225064512
2.577548457579008
2.8115138898769785
2.961549448410748
3.0009931585116085
2.9288388589691334
2.762451935642435
2.528765317425289
2.2566898829308872
1.9719699945178024
1.6945714211692395
1.4380621169592587
1.2102535723598555
1.0144447560855727
0.850797623308091
0.717569680863289
0.6120844402509912
0.5314212972951622
0.4728590943407231
0.43412619330275615
0.4135079858386368
0.40985086013520544
0.4224866261148806
0.4510874540377634
0.4954511813592035
0.5552126226939554
0.6294807261621134
0.7164167640045134
0.8127973894470232
0.913648072550936
1.012081468653122
1.0995170406510983
1.166466688689409
1.2040104070693478
1.2059204496916787
1.1711084195305466
1.105707621980903
1.0237893008526513
0.9456635691704551
0.8931858469532332
0.8826179188959455
0.9171946673917729
0.9829416354694184
1.0513693630930834
1.0904257003141735
1.0805387531576711
1.0276626694502098
0.963641126092156
0.9293542547859162
0.9476258948336689
1.004016015457646
1.0536791872752116
1.0554262169710449
1.0086616485567077
0.9580458961827644
0.9535276303932878
0.9986216438200797
1.0426215398036063
1.0348468393432755
0.9860182457838597
0.9589756265306624
0.9888168635316853
1.032616460189067
1.0268343898798074
0.9816276947254738
0.9687017237792114
1.0079119391859002
1.0316121505850948
0.9990295971320587
0.9707962226039868
0.9993321476531166