1.3543086399243123
1.3542944521081568
1.3542518820494014
1.3541809099239084
1.3540815027138673
1.3539536142414341
1.3537971852158324
1.353612143293934
1.3533984031543322
1.3531558665849237
1.3528844225840209
1.3525839474750163
1.3522543050346294
1.3518953466347579
1.3515069113979674
1.351088826366652
1.3506409066859009
1.350162955800105
1.3496547656633378
1.3491161169635588
1.348546779360665
1.3479465117384382
1.3473150624704227
1.3466521696997762
1.3459575616331223
1.3452309568484513
1.344472064617096
1.3436805852398193
1.3428562103970336
1.3419986235131962
1.341107500135382
1.3401825083260686
1.3392233090701329
1.3382295566960836
1.3372008993115165
1.3361369792527933
1.3350374335489392
1.333901894399731
1.3327299896679479
1.3315213433857618
1.3302755762751965
1.3289923062826265
1.327671149127226
1.3263117188632987
1.3249136284563963
1.3234764903731169
1.3219999171844639
1.320483522182639
1.3189269200111098
1.3173297273077953
1.3156915633611828
1.3140120507791808
1.3122908161704816
1.3105274908382092
1.3087217114855887
1.306873120933357
1.304981368848626
1.303046112484871
1.3010670174327026
1.2990437583810603
1.2969760198884324
1.2948634971636876
1.292705896856087
1.2905029378539956
1.2882543520918142
1.2859598853646041
1.2836192981498566
1.281232366435838
1.2787988825558976
1.2763186560281021
1.273791514399551
1.2712173040946468
1.2685958912666246
1.2659271746230931
1.2632110381540895
1.2604474245410622
1.2576362874057494
1.2547776043774912
1.2518713779472501
1.2489176363189223
1.2459164342569526
1.2428678539292506
1.2397720057443518
1.2366290291817632
1.233439093614371
1.230202399121784
1.2269191772934316
1.2235896920202287
1.2202142402735665
1.2167931528703761
1.2133267952229727
1.2098155680723715
1.2062599082037202
1.2026602891424927
1.199017221830038
1.1953312552770785
1.1916029771937084
1.1878330145944267
1.1840220343767405
1.1801707438718185
1.1762798913656964
1.1723502665894854
1.168382701177056
1.1643780690886283
1.1603372869987185
1.1562613146468506
1.1521511551494807
1.148007855271539
1.1438325056560186
1.1396262410100375
1.1353902402458012
1.1311257265749122
1.1268339675544712
1.1225162750834379
1.1181740053477376
1.1138085587126196
1.1094213795607852
1.1050139560748602
1.100587819962782
1.0961445461247394
1.0916857522603143
1.0872130984145416
1.0827282864616294
1.0782330595251424
1.0737292013335125
1.0692185355097765
1.0647029247945308
1.0601842702011484
1.0556645101023563
1.051145619247388
1.0466296077089667
1.0421185197594824
1.0376144326757994
1.0331194554722456
1.0286357275614022
1.0241654173424473
1.0197107207168787
1.015273859531595
1.0108570799493735
1.0064626507469607
1.0020928615410738
0.9977500209427466
0.9934364546406091
0.9891545034137879
0.9849065210752802
0.9806948723467946
0.9765219306661772
0.972390075928723
0.9683016874619086
0.9642591604389693
0.9602648752608515