4.3519635953945315
3.1707055252126684
2.423630793597979
3.112952228357071
3.1189588686113554
2.540057182999451
2.980299685285665
3.155537111861294
2.6012960057684564
2.863935835603016
3.1477199156756086
2.7196208401647017
2.7802170138158546
3.013961522306354
2.8783774496519876
2.8190243135037862
2.772595338920062
2.9407206812312503
2.97811558850714
2.640599283726066
2.8220113918938794
3.0057429137251552
2.7983204267578556
2.7473837585080023
2.731503743281974
2.94019530031222
2.8993580064537867
2.6217689724057753
2.7454552909626617
2.8289703166378377
2.910911431250251
2.723645213945047
2.5751326671488894
2.7711451232121846
2.8230951599545593
2.8566342747599127
2.597887769962899
2.5707624617436373
2.694194674405946
2.809495516680005
2.809814740431881
2.565155171494733
2.524419993174155
2.52915825310038
2.7634380206879596
2.749526240652656
2.6857540500189323
2.4530878480710316
2.4160271622554093
2.4828497911710548
2.6608115061482103
2.7215302052483388
2.6424759024037656
2.4526034976969133
2.306756884291764
2.298306590286115
2.417101544004586
2.579020225571507
2.6596515604505315
2.5987764712799013
2.44180042877457
2.2369917001173842
2.135687568490559
2.1167482759190634
2.2584999425130627
2.391393255087757
2.569400837389849
2.5749069288557376
2.5581600364025943
2.360182011493732
2.19215569764989
1.9766449433967996
1.8587915284837302
1.8152987434785293
1.8579081609654695
2.0087179648683082
2.1559115343015636
2.3831858709056917
2.520968561356502
2.672555934870596
2.7375945007147173
2.7274086449660246
2.703281556804756
2.560543415630249
2.4366570372634713
2.253895719090535
2.0467670434350396
1.8745974136196655
1.6547930736437626
1.4810532301725179
1.3145939878884003
1.141503465712828
1.0220508765312761
0.8923966829025111
0.7844678379635419
0.7108136559082605
0.6259201026485677
0.5712800519593808
0.5334777070344087
0.48890687709513336
0.4738909116952731
0.46676906495650744
0.45657598078196937
0.474515932387524
0.4969475648152067
0.5178942456511185
0.566956997111628
0.6185958785181527
0.6672314298176107
0.7430577576575838
0.8174682166658862
0.8816370271169277
0.9668701495495909
1.042317741560391
1.0928171101715471
1.151094653242406
1.190129566347044
1.1885590882567187
1.1816842274027162
1.158755311377421
1.0978597960669312
1.0345692096517725
0.9837167094857712
0.9283926237790165
0.8880856779072752
0.8894902787037597
0.9178660199939779
0.9539584583705886
1.0049291164859984
1.062654175021812
1.0900024508814736
1.0769737816201985
1.0465275377662158
1.0063912575361713
0.9581317202662032
0.9274422674426642
0.9396714091838223
0.9851395530735677
1.029720352174925
1.0516482760136125
1.0494932706727784
1.023302929930985
0.9801984230090506
0.9482712235723765
0.9557105032235653
0.9991032100058694
1.0413632147799063
1.0458206592801087
1.0123838280175836
0.9735284930206515
0.9618607828202226