1.6448559462121881
2.2019729407693682
3.160774433664634
2.872437701640259
2.2875264771307524
2.5884754999076494
3.0476160098805876
2.657098095103027
2.334493298869579
2.7268462279102934
2.951109072906765
2.5579669408987256
2.443693268789215
2.735144214487896
2.7775374899644376
2.629806416896756
2.586935610886053
2.550141926045347
2.6413190660245274
2.820730311574012
2.6229884325614488
2.3956020424883877
2.606767410583372
2.7750777420474932
2.6465762934185655
2.571430648999905
2.4739050300613115
2.485639089842951
2.7367943753284814
2.7184949393584645
2.4880848679146914
2.4541575060190195
2.455417368807302
2.5694271147354604
2.742730188061244
2.579186548164616
2.42279261654419
2.39252953199941
2.386199412675026
2.5923971149681586
2.6677280231530753
2.5383300683910175
2.4502206411897145
2.27163066269062
2.299118705708463
2.4626739753811986
2.528746811168974
2.629172669189671
2.4882562216704973
2.3272755713678936
2.2304394576162574
2.155484202579746
2.3086816357984383
2.410024935824105
2.5317769839109343
2.550588219630473
2.4088072540272063
2.2960425891368597
2.088098407212298
2.051299749294421
2.0456686751085744
2.1581432133860132
2.3201386885482576
2.4161274522461884
2.522703123501357
2.4466693399155255
2.3869980208852475
2.1781920298036463
2.0375101035385708
1.8607745310757646
1.7840143253293728
1.7617019585802773
1.811610297291298
1.9426440327056007
2.074924153350944
2.2706714942732256
2.3948493534464355
2.556884191623725
2.6024842335286267
2.6740170399731436
2.6183899218533706
2.592401879821656
2.453052403504865
2.3543051472225356
2.1672402096485723
2.0300090577592993
1.831134838509196
1.6845005150127759
1.5001223005840323
1.3625531145533512
1.207585820213512
1.0877076469816365
0.9678901225684825
0.8678221856431579
0.7829076604248434
0.7018083762627566
0.6481788703341909
0.5849685346904671
0.5573008594796595
0.5122838794195286
0.5045528352715754
0.4798882097786863
0.48623416179495965
0.48518591399717087
0.5010835886095297
0.5260605459645016
0.5497763401276704
0.5996127420995485
0.6331401362782489
0.7008741650796692
0.74876806571733
0.8217954631446982
0.8865669542709302
0.9503941391000956
1.0255091286925517
1.069687158592245
1.1353795056119904
1.1570102520948757
1.1863414012811213
1.1870656606026657
1.1641038024428376
1.1437773154134565
1.0819493550712325
1.0402155157483017
0.9798626300031241
0.930248415208451
0.9089474908793391
0.8858862560905246
0.9077711000568319
0.9385746385453311
0.9769175567561618
1.0365437027514124
1.0623183428385323
1.0834565495342763
1.080534127714117
1.038331460475847
1.0060916314068595
0.9618028433600476
0.9320664555414877
0.9450694968358302
0.9643854895610968
1.0033457832861024
1.0484730317188617
1.052641506041415
1.0417617356932292
1.0139092848901523
0.9667137108143465
0.9520864829840917
0.967318722531769
0.9901102468807186
1.0289427166388687