3.5172549795373835
4.81198754325071
4.204997126497436
4.335317517587901
4.445425120112572
4.329835171953761
4.371936365613967
4.250910839114036
4.538693877448211
4.198876037742111
4.290221149368587
4.52032576689255
4.1584883670922945
4.374476237151886
4.232838463063544
4.463824499119088
4.134366550061965
4.300961652219544
4.268970696295877
4.33733551434629
4.1720362439646905
4.197534475121226
4.218443896506696
4.28561889823721
4.157999741278469
4.1729649317950805
4.054663238766625
4.246902677190488
4.067428506753385
4.249454996633947
3.942004208206265
4.1381706057255325
3.943679492437934
4.080368551803051
4.076368329636563
3.938241992526512
4.10418363186134
3.8081865868746894
3.959407819647903
3.886955614903643
3.7570307079204057
3.990426860862908
3.7619812883973918
3.806175770039147
3.935469861576625
3.6506731464469033
3.761678763839618
3.8246247572220295
3.532537565891025
3.644554006912775
3.7386887250919427
3.4465044899448003
3.4771124794054162
3.6683689835848763
3.4400231841337945
3.281923218130736
3.5066424812667343
3.515647796381255
3.213211147267509
3.1909064141377055
3.4356483715648234
3.3934697764948427
3.0842676883957987
3.024874772119631
3.2718514965854677
3.3599256258629135
3.0947948606933027
2.8259962657132816
2.887107398293987
3.1395145201972974
3.204496652775872
2.9522878253359583
2.6190155597331723
2.511920048232208
2.7016457028331624
2.9888957025096636
3.1055610354040093
2.934397192297687
2.5727664424391237
2.2293745979968502
2.0766024616185286
2.169120744294836
2.4434424863524105
2.7706336888323566
3.03331626467336
3.1724448752491696
3.1684689173139313
3.0121324419696487
2.724779426964767
2.374918981892807
2.027916625137202
1.6984696457745623
1.3849996939217193
1.1130796937245955
0.9034207589380728
0.7379707569331061
0.599075579323107
0.49856467493998785
0.43804417825180664
0.3960556392914458
0.372036971551813
0.3797839428409674
0.4067562002190166
0.4446839912205178
0.5118112269395665
0.601219362071617
0.6950544898413481
0.8102964953092685
0.9378317990395516
1.0441900386162182
1.1413083165076223
1.2136075540529914
1.2222755319435847
1.1932038732670391
1.1233985451223512
1.0133952469060075
0.9281118370940585
0.8746348468436604
0.8804614983901852
0.9554094748023756
1.0343425418076766
1.1004997035268378
1.090193670119796
1.0194771237629594
0.948245425038407
0.9170014960284674
0.9759455232527998
1.041578345397472
1.072403277408955
1.013203712604325
0.9520623205769233
0.9508761040997725
1.0189063650705097
1.0540873054588826
1.0104676231250862
0.9540038576282701
0.978081041287437
1.0365436431829178
1.0294601173270879
0.9663865264585981
0.9775065779544485
1.0284079774237092
1.0232471816951862
0.963129710094954
0.9961615379832999
1.0314580840130188
0.9931100522656152
0.9741880211992998
1.0215067283419585
1.012477538426265
0.9683798249509588