9.42381681940357
7.798092325858524
7.286680230514863
6.88255502619615
6.849528778663275
7.143516009360078
7.368289911172589
7.286384322190921
7.19131846284676
7.315289865360232
7.333537736962982
7.129275507235716
7.1164042149639775
7.2012275499523275
7.047032954632355
7.034269761787889
7.126184961760054
6.991931203895426
7.059999629757197
7.077182669858597
6.982952295515246
7.071258036321499
6.907669430730417
6.900728352809601
6.7430349565211465
6.6708737788649985
6.63315201011559
6.661826842731549
6.744258626852173
6.733989152042026
6.616670915486155
6.461646944041146
6.385743693817462
6.5330640207188715
6.492161211133803
6.385809697012702
6.179055447972071
6.302342713686953
6.358814790101047
6.07273606012998
6.066265219687235
6.194955361490357
5.971430476458349
5.881007250850807
6.039649922752388
5.776177608239034
5.735448615352347
5.885623069570992
5.5306112848729985
5.673647043912689
5.544550560396182
5.462567304002968
5.519182889819476
5.209957968835156
5.4284276178187065
5.084878763586983
5.342441315393355
4.939900828774867
5.182809663389271
4.77433812310929
5.017525022825214
4.687112679390139
4.805664102451659
4.703827328547773
4.491710721961642
4.7344340284451505
4.266119087025509
4.482762056561259
4.394985168515017
4.006241256676703
4.342979457292802
4.128135966677992
3.7430443378995677
4.082545049501127
4.033316018431954
3.494286200586873
3.570450918140664
3.9261598500655706
3.6328739152601366
3.079234335402899
3.1085429463427228
3.560619297984871
3.66545258265158
3.180250210512555
2.583364007625215
2.4140221086332163
2.7587878480892205
3.3138015777385212
3.699309000273782
3.7031310200158654
3.361647825813612
2.8327169334268887
2.2366023269031525
1.66845808852109
1.2120464404742772
0.8715198534244698
0.6182230228185791
0.454599040437873
0.35911024591823143
0.30507275031842757
0.3005267894269991
0.33065016890055293
0.39253625876251913
0.4996077184209643
0.6299765099641684
0.7954693940235293
0.9715599632641714
1.1230811335705706
1.2362671271244559
1.2449915242300116
1.1723327994603197
1.0221677041329145
0.8939445090707707
0.8564248683679687
0.9475359171033432
1.0724783477368358
1.116215565281653
1.0171753115901159
0.9197068913675936
0.9438241560511246
1.0623916924987071
1.0579974771127323
0.9538576135812115
0.9564388012551759
1.0494309157146702
1.025970597331787
0.944518237788913
1.0135508960375654
1.040861446111485
0.9545015474184849
1.0111080362595852
1.027054717803834
0.9611640183621493
1.030524933098138
0.9880883237814643
0.9919492236921437
1.0278260603036125
0.9655093431367744
1.0300758819490294
0.9732340673315508
1.0268816921694959
0.9813976121318527
1.015365447385996
0.9811642199569223
1.0156771772113558
0.9825542401733912
1.023611879710717
0.9801138446312202
1.0242518390724886
0.9817238477831707
1.0097977855310534