10.62346253450275
8.267457280229081
7.409354927723251
7.7096979107029195
8.050977107286016
7.836783677427374
7.846138054271255
7.710707966935027
7.56510344922637
7.903157188676421
7.843658445278053
7.841875778586394
7.7990184034824095
7.568338122639198
7.641147590147992
7.456720288180874
7.601644534965409
7.47110738565441
7.611319846705677
7.481105667935777
7.592966299616314
7.451971269991968
7.517913017331128
7.4014733662156225
7.371177080234819
7.3324486122896655
7.185933461080022
7.204213653535709
7.091014732115694
7.058380601535945
7.139810536289861
7.113950182269413
7.1256484386153724
7.125149238953551
6.93950950113875
6.747604667338782
6.747788933304443
6.849320027559785
6.838756318181025
6.652290843892764
6.484719307355765
6.546733012526005
6.637372122397657
6.426269654640352
6.21122146521673
6.341945026898287
6.3195720970639195
6.055192976989786
6.174581344436504
6.135898384122389
5.838313085707853
6.014202500162833
5.7851897317904335
5.685726914335074
5.784276617104667
5.436248677537869
5.670832125918654
5.289466279406981
5.498567127220061
5.162824645345326
5.3406020252699316
5.008696535491007
5.222694893924446
4.818441032216244
5.109608310318046
4.630487101553195
4.886532849788052
4.57206021974673
4.478321541592434
4.675307198662092
4.170369809317283
4.430737576224127
4.344777434258869
3.847453816702997
4.178957391921063
4.173235656351828
3.5857425674223045
3.692866037749308
4.053999735426503
3.655897919616619
3.11267664866715
3.3082985697067624
3.771602943568271
3.6320165041638215
2.992533703582417
2.5021038677487186
2.5853741515575095
3.13730468109888
3.649346559422629
3.836696457271422
3.5957315374955146
3.0647172191106544
2.420824153962742
1.802148288085099
1.289268887374897
0.9023316334114944
0.6277630405757588
0.4534515631579463
0.3430162929173701
0.2977848063436752
0.2884147720003405
0.3255428275271331
0.3995609029816167
0.5080461023707995
0.6628502528959738
0.8329233953454467
1.0173648404716653
1.1741944893159773
1.2486231171694073
1.2336653088395444
1.1126069389261344
0.9481587601939857
0.8566989902348741
0.8979448617594127
1.0276392620741728
1.115345710127116
1.0606684953685044
0.9355049832599348
0.9258995731975741
1.0406059660590616
1.0699121832983098
0.9637035979299083
0.9528168104229464
1.0543779528765742
1.016031715557739
0.9404800093873278
1.0277971291895818
1.0236067904867243
0.9546324471007952
1.0394099570517796
0.9988739784319456
0.9798114594870916
1.0400692802132794
0.9644278053904656
1.0311076283881684
0.9829934548052214
1.0101445300307361
1.0004682223169081
0.9992127738229265
1.0072202675116293
0.9992124040345686
1.0037293252741235
1.0062937685272775
0.9904607923049843
1.016056213359291
0.97555346051914
1.02062174208783
0.9825444168034188
1.0062857914588852
1.013409486496196
0.9806001906730392