6.402820364540843
8.553233092733292
8.820543876415718
8.096565608556102
8.822093232245438
8.427461164336377
8.3965377027237
8.484572701767428
8.631379652417731
8.316656937030809
8.368392200840553
8.42742490813552
8.584525768545292
8.262686838956249
8.296853008748146
8.193832254352701
8.35543511138394
8.417755626992715
8.253052223842584
8.251625770063315
8.10027474339991
7.960586896732921
8.013845877913873
7.980898649167197
7.893332990921865
7.923186572848992
7.95186164692383
7.870194039873717
7.773531965675507
7.740969180936306
7.720039413131709
7.644137255501682
7.5240734024728475
7.416389099051725
7.363087839167331
7.371299573346217
7.418200178422972
7.454789936994162
7.417650050779143
7.272874451281376
7.075723052731147
6.96150799507745
7.001581166141505
7.056259839088798
6.9170032282904454
6.676725987143948
6.659577564500157
6.778441099814523
6.608595316306373
6.374345035922739
6.502127157203743
6.437867498898332
6.114281921617907
6.242092094488576
6.111615294369363
5.858200301549912
6.083547938808819
5.733375550552925
5.826828778963163
5.658079443370224
5.505273748187123
5.586895900169549
5.301552612190554
5.428432154627258
5.0832760703808475
5.240414215188342
4.978336388109482
4.925161461294107
4.943265769815238
4.579999950491859
4.882575961311893
4.368369752457803
4.519833373114323
4.529071510525727
3.9999443013111704
4.315638762815858
4.270737331669845
3.6508857871622444
3.9034170294647565
4.146506182473702
3.596030052534918
3.1728967130772565
3.5832452439396296
3.898150099396368
3.5011145386015485
2.7690608273508523
2.522410671257069
2.9281312297920814
3.5393413578476545
3.9163697275483194
3.8055040718653275
3.2954887617323765
2.625726833870525
1.9506737728339272
1.3691161991153302
0.9364882033036711
0.6422787597751152
0.45001585645288866
0.3346723498929968
0.28170741918992676
0.28021018809623066
0.3227815107209011
0.4055166399771287
0.5269911706391792
0.6857557057344681
0.8731197998392866
1.0634331982604306
1.2115174957199657
1.266206995111013
1.2001733236922683
1.043164589600165
0.890398512279905
0.8535689081179786
0.9606371679002618
1.0951305527018698
1.0950796294133343
0.964895979771179
0.9057611266168277
1.0117303931472887
1.0782227315758817
0.9750643368088091
0.9371916362063244
1.0476564945964477
1.0232577975584638
0.9442934470501021
1.0374843225997927
1.0174777108774726
0.9573430715756039
1.043435984988969
0.9718806877925888
1.0010023009639941
1.020275949598543
0.9737581943190365
1.0331464439053837
0.962969165491897
1.0345315666394943
0.9707467281527242
1.0298923138254623
0.96864439718853
1.0296399088487227
0.9780856624854578
1.0120959104534413
0.9994791036332921
0.9895604402046003
1.0192829306458602
0.9803955460664454
1.008923925951592
1.0093149309927718
0.9797372778733442
1.0120690572379343
1.0103554347652022