6.131621330293044
6.041903732766874
6.027712939718632
6.018530008717116
6.023598104379352
6.047753480027319
6.08900031794093
6.134975790640852
6.162197286246693
6.142903340766322
6.062166668191514
5.939663121703818
5.837881945485981
5.833690237361472
5.951738471834946
6.108513083994632
6.149418592221225
5.999396407193763
5.7885876009988575
5.746066284686198
5.900626387905787
5.995282677099724
5.858047804818337
5.706603413464743
5.769524394418573
5.8355390298717
5.706298242634175
5.655862175973897
5.745726705758842
5.63220160492681
5.534547968790853
5.6802105264116545
5.54724308043047
5.4043202884761
5.613925889617361
5.407187627476894
5.324208831342
5.527291471274691
5.198449634556903
5.352836582178992
5.2868267144902354
5.115942905377644
5.301599289475701
4.99522994644947
5.208622368264227
4.931614654646362
5.094161307542147
4.854955087016197
4.999342488586821
4.749583405257432
4.923784473382062
4.626140098569566
4.8483732243722315
4.514777916052859
4.729383240540625
4.471458722477857
4.510641174588419
4.525435749241201
4.23066944914887
4.533603547522523
4.133337021865265
4.240145429665504
4.307094117677552
3.9051252836375747
4.156478946608953
4.093577394566126
3.7227464704731497
3.947805564753583
3.983799170174309
3.5666708654374237
3.592520013127182
3.8693500170932507
3.6197560406017266
3.2271225873403875
3.3768566045809325
3.6829226310447503
3.471600823604682
2.9729992791428885
2.8674125901862806
3.2280904712535285
3.5045078525214266
3.2945545978730797
2.759035803510726
2.348308681855243
2.3481071873429555
2.708653349095702
3.1742818879091264
3.492392771638587
3.5349673348893047
3.306550824672021
2.8909256230029916
2.391768409014545
1.8946671835477544
1.4533469880725365
1.0918768673697703
0.813581699487303
0.6104723720201258
0.4704144392857491
0.3815231738875503
0.33432025995438264
0.3224204817875912
0.3423561008663195
0.39287079965703847
0.4737684004526396
0.5842563800814211
0.7207401543973531
0.8742742526919072
1.0284149225621568
1.1589656401292343
1.2376629559732049
1.241365599377673
1.1657269587058485
1.0374000606177705
0.9138430896490674
0.8606131800817436
0.9091578539669758
1.0216831174437182
1.1038696939783434
1.0802995532963575
0.9779323612262136
0.9155238632010005
0.9699622333781303
1.0632128702513064
1.0552040678227892
0.9606693518386519
0.9438570092678913
1.033758257182333
1.0527146921290271
0.9638288840936439
0.9629028734907814
1.0475446377909814
1.0126129780675834
0.9525906536659213
1.0227677031338622
1.0240516111159195
0.9605946786135598
1.0200855994445688
1.011782500151455
0.9702704035806377
1.0293158550408916
0.9851804285474092
0.9976442122964122
1.017071089275628
0.9751434652870723
1.0272057935910905
0.9759046631931882
1.018913805333355
0.988005034687492
1.006133775480967
0.9992743580011704
0.9975735390725003