9.237813037286593
7.33575374862812
7.157898914459412
6.988833071325074
6.808062035361618
6.65094091259114
6.569713656047452
6.595155794957732
6.696925142208516
6.782413555453685
6.76452781176905
6.656701444027
6.577652482839746
6.606937398779156
6.648922928222146
6.547884007854998
6.355114290356673
6.2894689845248815
6.366059263824926
6.386115939201314
6.373007611861385
6.469574320819097
6.460336839155405
6.224103134424618
6.1403910743829835
6.247558096219159
6.265551682690992
6.270634791742891
6.12705762280109
5.965627767371293
6.16134434625101
6.137340902117417
5.9276036407473685
5.913388364218014
5.99820459535137
5.9463156921364435
5.6949376439874255
5.915813208007492
5.772766507379596
5.624839484475142
5.745728900558237
5.6379811167769525
5.472199138951061
5.685209342002881
5.330248269291754
5.532697124402342
5.342554059006711
5.293377663568561
5.3644062313640655
5.086961288337855
5.319205851742022
4.954424276305862
5.195042518355434
4.866323017600497
5.065843833239572
4.735856879386645
4.9681668425971095
4.638248373682034
4.747684804936841
4.6679770782278505
4.474878801677505
4.655112280737929
4.263826481130062
4.529157937536407
4.313689999140218
4.078890768210265
4.39237044378067
4.032856817968617
3.9320158034905215
4.211802740647407
3.8257060572951453
3.6209931412238543
3.983613254029896
3.851209431756966
3.3683970346195675
3.464354533589097
3.79879605975626
3.565020376481276
3.0354922213881803
2.970750970898536
3.3695289971148115
3.5853129802949923
3.2604421846990976
2.681314830443509
2.3547314747954187
2.5055015568165753
2.9745308286496415
3.4362180772430992
3.641106697430633
3.5152474367865287
3.1262554483049394
2.5997724007582916
2.051722483588172
1.5577425341862685
1.152116390081407
0.8404500816331212
0.6139609781272094
0.4595678445948548
0.36473675028938884
0.3186118758902741
0.3119106874803064
0.3376939344842707
0.39330118485824395
0.4810277932402453
0.6040656057201027
0.7580216527540365
0.9252086230004242
1.0791375352278085
1.1942675131052396
1.2475099852178604
1.2164671933760278
1.1001543301198868
0.9521953455157117
0.8631807394804362
0.8850316669878006
0.9903040097832799
1.0957477476170225
1.1020536685354212
0.9927492230094983
0.9089432572555507
0.9651474491929931
1.0624981077038647
1.0542381718250906
0.958350900952753
0.9476050565528512
1.0486714582242198
1.0346099635551504
0.9490522980254158
0.9950612048235902
1.0474084283548895
0.9755267150717581
0.9768175387277548
1.047332303427891
0.9703593981170462
0.9961560373695143
1.029466253623247
0.9672682272764886
1.0203065933666695
0.9995251190931721
0.984749972957275
1.025257850520131
0.9725958357000261
1.0260059928281227
0.9776196848695317
1.0201156694968547
0.9813473142148841
1.0189638140528996
0.9818031124081613
1.0170800552470591
0.9844407013449769
1.0167880940088592