12.37757229907365
8.759190331660552
9.61635079208659
9.003255656278062
9.416366874187739
9.181689205648265
9.179307608664272
9.357377094702588
9.03789582238573
9.277872666960926
9.202707555204498
9.014255860320471
9.203444978254833
9.152277240127685
8.956083858402422
9.027870202981777
9.111622111829897
8.979998215688504
8.842161202998257
8.861618847265854
8.929236064420696
8.90393876056626
8.788677652406083
8.66925964941387
8.602675627536602
8.586306151801905
8.588401124690584
8.581488752586235
8.554407399200349
8.508675643213714
8.450969235650787
8.38793878885325
8.324180176891518
8.262019948939109
8.201755096690217
8.141613923399316
8.077364883266322
8.002192343878933
7.9082299850062885
7.791468788480736
7.66009169383219
7.540886007897371
7.4711786852806945
7.465953298964615
7.477643871886095
7.4090116940031985
7.222774665831904
7.044098054096084
7.032632630504761
7.086794674588407
6.934888842594278
6.688471405744555
6.71279551898498
6.747375034938591
6.450296890921638
6.390337769091354
6.4823698282289355
6.139460143575985
6.17331335951407
6.141210943604815
5.816889232963754
6.024262517857629
5.615044226763184
5.783965296349564
5.465463558694516
5.540742885150427
5.275894461883536
5.35233473917601
5.017001234212294
5.224101335431695
4.719345440984
5.066636244439097
4.553218609859091
4.654187149880073
4.678442489291382
4.120740272908428
4.496785616570796
4.306339295200463
3.744842336206629
4.117113444435444
4.1925422088543245
3.4858394866844193
3.3321951818143356
3.865615603223878
3.923619490705883
3.223043009697036
2.61444863267584
2.73707349364809
3.3753788113333765
3.9203081225824197
3.980136309719441
3.5504622611320493
2.848317428969664
2.1056465908805606
1.4673794818022052
0.9857847454208166
0.6549783214890926
0.4457322687425578
0.3269317003961686
0.2747894010796766
0.27483841671932874
0.3206351169736446
0.4109897040119766
0.5459403746722015
0.7210278209718206
0.9200519422287528
1.1088709187465255
1.2366478432389978
1.2532526622907791
1.1452818050396358
0.972030891310472
0.8565800969674003
0.8964708207844082
1.0449905591179856
1.1201317436598985
1.0220042716951359
0.9093668378572066
0.9746631835756554
1.0817987775734004
1.0064507982772533
0.9316936510373486
1.0360392337521063
1.0339942748519921
0.9427463478628528
1.0326690015104605
1.0115455657930628
0.9608320871654249
1.0466384586605995
0.9640119228716238
1.0212867589504662
0.9941075820332244
0.9961233601507992
1.010640768900588
0.9877095297430122
1.0120009176024751
0.9921771276750961
1.0019983209472747
1.0070626072012223
0.9837083761463165
1.024534500382172
0.974009300314797
1.0182798059789933
0.9994186985848864
0.9826167465699365
1.022694473514609
0.9931497220570791
0.9842215161701777
1.01875824175753
1.004996643696658
0.9802607741880294
0.9993950494033398