6.24081407161112
5.622251226107541
5.523290404103156
5.428916009388027
5.3947794154387925
5.488039555408244
5.683939775530522
5.840099129491273
5.813780410846589
5.634887024216621
5.514551162607182
5.597542419037591
5.737489811631136
5.68195494071114
5.4920906515468575
5.483734241316319
5.648008643559242
5.616691123572475
5.411519929339887
5.442553470377926
5.5658757074033
5.379531753678435
5.252681164415554
5.406611529602189
5.296199404757504
5.164100395152632
5.378145411905457
5.284870915139265
5.198874424695979
5.362987841777238
5.098521492992695
5.1239885832494325
5.162726935050134
4.995447158941084
5.226903976354896
4.958205858191477
5.041706575638117
4.9214935437630105
4.933172374072933
4.985774534691323
4.792125864894194
4.886767723906016
4.709646590368549
4.884471069215996
4.609798568773909
4.747326494235788
4.592349698678199
4.654042500674548
4.520596256490561
4.499174265978536
4.56764436627733
4.27721174336366
4.55674835665497
4.206183805984716
4.349318588009648
4.302665360322915
4.057300863219788
4.326188761227457
4.014089248490712
3.9942068445074685
4.201104423700661
3.788883309318705
3.896238410492576
4.039593136381805
3.6706213450183363
3.6500520715973277
3.9133956642980467
3.6512725713757304
3.3529739558245177
3.610852034383059
3.726766680462288
3.3460680329898693
3.1029522500497952
3.3507224817341057
3.5825285849332453
3.2898399755850454
2.877724825563232
2.785562782641875
3.124796623486142
3.3840233386313736
3.242078099807435
2.8069483804619932
2.3578607303289245
2.251435694891089
2.496219938672027
2.9013718849202967
3.2957748501504702
3.4743522642910425
3.3743102161769687
3.086479361783725
2.673720745496875
2.192852855062471
1.736292001794751
1.3535179021489252
1.0376388160751069
0.783772359486767
0.5984039434580376
0.47501351333291814
0.3958174917539345
0.34870197700905403
0.3315561238114334
0.3460981839565699
0.3923005805616429
0.46678591248124746
0.5648967444442757
0.6837956603748326
0.8213457172936454
0.9693998773523624
1.108101411676841
1.2088231145869768
1.2454284410276593
1.2068753015711045
1.1055211680177592
0.9790135674452478
0.8822546125603755
0.8644833668147233
0.9360078658261309
1.047825121793203
1.1139844906898408
1.0787528236197828
0.977552570054755
0.9170421685988122
0.9642210809708288
1.056268970323383
1.067143038615104
0.9830273083801947
0.9371762296849007
1.0036805784503817
1.0606911874664444
1.0025576889266756
0.9503665647218541
1.013488551920565
1.0489069099991604
0.977784892764731
0.9763489438488628
1.0422085109212282
0.9970963599292202
0.9653197981122493
1.0293477127640305
0.9950590635767705
0.9723984609839229
1.0340564229107876
0.9871991761178989
0.9953902177933998
1.0244081414575439
0.9687139019482116
1.0193633745652697
0.9917967976396951
0.9993281009107887
1.0155875357570106
0.9774708935941941