2.909132272865721
2.907931582626462
2.9043336247615015
2.8983507203336485
2.8900033461979704
2.8793200478692516
2.866337318019438
2.8510994410861774
2.8336583046082997
2.8140731780370865
2.792410459902337
2.7687433943401327
2.7431517581135005
2.7157215193781656
2.68654446956258
2.6557178298442485
2.6233438338126405
2.589529288012446
2.5543851121592276
2.5180258609126147
2.4805692291795602
2.442135543001722
2.402847238156668
2.3628283286718186
2.322203867512977
2.2810994017653803
2.2396403394655215
2.197951745463047
2.1561572722451805
2.114378968725818
2.072736655411296
2.0313473974696503
1.9903249894874437
1.9497794544156157
1.9098165591912721
1.8705373494987092
1.8320377060996305
1.794407925118979
1.7577323246186858
1.7220888132487333
1.687548837797425
1.6541766358426266
1.6220292285204625
1.5911563424294666
1.5615998919086183
1.5333938369150149
1.5065645107975962
1.4811300769427007
1.4571006456558473
1.4344785388609487
1.413257962698585
1.3934253701146335
1.3749595625726518
1.3578318964426423
1.342006535325081
1.3274406918200528
1.314085190085751
1.301884525662213
1.2907775060466633
1.2806976653311952
1.2715737689970223
1.263330353951813
1.2558883009724653
1.2491654363814577
1.2430771594552292
1.2375370917409851
1.2324577441474773
1.2277511973792894
1.223329791006926
1.219106816210536
1.214997207007643
1.2109182245790033
1.2067901291460554
1.2025368337324918
1.1980865340656526
1.1933723088446324
1.1883326846250832
1.1829121596492886
1.1770616671248735
1.1707390577010657
1.1639093800898483
1.1565452473956876
1.1486270623435055
1.1401431877733585
1.1310900437834743
1.1214721287468243
1.1113019661318977
1.1005999503998432
1.0893941572043375
1.0777200266703737
1.0656199920590548
1.0531430260867438
1.040344112851945
1.027283647081042
1.0140267770259594
1.0006426693374861
0.9872037358801907
0.9737848010799766
0.960462265891552
0.9473131640541619
0.9344143260726672
0.9218413279798872
0.9096677291645363
0.8979640798137114
0.8867970277729222
0.8762285004825161
0.8663148962888726
0.8571063250151282
0.8486460051404046
0.8409695729001461
0.8341046438908416
0.8280703950859946
0.8228772688143426
0.8185267902758468
0.8150115039743874
0.8123150329568949
0.8104122631314775
0.8092696532098496
0.8088456542692956
0.8090913239963033
0.8099509106007837
0.8113626916660739
0.8132598406778877
0.8155713974004071
0.8182233151369189
0.8211395706791126
0.8242433212539781
0.8274580914711577
0.8307089721891223
0.833923812386465
0.8370343845729068
0.83997750402809
0.8426960822355826
0.8451400953006983
0.8472674489144422
0.8490447225567586
0.850447777118652
0.8514622119560046
0.8520836595524597
0.8523179084414234
0.8521808477877825
0.8516982300207198
0.8509052510953939
0.8498459512922382
0.848572442881088
0.8471439744212583
0.8456258448716196
0.8440881788471154
0.8426046136159451
0.8412508422761016
0.8401031425020914