11.473803417810785
9.76472562452805
10.31156530509738
10.01744904552511
9.877080282728764
10.370841154916267
9.80898921200646
10.08023021682103
9.940822031136475
10.199773684806093
9.79606133366066
9.922685219001885
9.908373872928559
9.905844618058858
10.033227861978716
9.700513434095912
9.774074868871866
9.74665158281413
9.536744794957235
9.677434995521388
9.722950648277436
9.514702025139682
9.483740812477626
9.600314846052825
9.545464944928694
9.343069251267803
9.22090956422892
9.23503143594819
9.266362238990363
9.215149555075165
9.086877972018659
8.944875020108219
8.839027112265315
8.772953376789292
8.712972369198633
8.62704499404721
8.526810516900888
8.45812408276643
8.423152131230854
8.348025174478046
8.205310988532306
8.094621938238264
8.04984654575789
7.965782367255723
7.899005134628147
7.944982177655823
7.916308244032663
7.799681979803037
7.6442701748254285
7.371892210967777
7.3118983742941595
7.3688634741446695
7.349027918992152
7.086835194283773
6.855673766829999
6.98129777849226
6.914095113400248
6.553907800203482
6.593430173830661
6.609627180913376
6.226068424150812
6.324761064818926
6.198792960083273
5.913933360716432
6.095133749091884
5.627868661065761
5.901100247445391
5.387930453344444
5.655885371228269
5.174211333500031
5.458010009443985
4.8679717340060105
5.2493071450104365
4.697503429160755
4.862419050176788
4.761706654644494
4.244823803546187
4.692703055300258
4.254907601413877
3.8752040768227123
4.381814605803401
4.101238770169586
3.400036953673985
3.6422541485718756
4.124738241720224
3.7272432115347343
2.894334723862228
2.6574546560345835
3.1888878137370478
3.868672484912758
4.10567904291607
3.7671266106631283
3.0627395486271967
2.268840544514695
1.5680983117995317
1.032274530489604
0.6651371382414055
0.43975168875809845
0.31765623298945317
0.2643229824125768
0.2635702250624481
0.3153669727207181
0.4173401789344676
0.5613043791423217
0.7471165366693866
0.9628099132716069
1.152585825838269
1.2560251398021594
1.2400216849619314
1.091974577904908
0.9088202146154637
0.8516589753829804
0.9559564303765077
1.1077804594394225
1.088467624387236
0.9404626083988764
0.9255837644899996
1.0600716992853567
1.0507791907114832
0.9300900971251581
1.005211351065005
1.0578975116878053
0.9415042033077509
1.0219865397040344
1.02168570965067
0.9550259039624148
1.0510290917789542
0.9587650936376714
1.0277947173035489
0.9860251070260131
1.0089241461860745
0.9906212001344805
1.012188004890496
0.9877148747577686
1.0186623419053318
0.971388441034285
1.0307083333742122
0.9774120219911225
1.0131543908776361
1.00823917422171
0.9742744526665145
1.0180074602183757
1.0006665469574263
0.9780955405829139
1.0134255731785133
1.016033166474493
0.9856001286170443
0.9897550098150847
1.0158150284234957
1.0172718087273858
0.9964236065732242