0.6328081917527495
0.6355680517115337
0.6438595607416564
0.657716433413166
0.6771880669760272
0.7023297509873441
0.7331897412308909
0.7697939328460429
0.8121290148970449
0.8601250929659255
0.9136388224482687
0.9724381000189058
1.0361893507562745
1.104448088517065
1.1766540763810334
1.2521309022752825
1.330090904049898
1.4096453859147924
1.489819734126635
1.5695739261698602
1.6478262570946791
1.7234818591085725
1.7954616057265178
1.8627341533455093
1.924346921055707
1.9794555271520025
2.0273518414283793
2.0674871370242522
2.0994910041849857
2.1231844849578314
2.138586866090528
2.1459157101790636
2.1455799747791904
2.1381663495386247
2.124419220495046
2.105214936553126
2.081531294315271
2.0544133633836728
2.0249369358926224
1.9941709941096522
1.9631405015237835
1.932791843887266
1.90395999752064
1.8773417482972963
1.8534742161672795
1.8327190652364815
1.8152540422833146
1.8010733354210466
1.7899929375743224
1.7816646658904343
1.775596694363153
1.7711786382317516
1.7677123476360748
1.7644454234532714
1.7606066963577496
1.7554420604849523
1.7482491421749544
1.7384093307232351
1.7254158074296857
1.708896377607236
1.6886301311556489
1.6645572220829141
1.6367813552302783
1.6055648870977384
1.5713167736245481
1.5345739170131818
1.4959767621343223
1.4562402572209874
1.416121496970309
1.3763856238971317
1.3377714027564327
1.3009581740560423
1.266535879404367
1.234979514871762
1.2066288545769428
1.1816751673268442
1.160155036044586
1.1419517746003434
1.1268046494210533
1.1143247904768736
1.1040179242053791
1.095312136087316
1.0875895265499411
1.0802200949090712
1.0725960874071432
1.0641649918855463
1.054459402682853
1.0431221163916717
1.0299250485019222
1.014780873917952
0.9977466770449273
0.979019331675007
0.9589227892365173
0.9378879382046371
0.9164261172035648
0.8950977895224975
0.8744780779154998
0.8551215079098775
0.837527646672364
0.8221101235286532
0.8091709325006293
0.7988814837460307
0.791272056623793
0.7862302091676728
0.7835084889466157
0.7827410800648495
0.7834684389046798
0.7851684142580142
0.7872918703448637
0.7893004701103037
0.7907040615352469
0.7910950635307927
0.7901773818402803
0.7877876986852925
0.7839074592061536
0.7786644967754234
0.7723239553715762
0.7652689733103302
0.757972272256919
0.750960653724938
0.744774924803327
0.7399280198701857
0.7368649133690253
0.7359269237906152
0.7373238383154451
0.7411157971879269
0.7472069610991703
0.7553515444929711
0.7651721011773789
0.7761888528179423
0.78785791089142
0.7996154295359146
0.8109241280339575
0.821318299389286
0.8304434174976064
0.8380867865326569
0.8441963307726095
0.8488855602999507
0.8524238992959136
0.8552128371422291
0.8577496497734132
0.860581623462577
0.8642546817117697
0.869260967635045
0.8759901878690146
0.8846893821092715
0.8954350124428313
0.9081205636666815
0.9224610164947783
0.938014431113979
0.9542189481334112