16.784082962212203
15.496000044434183
15.343770093585494
15.383017975998449
15.049827525676127
15.23435010422546
15.531286082751325
15.290053869761568
15.475680329805861
15.170746255588218
15.267597290965584
15.030244751562845
15.147572230356426
14.935643057763079
15.077019932720283
14.944207527046037
14.93300984124409
14.94306069150124
14.672709402045623
14.519726873139263
14.479857634367873
14.441036289291299
14.4241202115456
14.2956086351638
14.109022956447024
14.144996165244715
14.096445216235852
13.74671806359683
13.750170502749913
13.676198595413332
13.401036528486943
13.517178588937435
13.164160006674692
13.263251047528701
12.913377530273
13.004478992212924
12.63542015358805
12.75086770976061
12.452717471973047
12.394422659492763
12.360322267938232
11.956600987386665
11.911440158826418
11.908037329687613
11.597644702512438
11.343822459472037
11.33610445575537
11.314720846762429
11.035892638039238
10.738763921795524
10.537675034890324
10.342680073116851
10.27507045292791
10.11840040394328
10.02420637420771
9.82873189072996
9.689651919125685
9.446768479538576
9.249408706588714
8.983374014128238
8.727485587469566
8.574894659555316
8.48226626767149
8.46538652698986
8.354613671247272
7.966034971863923
7.584538223182296
7.611597683087046
7.626092474866937
7.116547223330644
6.956203486106855
7.100245885861997
6.470011981393936
6.554126357268443
6.340136457444136
5.952217619946787
6.11431962906213
5.502454905963946
5.760619627653738
5.203561908910177
5.21937700732411
5.173340471386879
4.43640479191677
5.050034422674971
4.352700628157147
3.835643741238153
4.581632462203136
4.285610762216413
3.1448707826898445
3.0444961721230137
3.951894829634681
4.563691543431736
4.26671581268236
3.2878780918919395
2.2144508196141253
1.3430065947815426
0.7735619333116507
0.43976519004616704
0.2776691859497558
0.2162104524698689
0.23566136509475244
0.3142181970311164
0.45879845075457665
0.6703751310364531
0.9174554207993022
1.1591332598222739
1.2819974547428687
1.2077491937126068
0.9945135833813138
0.8428563917732385
0.934124715083629
1.1150806428254665
1.0602059972025155
0.9025159051505827
1.011129024188494
1.0770729793380238
0.9250541906265541
1.027638885648755
1.015750223012809
0.9544976757384507
1.0519572067003486
0.9444946507444025
1.049338363715274
0.9505349205947909
1.04028476368532
0.9676843715916931
1.0143316054329543
1.0137133213399394
0.970427520293331
1.031795721203787
0.9947753367700083
0.9714520741024604
1.0215374580356715
1.0210006268033012
0.9800108377618346
0.9785189844425021
1.005344891515447
1.0209376304194613
1.0209395707246833
1.002201766862462
0.9900612482770536
0.9827329494094293
0.980006043344114
0.9814272829681204
0.9815160871166813
0.9818665052677893
0.9840467704234882
0.9832666284961603
0.9924481515499586
0.9994337705961279
1.0095451184297666