13.722767534623385
13.94006182838264
13.963573646213705
14.136018987882787
14.37748714664612
14.40561426042032
14.170616580485012
14.07202156861937
14.225907476766514
14.128087942689701
13.880097229212826
13.92595808866882
13.742448487738663
13.620583331198718
13.797093265925742
13.720797547710003
13.82344591213385
13.465513677738585
13.473205281141441
13.451140770404919
13.532373710975426
13.147583812367714
13.272590480056301
13.250876654541536
12.902011836714065
13.12260165221447
12.84449479145666
12.757382092665909
12.746628575847652
12.607205106898098
12.510776240705383
12.342579415689219
12.258773182692533
12.281342494570149
11.98467035802683
12.072527195813876
11.77065423547328
11.608028577372501
11.669343686320717
11.39809548038123
11.174579270469469
11.21216262049791
11.148526140531937
10.878700845304447
10.633750332377337
10.54400983262577
10.536255207589736
10.494890052925106
10.368172800836126
10.17042332909249
9.955330473567708
9.77767464224236
9.636481040291699
9.477762519626662
9.309361811537107
9.207588660148552
9.120363371719693
8.958364448020381
8.789825186482915
8.52867550765278
8.1862278764912
8.00966133053929
7.970865606489975
8.020062958748522
7.703835739694079
7.314575898540932
7.2964866182195145
7.364904008097069
6.820595227245733
6.771905506197378
6.84106588321254
6.218582070789437
6.498860636847155
6.009799019478338
6.002332061112764
5.7542776214264855
5.6508841053109755
5.37105623800603
5.428081037552635
4.806791908492511
5.298877710779306
4.44890535374071
4.641146213383735
4.7995539073823705
3.823582878681208
4.027373457338179
4.556510315399152
3.7856310566628206
2.90046468216107
3.19490348001328
4.101563751216477
4.49538861911119
4.028313837911813
3.058936559781644
2.055975025753359
1.2721600999111404
0.749633306539851
0.4392258117989761
0.2816458394769872
0.22720443647262284
0.24025119501130268
0.31204850569319104
0.4502195050891645
0.6464646021398553
0.8823532357045744
1.123191102519215
1.269126701810495
1.2387495810252747
1.0556887599733114
0.8612412742128199
0.8834230449967859
1.0658594540066082
1.1171810474419106
0.9437327166218563
0.9335876260796948
1.0818679584255986
0.998561415255081
0.9420913301308003
1.070171721399716
0.9569747884252879
1.0149789129325733
1.0076657102537494
0.9813527547847504
1.0278965906484105
0.9733164287617591
1.0174354919930162
0.9952560820412986
0.9934298521095483
1.0275672237200193
0.9637388763024213
1.0246794619727224
0.9989736457673415
0.970824698191275
1.0208867291369228
1.0127737268367387
0.9744451222979055
0.9884103634291468
1.0193693155791814
1.01694869198413
0.9925209682929099
0.977332733965202
0.9811904945053949
0.9952554859766378
1.0081341594218276
1.014187877865718
1.0149210170751668
1.015801036162731
1.018402351379385
1.0175142778787782
1.0126800968094072
1.0107553347684748