22.46535695098363
24.92079137136799
25.55384324878403
25.935003004808788
25.585462504834396
25.44223379027225
25.639456777254964
25.300097281692477
25.469270478222775
25.256389527144574
25.2549327130982
24.907305711925254
24.858361195519063
24.608604601776154
24.824490917033437
24.709053435483032
24.238489015626545
24.321666326048884
24.33412044164309
23.93182275422325
23.96329962191107
23.527766285388545
23.603755677773453
23.214654211240433
23.299837152952833
22.881218737782724
22.80827902362261
22.657784135958188
22.224251756737495
22.100360736190048
22.062248383372552
21.813291117520603
21.44574583777954
21.104168500727216
20.894250797425684
20.77485254245852
20.524761730385446
20.26437369691478
20.05099768757093
19.677081491657706
19.412461662610337
19.00882057058663
18.795292051339636
18.568041197130807
18.456645071943587
18.080501939370755
17.555896432235297
17.440390634202565
17.26291232852058
16.657523571583603
16.570045904219175
16.15882325579459
15.892044626093796
15.59918296972141
15.288621112076026
14.875151413017134
14.771464122107185
14.14735170447518
14.039724313827522
13.79486085658303
13.19189908250897
12.866761840939267
12.759318841971396
12.528273299695744
12.12057177068374
11.638878044147072
11.2086807500011
10.868900366207896
10.512950787410361
10.191844872865785
9.912323024336372
9.666679146060451
9.533790158802862
9.360965771186034
8.98853974702264
8.34816236472016
7.918084395262049
8.073708236870642
7.726430774304705
6.915357353487958
7.228404791161841
6.552903658242482
6.351518292324529
6.177401327942809
5.719357309734066
5.448303294944133
5.547568312732377
4.355306089299279
5.260622871092773
4.606336695968794
3.292918359728061
4.01544421319269
5.1033568725671286
4.75087100941468
3.363561780444527
1.946287955758339
0.9788824958181985
0.4672582104454022
0.23932153834233114
0.17467929011134528
0.2107503984206684
0.327605988951914
0.5357346879043815
0.818877613413801
1.125469063486489
1.292254774702209
1.1931496802524455
0.9175193711365939
0.85027028345481
1.0851298434465966
1.0845859080971059
0.8893364654241623
1.0579414980498159
1.0074106898594868
0.9667259631235854
1.050179343175217
0.9546724282843917
1.0328753377775513
0.9874284547854711
0.9792047168332711
1.0439882878831046
0.9594735206024404
0.9935230955974583
1.0423350550816475
1.001001846401998
0.9656501884972856
0.9801493390811944
1.0109316922961804
1.0298631658286164
1.0295866850944355
1.0227739952579942
1.023038771335699
1.0199581600832635
1.0229419245778153
1.023241898953141
1.0163159694602328
0.999588978673893
0.9832874332455213
0.9840918467236456
1.0127304332693867
1.0134790702215415
0.9840405111725784
0.9995607432153779
1.0148896249578656
0.9838622532035706
1.010961140634922
0.9895135433844913
1.008383497726628
0.9916558966090515
1.0128905145705849
0.9885977996194608