19.053684015640467
19.994635650016942
19.885386047368343
19.36579209108009
19.792209261438774
19.940482668313336
19.68485142948735
19.849160599964673
19.446504215441973
19.62974077969524
19.339737341740005
19.40414998998373
19.386691326921767
19.154694735197236
19.360992876060823
19.233915039499912
18.97508702553298
18.960181962697014
18.905509606834634
18.730368089003978
18.58242956091666
18.418037603147763
18.266027109456463
18.292534912354785
18.225043937840216
18.03130843368927
18.00118460189411
17.759901857236283
17.656449368092485
17.396298735080407
17.22444648670544
16.92630526480954
16.845565092089245
16.71093915657122
16.688480947400677
16.452202689345913
16.04055030000327
15.989184021866558
15.971668228295428
15.527327805457405
15.395465768715232
15.266811141416657
14.892743133747697
14.955443092064987
14.484013686199136
14.53904485917801
14.047297663801245
14.074102538826274
13.679049338121235
13.471362608864577
13.420056556223258
12.933606239680898
12.749325300149417
12.6967902736797
12.340295547649292
11.951062382925784
11.767784079043286
11.660656025176753
11.508431999036828
11.306557069144498
11.007588040509466
10.69609010651185
10.454416793338153
10.17683232927935
9.989148307312163
9.780116606663817
9.613534799456275
9.346230694083442
9.001825620408802
8.513555481367307
8.215153247931926
8.223774194323955
8.162320598319546
7.608233642393885
7.244533763979116
7.4540183904331645
6.8557536631003915
6.596856217675331
6.739128962586184
5.9216503815354296
6.368018634808843
5.387287654272245
5.925843688657086
4.961155842116281
5.232631500794233
5.055566269709179
4.078045676559708
4.863210046978017
4.570964858493784
3.2542353789370693
3.3813415449515674
4.494066338587243
4.844676046906693
4.022809717361903
2.7295019737352963
1.6130388012905439
0.8623262572985492
0.4498858450484565
0.2570066562128387
0.19433918507166617
0.22163848590093058
0.31890819036312795
0.4957320773758916
0.7405695144991558
1.0263280712490965
1.244474091259688
1.2718786987725572
1.0740483097700473
0.8509441289425446
0.906866124265356
1.1176671760087908
1.0512767116459105
0.8933300472822984
1.0535027256274785
1.0317445642775174
0.9327043113082147
1.0724351532330756
0.9337603871917732
1.0571971669630364
0.9481726492365967
1.05418447541127
0.9515999801690908
1.0399350914518029
0.9897289168989127
0.9763266507203728
1.0380039558929168
0.9870319601560131
0.9680438573835813
1.0178899054494999
1.0317952606167564
0.9981880301681145
0.9718155086056093
0.9765159416401598
0.9936785127206228
1.004588684156555
1.0151772074630072
1.018915270148916
1.0163837922697658
1.0178854809504567
1.0090530907177255
1.0043241052861251
0.9891303787257845
0.9842065778750048
0.9855434681811357
1.003839945737003
1.0179939393401476
1.0003753592515203
0.9846627462012163
1.0046311331927593
1.0115191687625886
0.9854146002920541