14.87849801373951
16.82403701163358
16.826170276352578
16.362329057336105
17.061330986554513
16.458150492420117
16.57021259414881
16.6265439151787
16.681128430777953
16.607871965303367
16.238257820818767
16.331390094544645
16.438159667797965
16.326276308581907
16.31534379654049
16.372552375673436
16.31254886864111
16.158903689059226
16.0225941554463
15.937746473959857
15.866337580851209
15.760522573450245
15.603553282773044
15.431880462884529
15.327168201822214
15.330069581017193
15.318319914782665
15.102918434068101
14.804964108166397
14.763505617610408
14.751708499908887
14.444106772851097
14.423190350811817
14.40765303341446
14.001385852052561
14.063641117289542
13.75764198151213
13.796133717551484
13.416194022719807
13.479522132315964
13.111742242460023
13.147670141361411
12.813934054272016
12.700374120392741
12.662341629834538
12.218713639695334
12.217189729077575
12.120974584027666
11.823301258109206
11.489769181451331
11.44402487425148
11.414894179060607
11.199060350152765
10.943812114563077
10.668423999137667
10.379443481174544
10.142368583692319
9.956625286800532
9.771951058177445
9.566172349882068
9.356191146154261
9.173351624914938
9.044078391962076
8.966244549669716
8.873405589651997
8.641161955900028
8.229765363667395
7.8726959701237185
7.860581454924646
7.893986091481241
7.428599125859383
7.080798691701289
7.299131966290928
6.812054712598582
6.511361257986472
6.693331604068217
5.9618095353576255
6.350321074977056
5.521841861526427
5.974392511532192
5.077478637777135
5.603472049219026
4.762982178204484
4.869208720241858
4.999598515201372
3.9326435281854333
4.389785781840736
4.680714113690343
3.561652515245353
2.975821275830147
3.769650952357383
4.6029477459662465
4.468703617386803
3.532939356390056
2.3787568887326236
1.4245314003425948
0.7967967408324643
0.4428360107682901
0.27026532664679914
0.21139196413824132
0.23076399041271725
0.31649601101012714
0.4696974000522471
0.6898179282103685
0.9525445437685115
1.187383336972208
1.284192817422111
1.1699760355852038
0.9357165226091887
0.8382103483887344
0.999152170724952
1.130951350470006
0.9820423275217167
0.9103287702377348
1.081015917456871
1.003795792663233
0.9459734465106882
1.0699908871303374
0.9381909515099217
1.0507427924787558
0.9643521836202679
1.0306846401748893
0.9685923029363682
1.0396539968682867
0.9559226356409564
1.0401650103240778
0.9821276265591486
0.9864009408851548
1.0331461459567541
0.9866655112552145
0.9744646025241058
1.0244228121058359
1.0203704661207758
0.9846241809319132
0.9761663440098712
0.9905036158748219
1.0133323578518565
1.0250527584487792
1.0205539102259245
1.0127184836769203
1.0091480694220152
1.0079677754448713
1.0072893080876095
1.0080182974555933
1.010934152314635
1.0144523106732841
1.014568463224719
1.0071743022848316
0.9933901497201548
0.984105289067192
0.99214121255884