2.376508017069487
2.364988230189634
2.3313206858454345
2.2780822687390128
2.209252126990538
2.129781422289821
2.0450710272828814
1.960423218642492
1.8805347204183482
1.8090902763709809
1.7485008932886354
1.699807572254416
1.6627483577634248
1.63597165430228
1.6173453496513523
1.6043207840836944
1.5942922421343984
1.5849094421782706
1.5743064370774598
1.5612299885407042
1.5450672539903454
1.5257886147038442
1.5038329467515672
1.479968107781102
1.4551578256957547
1.4304603529000453
1.4069710228165202
1.3858085328203762
1.3681340773863244
1.3551806093327696
1.348267619017783
1.3487786054697173
1.358085855981442
1.377419257287667
1.407689669393911
1.4492906746777803
1.5019115866881916
1.5643997914600998
1.6347066768514076
1.709942457561259
1.7865507508946237
1.8605931000420195
1.9281177088053485
1.9855684759124028
2.03018003627787
2.0603030182529856
2.075608843837182
2.077138060659102
2.067176881634963
2.048970829542977
2.0263084724879348
2.003028452728071
1.9825159916772501
1.9672595823585448
1.9585283615564641
1.9562230631143775
1.9589164129496979
1.9640848714116015
1.968496983905852
1.968702979086944
1.9615559887523515
1.944687826745853
1.9168697852986856
1.8782051165263218
1.8301246390978667
1.7751865126015494
1.7167103889834343
1.6583017739064965
1.6033378134030085
1.5544933464975006
1.5133798628104087
1.4803492404999472
1.4544944930260872
1.433842823647071
1.4157112163350598
1.3971658262312217
1.3755117607441583
1.348734573739557
1.3158227599693224
1.276919926192936
1.23328319694172
1.1870563797199254
1.1408971700243373
1.0975219441876807
1.059246471507846
1.027600405178738
1.0030823879586939
0.9850975275816254
0.9720877091715725
0.961831147059676
0.9518573107859936
0.9399022463608615
0.9243213889877738
0.9043840103880247
0.8803945798283844
0.8536180282949588
0.8260226238954861
0.7998888794587935
0.7773596776793775
0.7600186920329572
0.7485805743516781
0.7427551874834666
0.7413146342917065
0.7423513701184262
0.7436765174357409
0.7432776227229243
0.7397410473303773
0.7325495316884684
0.7221898844106187
0.7100448262981998
0.698089019664815
0.6884524454747142
0.6829452781269012
0.6826493341987696
0.6876693061084027
0.6971034299873
0.709244897205711
0.721972480194347
0.73324355766668
0.7415759465203369
0.746403909057876
0.7482199368901238
0.7484624930215155
0.7491701914164061
0.7524807784716565
0.7600943645360935
0.7728335497683723
0.7904136250659474
0.8114870963217413
0.8339592768304023
0.8555019613834148
0.8741381688392867
0.888747561840424
0.8993572279279757
0.907134122964102
0.9140718308338788
0.922446174310148
0.9341797122501495
0.9502854911999444
0.9705452824313103
0.9935188436610841
1.0168920680628348
1.0380774031161861
1.0549051246279977
1.0662122016023932
1.0721575539258197
1.0741651339229565
1.074500865561455
1.07559695755473
1.0793157668017086
1.0863702554882952