1.8479967266552377
1.834997796300108
1.808373946027115
1.7961192626785838
1.8210343387478238
1.883048565471887
1.9569304592407568
2.0064505996477218
2.004789587618245
1.9477758971343353
1.8529861786861082
1.7481568265204979
1.658622659005606
1.6015482805997343
1.5873056932134526
1.6222489239603668
1.7072815502906418
1.832240997797273
1.9718018906861143
2.0890980629021976
2.1479557772558513
2.127854034031214
2.032998747659647
1.8903470411769199
1.7382541031388985
1.6124716431833463
1.5362351913920005
1.5170915289622309
1.5488107770550232
1.6153687593030623
1.6955569038359433
1.7685939435386715
1.8207256685405675
1.8505409368012182
1.86923277843797
1.8938007612145207
1.9357261091301898
1.9916377360342272
2.0423663463149713
2.06194027279179
2.031630958752847
1.950700632423585
1.8375316125130183
1.7208432833886789
1.626496290674184
1.5672455454777656
1.5401119757083561
1.531302435429205
1.525025537975098
1.511742705150739
1.4926871018606171
1.4793192189091702
1.487958078313377
1.531368189593575
1.6107936488467933
1.7128676717145268
1.8144002865319664
1.893828528319139
1.9432166924381025
1.972864431133932
2.0042829448054005
2.0549974852116737
2.1250997983082502
2.195396404366058
2.2394431079718733
2.2416308612669784
2.2083858316751703
2.1638892152909572
2.1329033619027395
2.123105009858369
2.120098683606785
2.0989774156119108
2.0437648836160736
1.9599509781212223
1.870560567172455
1.7988976762734907
1.7514298602932872
1.7140709622525427
1.6644954550553193
1.5904650979298232
1.4995533805127326
1.4127639876908993
1.3475896299712926
1.304448225780575
1.267397484488163
1.2181195040021882
1.1512805627385323
1.078504298235063
1.017989185335468
0.9789401234561527
0.954179974582353
0.9270377500925543
0.8861866398793804
0.8353130773998252
0.7892541042547423
0.7603389445462871
0.7473618149938731
0.7370941637003399
0.7167452797140926
0.685744055641913
0.6559070578797025
0.6399549842248721
0.6393427322709795
0.6430432783887898
0.6384334373890593
0.6236762384141865
0.6094206303405391
0.6080641343218072
0.6212293125774564
0.6381006585452238
0.6464776023248996
0.6453821554133244
0.646154966211836
0.6606251705786915
0.688515151588479
0.717462810358347
0.7360128183888296
0.7459477873196197
0.7605081845424203
0.789948787571245
0.8299078613369213
0.8656194937436699
0.8878695969502648
0.903194838813689
0.9265436933753871
0.9640671680853797
1.005380156632957
1.0345922909938565
1.048042923888065
1.0583142487414763
1.079329843121862
1.1094762769727984
1.1327288870454588
1.1370256395725693
1.128361521517331
1.1234833050990707
1.129537434641274
1.1352751007511297
1.124903615527673
1.0978690489461993
1.0699982617158517
1.0542820334879208
1.0453413575690516
1.0274148123666285
0.9958191210772283
0.9641566935993998
0.94766308022701
0.9443617652356984
0.9389900563895411
0.9245862390511238
0.9126576144778711