1.443509448869889
1.4763490067147695
1.590035151162317
1.7931445523431724
2.0314358439929205
2.2009168211018
2.2303464700684463
2.1411293075306985
2.0181160489403025
1.9305631924704507
1.8906391739371862
1.8767403707214656
1.8723075067193644
1.873907955453379
1.8798999258656879
1.8917901815262386
1.924155418771715
1.993895566713533
2.0895643396597747
2.1602609492929066
2.148415990029331
2.038157747391347
1.8714313165743381
1.7207340090419774
1.6485585564523626
1.6820263474545165
1.805123351956636
1.9635657797601822
2.087568731569341
2.1311932532864906
2.101386307803438
2.0460305246116315
2.007565698568211
1.9866876654969792
1.9505620532445416
1.8726740428367894
1.7628856006966018
1.6637032070178606
1.6225558206175072
1.6626827793836148
1.767973380234301
1.8899252156995026
1.9778102046779091
2.0149853586352147
2.0287399139663393
2.057898644562149
2.1065806198337476
2.1338482068000344
2.0938178567601016
1.9845120811844155
1.852925037651314
1.7521564530470977
1.6969744551264354
1.6610244008547097
1.6124222310141174
1.5491322363428133
1.5022731966685605
1.5076826058980093
1.5721322972252076
1.6645027348638428
1.7426907923871549
1.7938954175122057
1.8466221259871105
1.9359920063224565
2.0568501222951268
2.1613407550624415
2.2102589213777475
2.2187473833967766
2.2367203980977464
2.2843357626080674
2.3242731616909524
2.3091535811469903
2.243934646494066
2.1804491954389853
2.150154426056311
2.1248005727015338
2.057861401832155
1.9498359748458765
1.8481928823395004
1.7833074480764524
1.7298707118848367
1.6461778433755594
1.534208565705458
1.4360101049479108
1.37395375898467
1.3214103785092042
1.2441504999331228
1.1502712344339145
1.07653333820716
1.0337714761843952
0.9928301522716247
0.9299046818599199
0.8615841282083985
0.8177502128105715
0.7956861908076953
0.7658067877377744
0.7183320895484296
0.6773818916931671
0.6615656293037357
0.6546495784775507
0.6326451251821045
0.6026201688515828
0.590176626028674
0.5968179171517346
0.5978836508514932
0.5842351243081992
0.5774956386458542
0.592904119210899
0.6130393518910363
0.6179403590284657
0.6200000310841645
0.6423855746862215
0.6778565428983891
0.7009558393838531
0.7132919696937686
0.7410046569702482
0.7872619040538742
0.8251993967390905
0.8459754815048446
0.8750081983683786
0.9247086523981554
0.9697015447450336
0.9922524927113738
1.0147558598410578
1.0568962954155743
1.0965220955551662
1.1096218219715148
1.1150455268073685
1.1374610151591462
1.1583964357681809
1.150953200288449
1.1319006188609027
1.128629011283205
1.125356670647616
1.0958021736414065
1.0574545369585207
1.037896013913299
1.0213855734350747
0.9849661855721796
0.9493310474028626
0.9384575163712162
0.9325752373551374
0.9136367676563124
0.9060829797530989
0.9249268934966525
0.9430442336047261
0.949316032721133
0.9706182458363541
1.0083838967430854
1.030186128212408
1.0368167506557961