2.2474683116570393
2.1903191166666827
2.1216916801368884
2.158436602653892
2.2220673406524205
2.1874181569477416
2.0803092724926375
1.9983792406216752
1.9839340372025411
2.052741918951386
2.1981962455541946
2.3209552623309984
2.290894834211811
2.106292681787311
1.9036642187884611
1.8264262159905709
1.9327831282700567
2.1640980509330032
2.356213240227884
2.3586139380205897
2.182257268907174
1.979612099377773
1.8834517817674004
1.91234695805874
2.0010570084507875
2.0723994782199306
2.104282777026514
2.142272756862239
2.213816160720715
2.2533369800113356
2.1748167330774617
1.9981619926369023
1.843080178475727
1.8089647022708966
1.892938028006638
2.009332067540979
2.0788354209326614
2.108377586260289
2.1596690225399158
2.230272220508141
2.2299392739534984
2.108704972843175
1.9409317073835188
1.8355366138199267
1.8132864095219503
1.815220228209257
1.8032720507072917
1.81525380980994
1.90863928334713
2.06033552078367
2.1690162496325525
2.184194117309793
2.1694311179273074
2.1830699698659317
2.1724988250258415
2.0685965693475894
1.9147811194309083
1.8060330140903391
1.7503785507103304
1.684357968445719
1.5980026556208191
1.5585911795540877
1.6048755728477377
1.6849883263774177
1.7388087131680297
1.7950105928172961
1.9129695093955799
2.0589361779159785
2.1484998093203034
2.194760764187062
2.2761749493214514
2.3716814475638004
2.392522508520187
2.3581189836357135
2.3562319024508285
2.3626511880331003
2.2953809593161743
2.190898366359584
2.1298212312215674
2.0719210627262727
1.9520247944357645
1.8248007139479403
1.7474098400735742
1.6623235752411951
1.5321643863151595
1.4223561304270407
1.3552456069725365
1.2669499389166607
1.1552947320574565
1.0812046107675048
1.029785049651211
0.9497774136429199
0.8716309430107069
0.8325343272013105
0.7909441580140881
0.7273189512718735
0.6875723905677891
0.6711199695208222
0.6346616502253072
0.5972750151250235
0.5910226659553207
0.5822619871287522
0.556408826465527
0.5531504579908804
0.5657271497476518
0.5587811190568929
0.5585767308896366
0.5851342163882589
0.6002999866035472
0.6067460052111446
0.6413005477207078
0.6777462924085599
0.6947107003247813
0.7324812272293454
0.785425734756604
0.8144863017622597
0.8508260398592508
0.9113839346802772
0.9496641369166384
0.9789069697563841
1.0346451386184716
1.0738554615093217
1.0888573667413555
1.1260920218396284
1.1543829252019255
1.148086322792896
1.1565291146274432
1.16410243526412
1.1340215440832535
1.1130848227719339
1.0999507365885164
1.0538339629338154
1.0171738431368544
0.9976583357840643
0.9546744724339066
0.9268793941465815
0.9236801225275558
0.9047774473715904
0.9063316369409656
0.9325322043379664
0.941867999721415
0.9698510551752787
1.011751511267515
1.0263001451585019
1.0518854312882475
1.0758090533060194
1.0639442996197443
1.0613286142326257
1.0497626621012928
1.0104324936379407
0.9927105887936041