4.0082466091009925
5.092940194560139
5.136003125701118
4.950080611860823
5.1112096669134015
5.06674819558166
5.031418120533213
4.996551287460731
5.041522202484002
5.101019658133519
5.005898148836973
5.000496726303705
4.981852169223158
4.930090280396098
4.94633378615542
4.974625229805016
4.953943495559114
4.915317504256564
4.8940179355387965
4.885961631418227
4.876399972554145
4.864695685824914
4.861576334262929
4.871041428931689
4.873571658887069
4.8376854956283735
4.773628000795956
4.752180230650066
4.784562200138309
4.753967272506383
4.670719163763679
4.684783092997235
4.654367877286155
4.582547074240835
4.640442126085217
4.551794323215457
4.560542862841425
4.4865761950503495
4.515280442710273
4.429864157336917
4.450337785461884
4.364411127629792
4.38580432666784
4.326259629524667
4.266501562678523
4.296920733489236
4.229585210769268
4.148165158309016
4.160775462490521
4.165207439266848
4.08379636096871
4.014856809851063
3.957462055203854
3.9402800540562724
3.942554199476409
3.917544911310077
3.880338132616509
3.8493505975283027
3.8151840786082953
3.770257297012094
3.717736549634491
3.6588581500087427
3.5887316288004474
3.5066587980369244
3.431092057267998
3.398031820238954
3.4171862187263407
3.416158665134446
3.306276081018227
3.178575415334971
3.208032465788805
3.2154967322756156
3.0311772856010966
3.052453484622247
3.0610474877874245
2.858625143262802
2.9842279512323175
2.7500945765977365
2.868680974608854
2.648569074804322
2.7739849865144777
2.4973165141696803
2.705164319344067
2.397740818981696
2.461119261619222
2.532447526716779
2.1587538536508575
2.2680777281268534
2.474537195047921
2.12501073286885
1.8003952437708386
1.9745337714301108
2.3735169721332174
2.527389362919524
2.302834133389951
1.8645938160180524
1.3985604772296958
1.0084668254489382
0.7299773499459467
0.558615397288487
0.47728693648682025
0.47418073919919984
0.5458208263110924
0.6891586202524709
0.8856637607885184
1.082696988928187
1.192771327426277
1.1443544298595987
0.9800142587886965
0.882533646384636
0.9763944763383685
1.089632669959426
1.0050239900367117
0.9310167051024697
1.044594350330139
1.0160219184558346
0.9554329781007298
1.0484866244833848
0.9628376712711606
1.0237000401627767
0.9874307377819429
1.0109777577547683
0.985822677008004
1.0210339859931608
0.9736736333550212
1.0277070089751854
0.981807979010725
0.9983847947998401
1.0212747305563896
0.9808320461071031
0.9943162168454747
1.0183247210575241
1.0058526981970153
0.9833597965124716
0.9876325290470055
1.0060623488660536
1.0139071078996114
1.0137008121840736
1.0079233081847498
0.9995471376824866
0.9948260309772043
0.9942975604137985
0.9948224515175013
0.995530774818757
0.9977001627811218
1.0020618781391932
1.0073285201282915
1.010062402619504
1.006442624294773
0.9970974746633686
0.9910536690627738