4.806587767801912
4.658171621803188
4.6412935911262725
4.686988193220624
4.745346444178489
4.70984916447716
4.626148194596742
4.645868276952013
4.687364977647037
4.62854535790961
4.647756848630171
4.674415350305189
4.607506485725438
4.627942624616941
4.542948946991622
4.545850230632245
4.533648659232075
4.589474364182709
4.550597354191542
4.518396365914245
4.4651499065898435
4.542981172046346
4.481094428543317
4.421074719898978
4.496969628090284
4.415911432553595
4.388772616869664
4.432501921729769
4.353268324833741
4.38381975843625
4.287084952806542
4.350891416125747
4.269059478714662
4.313342005649064
4.2346988514474635
4.219939609669153
4.219242408524687
4.127712010227077
4.1571909689187505
4.135535069136152
4.049645811695299
4.0532846708678525
4.073176664831933
4.0188534336984905
3.949306641515748
3.9288758557619508
3.938353017610664
3.931111930691354
3.8936197272966298
3.8451025929362364
3.8017210253739386
3.7551378152323878
3.6996902498245015
3.6592363087966695
3.63675693650444
3.6001904306771713
3.5743669233565014
3.5714007556125917
3.5463152154688333
3.5280391497155574
3.46546782211649
3.373319897920946
3.29742455566693
3.2894335474362633
3.325021394018721
3.269130081915748
3.1280326465763504
3.1353460781089915
3.1695286443633726
3.018064253733039
2.999511749313097
3.03646426108658
2.8449417029172284
2.955316572576284
2.786715738356987
2.815200322131606
2.7167984115552692
2.726578224644638
2.5996403469302756
2.682218701941645
2.427177907277232
2.625116124133456
2.367702636146046
2.3472651607663573
2.5099791679341568
2.179957205830011
2.1236164043436005
2.394569792565763
2.2645502332424057
1.8629611123328287
1.789172732920942
2.105761673435388
2.421932489856147
2.4414009258409606
2.161763071444849
1.7403013635044284
1.3218951813426463
0.9768098629735982
0.7260954642374184
0.5699169592039147
0.49240530457846327
0.4811215459618074
0.5409000923926954
0.6656290668591923
0.8399568623765463
1.0344940630843147
1.1686719468469513
1.1801770565458911
1.0551967799529574
0.9110688521624447
0.9090260013606396
1.0406127467514839
1.0797386732288186
0.9653004561732931
0.9505200561706753
1.0589307033872057
0.9944110833398849
0.9624195004812326
1.0492416605907293
0.9658671785784364
1.0158680675021252
0.9978002000249737
0.9953539164265135
1.0102118063102183
0.9921592212191696
1.0008904206812035
1.0056933177846383
0.9840607269767707
1.024358812692226
0.9799115474662511
1.0085681649744058
1.0141599157205743
0.9817162206893667
1.003504776810113
1.0187474967537906
0.9954313885073531
0.9849684408521934
1.0010401540079241
1.0141564022095784
1.009698499623436
0.997395178298105
0.989376162743162
0.9881122192733418
0.9897554694934549
0.9920018859280538
0.9956871900348178
0.9986869403503387
0.9972803205399793
0.995441869593189
0.9949512063960184
0.9907867568746234