3.9874472490263533
3.319176165441483
3.1871319886575344
3.0618799422305223
2.9894620579365747
2.991241577130252
3.030324558268161
3.0385534938316012
2.993140917091517
2.9531539632928974
2.976667016208677
3.0179214136860004
2.996315085592886
2.9524716829245845
2.9746810784943327
3.0051276453479
2.9717326986296935
2.973408356909179
3.027278215402829
3.015450390506467
3.011143860187926
3.0405003500266607
2.9806915370364453
2.947409047882812
2.934461163495722
2.9004993892578157
2.963394041124675
2.9625242375857126
2.9533126953114226
2.8965348691976573
2.8589088815983423
2.9090282461854784
2.9153962259746793
2.88514107793029
2.810393163630262
2.8657737527736535
2.8726541036474593
2.8091648428617124
2.7865817215979836
2.840680143985603
2.7896284422205797
2.7307727821000154
2.817114299344366
2.7226335455320037
2.7147765426638415
2.7704307181554735
2.647669071678999
2.7250210618764403
2.6697900158233354
2.6329611423580297
2.67732007496486
2.586508598429873
2.650968493332839
2.5328345410520017
2.6367142761039313
2.498903538498222
2.586813929192443
2.4563962299996285
2.5647652173089077
2.4304163968187855
2.497459612582011
2.4130478860715003
2.408585173806589
2.449881846988668
2.3148939973297002
2.4290226390846614
2.3013672904269464
2.2763730781719835
2.367014686950358
2.19945692966399
2.232766231890008
2.3169819943957446
2.1415546407165023
2.126721476043783
2.261527435467358
2.1496061261139934
1.9877288286329275
2.0821037605595083
2.1939822398259916
2.0575108476486155
1.8629282287890174
1.8862319058772965
2.0603167437042726
2.1186560859604637
1.9567532476348817
1.7165075384393875
1.597994165369092
1.6777070407106613
1.8857527433486767
2.0919797181736723
2.1935702128265406
2.1522857264681328
1.988130616963075
1.752313697859139
1.4968971252195507
1.2551532744572917
1.0413089694415647
0.8628090189412531
0.726677850577191
0.6335524233181382
0.5753756204233852
0.5474808603659517
0.555329902323621
0.6005166616618016
0.674584123312465
0.7753111471837009
0.9005451235722439
1.0243894387874488
1.118465186269611
1.167375814827723
1.1457837186582762
1.0591801612881724
0.9624256918212502
0.9030708590931
0.926392118776497
1.0134573356629155
1.0723068326468863
1.052432896430489
0.9697272012946909
0.9423220537821508
1.001409831569216
1.0528754709264319
1.0084547677714424
0.955109774608792
0.9980783879874527
1.0408385380509537
0.987364155970518
0.9723953508699521
1.0273074641157929
1.006321873598445
0.9700846384965606
1.0251956923524408
0.9989502851913942
0.9800090370274032
1.0271173690231197
0.9807530152009403
1.0048612003764628
1.0093215797751238
0.9825868249250386
1.0196268748395274
0.9820939979951246
1.016716847219438
0.9838293455203643
1.0147394809777959
0.9887252756194893
1.0100780393705628
0.9876384440941038
1.0140886587289046
0.9873686342544223
1.0133068238643352
0.9853564729903923