2.3424962938180087
2.428435286949798
2.3704054019035183
2.335925317536127
2.4429221233640206
2.3559133758951147
2.3071208241726815
2.4776059627718263
2.3330147281226967
2.3122521743980933
2.446185964006572
2.3357331044692207
2.378050264779277
2.3181633139569127
2.3842926052677678
2.3971022938162325
2.2974297461702986
2.369522068599753
2.307676987845191
2.4161774747171942
2.297325612373441
2.3540863289178584
2.2746166632095046
2.3677695234697804
2.308541170681639
2.3629553218645887
2.268054637019579
2.324045534305245
2.245762320225901
2.3410457099371538
2.2567362472271197
2.347599093413641
2.2421317497123954
2.302886215503126
2.2308600493800617
2.242414963582344
2.2578165063304936
2.195986292426867
2.286597069457803
2.190623457559155
2.25288352119775
2.237748799704219
2.1728428202784036
2.2593104223223115
2.163820004629918
2.171612541467519
2.2231982639851955
2.11105971958113
2.158787446843838
2.1864703817370303
2.0745882092774064
2.127579553308441
2.1651475194597185
2.050665105323543
2.073540543290531
2.1503919421130275
2.055469499449684
2.0017850262088746
2.098066528138927
2.092894266691202
1.9682400175539592
1.9670368125156936
2.0627075922997467
2.0305776252267145
1.8999645709701047
1.883338992622828
1.9881449661918085
2.0211371356021592
1.912675977278559
1.8097191891196525
1.8424210813985098
1.9474591354395185
1.9714892395689092
1.8674201023847523
1.7335783699682739
1.693055114600635
1.771346825101634
1.8858777462845377
1.9333240175393038
1.87218136050755
1.7337284238306898
1.5878463810292143
1.504155680171041
1.5207429459970137
1.6301551971761277
1.783811880434077
1.9174824204522183
1.9942013098007823
2.012240962789615
1.9674177736173386
1.8547211835346318
1.702739468377243
1.5438847640732014
1.377447813408004
1.2098867743911463
1.0663219556804382
0.9438260688676225
0.8321750505120021
0.7465307613495294
0.684852990118514
0.6340502082585919
0.607134495407584
0.601823907557218
0.6075333504073553
0.6390216544398204
0.6880665201878612
0.748236884381727
0.8313691977457199
0.9154612482846887
1.000115888881886
1.079992515674707
1.1263509307654087
1.14988388445761
1.1300859838389161
1.07648430995827
1.0112521399898944
0.9429200980029403
0.9159726153058363
0.924024836835499
0.9783254096955806
1.0349304599257176
1.0679585413293493
1.0500939521022812
0.9970150661266657
0.9532862995694363
0.9539238495092652
1.0008061558869508
1.0414973547146924
1.0354157127943056
0.9879977732699987
0.9604607894587126
0.9884840460777611
1.028941322022794
1.0268090161206163
0.9799790715081157
0.9743719049318341
1.0090046159094601
1.029043692009078
0.9909101694656486
0.9748135133533488
1.0124391129056634
1.018856688483538
0.9865141565925095
0.9856567039351412
1.019392306488036
1.0045598424704358
0.9783327087239504
1.011359738998187
1.0117529105344256
0.9798503430841715
1.0075013675649214