1.801909610642291
1.8016398786210839
1.8008310542534411
1.7994842523484735
1.7976013299899993
1.7951848851326284
1.7922382546226316
1.7887655116299563
1.784771462474071
1.7802616428225697
1.7752423132379538
1.7697204540445248
1.7637037594840426
1.7572006311256898
1.7502201704929843
1.7427721708674755
1.7348671082267122
1.726516131271679
1.7177310504969572
1.7085243262553833
1.698909055767489
1.6888989590253187
1.6785083635394848
1.6677521878783728
1.6566459239485392
1.6452056179663181
1.6334478500717307
1.621389712537651
1.609048786529477
1.596443117373308
1.583591188294203
1.570511875529478
1.5572244872060408
1.5437486298080676
1.5301042438345225
1.5163115523912643
1.5023910252078574
1.4883633410016448
1.4742493482000696
1.460070024041357
1.4458464320832909
1.4315996781601783
1.4173508648388786
1.4031210444362379
1.3889311706721736
1.3748020490450703
1.3607542860289545
1.3468082372051382
1.332983954454511
1.3193011323504003
1.3057790539058358
1.2924365155187758
1.279291856045065
1.2663627714301118
1.2536663491647526
1.2412189905901292
1.2290363418354244
1.2171332933107266
1.205524004131063
1.1942212123787583
1.183237428301676
1.1725837613509726
1.1622703453909338
1.1523062466052298
1.14269938806123
1.1334565983494536
1.1245834555780732
1.1160843361642168
1.1079623706588524
1.1002194226186108
1.0928560721155747
1.0858716041662768
1.0792640023482056
1.0730299478564398
1.0671648051942828
1.0616627080659335
1.0565164645546752
1.0517176534383392
1.0472566354014397
1.0431225888166793
1.0393035520657035
1.0357864724273613
1.0325572615216398
1.0296008572551063
1.0269012921691412
1.0244417680457862
1.022204736577934
1.0201719858610088
1.0183247324126965
1.0166437183758765
1.0151093135082
1.0137016215100096
1.0124005901910924
1.0111861249263863
1.0100382048019088
1.008937000805127
1.007862995369459
1.0067971025409606
1.0057207879972168
1.0046161881143898
1.003466227248975
1.002254726776301
1.0009665389935392
0.9995876190918953
0.9981051500924395
0.9965076320894899
0.9947849703854011
0.9929285556791435
0.9909313382825333
0.988787878269007
0.9864944149976531
0.9840488950214603
0.9814510039367794
0.9787021827005832
0.9758056311224947
0.9727662981092717
0.9695908583334415
0.9662876750994586
0.9628667492894344
0.9593396543856924
0.9557194576881691
0.952020627970269
0.948258929946114
0.9444513060542032
0.9406157461960131
0.9367711462018836
0.9329371559291627
0.929134018027693
0.925382396378036
0.9217032088086151
0.9181174312797397
0.9146459195985859
0.9113092278591577
0.9081274117313856
0.9051198211751634
0.9023049598947797
0.899700277480631
0.8973219900550313
0.8951849268688437
0.8933023713820287
0.8916859179364396
0.8903453350737843
0.889288478979013
0.8885211561323696
0.8880470704263183
0.8878677577903826
0.8879825478850026
0.888388547532447
0.8890806466117909
0.890051546922665
0.8912918142848297