2.7237909390581954
3.780434586532772
3.502543639436501
3.6881697211176157
3.563444976031074
3.6197816920463604
3.6251603467801736
3.5577602961207653
3.6441950880798353
3.5722681837610186
3.575076044355762
3.620141328417987
3.562588962738454
3.55528708201488
3.5930758121491104
3.569754719227449
3.530986627398324
3.5383776800851168
3.557770015989859
3.5460739069747587
3.5138848977578006
3.49194146158964
3.490409183760578
3.4979940202261908
3.500199418275409
3.49083721477043
3.471954827785506
3.448816168584044
3.42582762347595
3.4051039848513325
3.3868442453550545
3.370276082550789
3.3544512032753904
3.3387197038905208
3.322980292247056
3.307829801649005
3.2946172042675794
3.285209494922066
3.28109103313055
3.281499737389319
3.281118505059593
3.269628668709774
3.2369317346734294
3.185149626335389
3.138048357054243
3.1278044582535225
3.1536883415751076
3.1596258186046455
3.098289059976676
3.027467159902361
3.0426071087389497
3.0782851141577954
3.002234504979752
2.93436574563667
2.995480279492949
2.9559061593827454
2.8554867871061944
2.9300255983192742
2.8598634389669706
2.795658970807987
2.871308919041564
2.7203124719073446
2.8063107566353516
2.695769325000364
2.7186687339175015
2.665945825380925
2.6473671976934345
2.6093502854762733
2.603397192419457
2.519877019783744
2.5876260736601044
2.4101852252920994
2.559411044859045
2.3602622876168966
2.412581604347177
2.4397329879161336
2.2215634450325537
2.366111669589135
2.338063096123997
2.102935743031957
2.218110175072973
2.3170425205132004
2.072915441359106
1.9327603551583838
2.116684567186239
2.2437366113233352
2.052238489930521
1.7548601062383133
1.6707394554746078
1.857647324137584
2.134759656752129
2.298261215716573
2.2598936867433435
2.0476057093139293
1.7418067405684974
1.4195098147221916
1.130316400483095
0.8964248025030982
0.7221932719703092
0.6038919536450581
0.5362653338514475
0.5157729127146761
0.541233117751188
0.6123156276913837
0.7259233319239098
0.8707451224973992
1.0217897678242904
1.1395808609356235
1.1809910327183906
1.1253212863847657
1.004567693577313
0.9056298908897004
0.9124560071200808
1.0132784529721002
1.0839362431133575
1.0300663054364572
0.9406768271534104
0.9692995683932245
1.053151935349875
1.0160617287454043
0.9508442131871708
1.0150937616287616
1.0315893399915401
0.9615106817585537
1.0138726337686927
1.0166259851723152
0.9688766412765497
1.0301170368401342
0.9812504644757081
1.0064838545817978
1.00407332616253
0.9897458395908936
1.0138522971015138
0.9854699878962483
1.0140077350751002
0.9884560922230544
1.0079461688602935
0.9976887535684927
0.9956918685726324
1.011278919996128
0.9845232647978546
1.0143873384069744
0.9939015939033369
0.9942402000779009
1.013346297406293
0.9913360779271617
0.9951409098597133
1.012018964572047
0.9979065620125604
0.9895539882293369
1.0041462939499899