8.392761762310776
6.942384273298713
7.178420445282565
7.070528002426144
7.021459738325608
7.174096915557294
7.041626561692025
6.982247422597958
7.078333587227479
7.114315900473454
7.056699586254182
6.985758499497685
6.942127051457349
6.920269660782352
6.905446290474054
6.890259241855152
6.875306902001582
6.865691354247215
6.864911627979948
6.865383075867415
6.846024530522818
6.79548878493326
6.742769435760018
6.726988691389696
6.719071853177515
6.659742860910064
6.624655968373479
6.617447646158363
6.53633591149652
6.5511116403333745
6.45458475564932
6.469468720657831
6.393262845033222
6.337529525475906
6.355264461487295
6.264790865877519
6.181234661217982
6.175664924574255
6.169508833639113
6.118957682235741
6.04362668585239
5.968895070618287
5.903580493074573
5.84726455406186
5.799154101575785
5.760044980969299
5.7273501379630565
5.685941428956017
5.6100636093075655
5.501114103564408
5.426056138896978
5.421942037821757
5.363395155651717
5.235336140317026
5.23111564103861
5.1446535078348905
5.061880579424043
5.031983361510974
4.922368711289344
4.88136531452132
4.819096275080583
4.689959966997615
4.7062608542832205
4.597330770665416
4.461152099365753
4.437847730360918
4.4254123276432775
4.346653461992058
4.228754785010454
4.113368903533909
4.014064404942691
3.9277364764580702
3.8515429587017778
3.7901248873147257
3.7525068127745573
3.7331256102772117
3.6819661788626568
3.528149155698006
3.332162813588965
3.3177339346885697
3.3750421191132074
3.115616834752158
3.0622547895557797
3.114192528974457
2.787018437707848
2.998089488494277
2.5861855277620798
2.832181013185132
2.490032761007663
2.422571288884771
2.6905697970613107
2.1490010249378577
1.9607254471775002
2.464153846580026
2.740002149816552
2.4062465917936997
1.7677512435350327
1.1728527608964168
0.7585539301816522
0.522092390799791
0.42629241072758695
0.44774151270232865
0.5806851550748447
0.811750737046439
1.0725133366407151
1.2137895409155732
1.1113947934915533
0.9043279676832044
0.9305706719859747
1.095435600575054
0.98738646953341
0.9560227345974446
1.0636258863210493
0.9425673065831421
1.051592366341792
0.9540297686368937
1.0433914772306134
0.9673875468549892
1.0102297797520197
1.0209628323260382
0.9697822411028839
0.9985839579672633
1.0277390919542118
1.0088729324354386
0.9832438726904794
0.9767499847733988
0.983153209517232
0.9910695774386611
0.9953505878728438
0.9952103104166546
0.9913399694146701
0.9857930455239275
0.9835436405336454
0.9912922979461709
1.0076797897165755
1.0135444700330998
0.9960140480548495
0.9890144744057374
1.009806518662595
0.9996846596751985
0.9933546974694315
1.0093097194807896
0.9905218838834929
1.0090965041793805
0.9916294551497333
1.0066521160678208
0.9974871994101648
0.9963154422759285
1.0075003579906532
0.9976356207349011
0.993434198157093