9.65212067865599
9.961460921560764
10.055182374391967
10.050265769957598
9.92545683243543
9.984333117441098
9.952208200473681
9.872534487835505
9.852262273045865
9.861194954770502
9.831906137945577
9.8271394532766
9.800253933126438
9.720140616231745
9.703697861143896
9.696552654234512
9.70418183176517
9.63410272560948
9.616501441252264
9.584674715672497
9.502987123961661
9.411724535245858
9.359369362747925
9.359938374676952
9.311523930976653
9.200806901238629
9.206186390175644
9.114561324458295
9.101145955517191
9.004932951059919
8.97610586810092
8.852831168489923
8.824814678281342
8.772917699375318
8.700263018030544
8.570275175494164
8.506153527864067
8.417418767140186
8.339806476133992
8.272413759429421
8.184297546920074
8.104529684693144
8.054868670183367
7.991012585548321
7.854008487734689
7.752761238545744
7.726091047052946
7.5607883127135205
7.536047351535524
7.388388131676423
7.362124262680266
7.175605611867289
7.1298206328131375
7.064005505651043
6.901760170168641
6.777541575618815
6.684141658383975
6.606486502519416
6.521267454111432
6.4047986690310355
6.283221318606337
6.152758843753933
6.02572944488952
5.950755029106646
5.9047657242247285
5.7417861494257325
5.578252283498908
5.575837027571943
5.3491438244435425
5.3389737855331605
5.102005631409938
5.117769996151821
4.904768919943024
4.769894162255464
4.767659992329167
4.636785713863364
4.439751488031702
4.264625988585362
4.134549868257227
4.003811576054601
3.87775878730845
3.7745103061666816
3.7273373001986942
3.727176840887017
3.595161889026794
3.253214818044992
3.232944393046178
3.2793518874855723
2.8145255580843913
3.121913403805255
2.5130345088647914
2.8934362336426127
2.49026239738644
2.06737388112372
2.7129906758473954
2.908294816723378
2.2466225734046614
1.4074440000136494
0.8108012930292798
0.4929653372943286
0.38541870841992637
0.4405877461997711
0.6463021857097686
0.9600161408647458
1.2071342279614812
1.1418796666050917
0.8903581852245055
0.9707928708980428
1.0918763681774402
0.9159497387493001
1.0701874583417563
0.9404811260513087
1.0582974686083264
0.9610536498381453
0.9962056190740353
1.041304805386515
0.9921891992653157
0.9667792879485876
0.9788893043328265
0.9985060339404142
1.0086284659582816
1.0075776543905428
1.0017801996325553
0.9907585719577268
0.980696221771117
0.9889475992031576
1.013592079324169
1.007973148998902
0.9833938780615531
1.0115250423843554
0.9952182242604671
1.0041727458954968
0.9948320141706605
1.008854292511939
0.9883610655047215
1.005175879149541
1.0083804487931767
0.9955842074780499
0.9891381321384568
0.9948492625898055
0.999104433045745
1.0008768603728757
1.001516273756665
0.9980628182375981
0.9928751760825121
0.9919605415615608
1.0000549989462864
1.0070506600816416
0.9970645319161557
0.9961444082327607
1.0055052426625952