7.1957031932943405
6.065102535395605
5.974132899896986
5.9240042235741885
5.935863011380995
6.011875610807632
6.06143269957025
5.99561265730554
5.925193076636799
5.955543577734011
5.9169294628647995
5.90865770990432
5.976607971526284
5.8427876371238305
5.916710933449221
5.8592104640745974
5.867603598918122
5.817174891968307
5.8407268995896855
5.794568588619589
5.753386985999714
5.803369307071211
5.712482990031951
5.6955729033158065
5.68504545793789
5.694031461867776
5.664060614599058
5.58293210464022
5.533867607657737
5.522415180581987
5.5053612026314145
5.470149179754998
5.427440341327294
5.384824743152445
5.343857584931821
5.307863693730526
5.284984667771605
5.278599012552877
5.268011368690933
5.213796472855805
5.126679544955181
5.098914580051746
5.123818402046753
5.04549057347899
4.966881290395619
4.9835835707000085
4.875921196241229
4.892035994314097
4.794622543550639
4.783605757007865
4.7040608499278616
4.698497844600349
4.585876708573671
4.602411324783551
4.5243169710781865
4.422427849240078
4.457364375926233
4.389386351576946
4.269109839154043
4.2175107874971784
4.201783735089928
4.185623972927716
4.143908390692912
4.071972527598433
3.9907094982992173
3.91904166166789
3.861681140383011
3.816453691297275
3.7792382372446607
3.739252156208269
3.6729665217157543
3.5575558543521573
3.419498099408326
3.357638245196118
3.401188459112356
3.348645674365276
3.1393562129724115
3.152220759509029
3.1771582348321035
2.9130803521724595
3.044735861138281
2.816871450213291
2.876755718833435
2.676514769995794
2.783340017314532
2.4516681493581265
2.723338800797729
2.3473559215676287
2.3134333431289815
2.589267159955608
2.196869456359659
1.8517187506532884
2.1638158047224096
2.582187462073912
2.559292638208286
2.1293052250439195
1.5703841480798149
1.0849210621538652
0.7431770246268491
0.5397467187932327
0.4499840236078192
0.45753278059173624
0.5578237206933475
0.7440711162169422
0.9788047847577445
1.1678104988762044
1.189060708445043
1.0251540625964983
0.8806686153688654
0.9688620250300511
1.0957037584612914
0.9826938556099322
0.9510186436184513
1.065920407420195
0.9549470573614263
1.021682993440577
0.996491511682044
0.9989532081382381
0.9983350520726293
1.012486775752512
0.9754181112138334
1.0328749257032774
0.9756467731171292
0.9983073991547642
1.0254109175786612
0.9875646782186994
0.9808188165165248
1.0068751894787455
1.021289476211204
1.011057634637518
0.9932836647910755
0.9840163450004362
0.9834090677283753
0.985196127878185
0.9859283830891574
0.9854557251907615
0.9850171178561176
0.9865969067364012
0.9924227651200225
1.0024685790329921
1.0105679429785686
1.0066252546178098
0.992593782801928
0.9913037158828696
1.0081139919857016
1.0053255593007893
0.9903470887041742
1.0056638767567607
0.9989832795252109
0.9975672504558676
1.005132771595822