6.776911498113438
7.764134921168213
7.7678120741822845
7.684980735743006
7.7446197069694716
7.78193232350839
7.664798278170786
7.723131561629534
7.620918866830907
7.649444737467216
7.598033485263052
7.690657924308037
7.581024442016131
7.5654697352740605
7.614548798652425
7.524493874139228
7.475038239738761
7.514675651353702
7.484328654200593
7.4831734991022545
7.43185288194612
7.384209692266216
7.378892662263078
7.327901750553138
7.291585784190071
7.273254509499182
7.2203375690264835
7.1373750654839965
7.091016748863499
7.09304533208924
7.028133396671889
6.940246612827012
6.960470220572851
6.864715648356567
6.857942743814788
6.784564909143613
6.758663413053971
6.639623229801555
6.657482919954379
6.566226982175022
6.480620811431701
6.4819729054926905
6.426354606318309
6.310923463711245
6.2405284569639115
6.171292627368815
6.12700049116533
6.074069484958428
5.995677108294839
5.929992059460572
5.849808825888857
5.762199176290129
5.707372041132179
5.688042322176532
5.632183026682856
5.495986093320879
5.424217015604532
5.421610362875595
5.260463459384137
5.2345875828949655
5.129513763184126
5.0594545983528425
4.960111965416552
4.944383334540733
4.764353451904906
4.7660193258610795
4.689004945971133
4.51588421872004
4.449990077067273
4.44466753075029
4.381398283143637
4.284353116437636
4.167995831384501
4.061840692768938
3.981577332278339
3.908993124271778
3.854016925220186
3.794534834475671
3.666283892195011
3.458731933785991
3.3376257556390416
3.4135260792281725
3.2985025475331544
3.0185961547681703
3.1863135096505077
2.8735783823018295
2.948075215917184
2.6901977337078207
2.8371567543253926
2.3519838423286656
2.7346246083684145
2.4298552573148333
1.944550199142854
2.3580970580568157
2.7873531525633055
2.547331847429995
1.8783810586490797
1.227519550213154
0.7692190128862384
0.5149152718684931
0.4170633836265642
0.44471160246177777
0.5935388840153395
0.84696729121969
1.114488378322773
1.2167358144496043
1.0540944448498877
0.8742297686099351
0.9967302067792491
1.088168251896798
0.9249979615567252
1.0368429354329742
0.9907760869688613
1.0020590536836762
0.9958852507067008
1.0215230200004313
0.9628470105747721
1.0373065743735426
0.9938407389541513
0.9701207008943556
1.015441624187808
1.0273146466172776
1.0044660350802028
0.9839861890989936
0.9778928409913987
0.9777342283626984
0.9815614065053004
0.9808913279192519
0.9809266585107896
0.9869007607754864
0.9994248321476998
1.013016553583332
1.0110828212119436
0.9906343222400072
0.9899754655155759
1.0116457620616213
0.9944119560876428
0.9960547056696056
1.0063876700732126
0.9917649850784551
1.0080357737845371
0.9963359269044094
0.9984584337943596
1.0068530326426708
0.9923400815043841
0.9990552109739117
1.0082771368183172
1.002228949488731
0.9930173280982874
0.9931804359454006
0.9952217417352588