1.650602202075636
1.6474945260066092
1.6382589497798936
1.6231537182239844
1.6025958394105173
1.5771420208451798
1.547463958041492
1.5143197419570014
1.4785233763659826
1.4409144469348574
1.4023298579552965
1.363579275778943
1.325425408902806
1.288570009173987
1.2536454595021396
1.2212116544164862
1.1917574576247683
1.1657049525517307
1.143415536316371
1.125195869403022
1.111302379608312
1.101943053795207
1.0972757821452013
1.0974028906602413
1.102362192905337
1.1121153526711982
1.1265348620972462
1.1453913026646771
1.1683427658703558
1.1949283490163125
1.2245673603966043
1.2565658292926123
1.2901308576376438
1.3243931159213596
1.3584371044013703
1.3913376850967014
1.4222007339961273
1.4502061028430038
1.4746492289918371
1.4949788090374196
1.5108274407777609
1.5220326363188301
1.5286461606011672
1.5309304164734705
1.529341506644998
1.5244995862138622
1.5171481001491645
1.5081043987167113
1.4982049649140061
1.4882490062709621
1.4789443594052478
1.470859979337704
1.4643877493641309
1.4597174862789273
1.4568271261124168
1.455488018771644
1.4552861352149602
1.4556574643056825
1.4559350185972206
1.4554037436307183
1.4533596006790417
1.4491679059414737
1.4423164793052352
1.4324593227716642
1.4194472830334721
1.4033430698906904
1.3844193025914855
1.3631395565598918
1.3401237839577884
1.3161007628469457
1.2918515134153663
1.268148073248364
1.2456925711621372
1.225062699546885
1.2066669499055944
1.1907142456760769
1.1772010078243782
1.1659161867314676
1.1564647065425033
1.1483070004225204
1.1408114094460677
1.1333148131184132
1.1251860408829832
1.1158862465945938
1.1050205891602671
1.092376262666879
1.0779430744109995
1.061914465123025
1.044668497397756
1.0267305655116676
1.0087211625044785
0.991293699449298
0.9750688084689637
0.9605712994449145
0.9481768330526184
0.9380735801091927
0.9302435086415098
0.9244654030845836
0.920339749298257
0.9173331621971996
0.9148378440517762
0.9122397741042525
0.9089881761490879
0.9046584514032614
0.8990012796013568
0.8919719660125828
0.8837362291819177
0.8746512699513784
0.8652238713857733
0.8560500339208198
0.8477430677196075
0.8408587233782474
0.835826397816493
0.8328952375863158
0.8321021695111914
0.8332664316884923
0.8360119087571086
0.8398150288888252
0.844072572814313
0.8481809370785461
0.8516165897471698
0.8540069518092288
0.8551818680028416
0.8551981446436189
0.8543330824099425
0.8530470980275832
0.8519198625991296
0.8515682799484532
0.8525575102076473
0.8553176226431656
0.8600781115820507
0.8668302962765004
0.8753238926134526
0.8850991735141994
0.8955508537656314
0.9060149027270088
0.9158656824898741
0.9246087753424947
0.9319550120445059
0.9378636326571896
0.9425469410404594
0.9464346521411611
0.9501025141164412
0.9541757107124149
0.9592220232707405
0.9656519457644157
0.9736424172681084
0.9830975055680282
0.9936536833751278
1.0047300642445238
1.0156163822248725