9.050910387533124
9.132994811426187
9.187659864089458
9.058713578171652
9.175550196321181
9.138924349459721
9.06537172713968
9.06579302545571
9.083354613645794
9.081320762434112
9.063869512895426
9.040111825105432
9.012400306902055
8.97857054339637
8.93830520827093
8.902160270813235
8.885601473686727
8.868118869672182
8.809909886888642
8.775355272787804
8.75963507530613
8.682527879932335
8.6830780454706
8.593264934897302
8.591651057026771
8.516610548927185
8.45453780090098
8.44989596542015
8.381660933993391
8.28853281908657
8.226668005434028
8.18551833518313
8.14206298243097
8.087739622276114
8.021367757978688
7.94195804073155
7.853029857725141
7.776281859546519
7.743118479374628
7.718720210422773
7.600701577518868
7.49212536577974
7.498351682394251
7.342617773928604
7.327104771017098
7.1886632532704215
7.180119443483607
7.00923435487226
6.995732216718617
6.919509562292459
6.7627187667177004
6.678059985845115
6.637682673801528
6.579182151690586
6.496019688695618
6.4038096509249005
6.311839881412879
6.2173885353639236
6.106179252283656
5.9657842565456285
5.828062089678835
5.770321478131323
5.737897946811058
5.5597601375523125
5.466325196749024
5.425309599051218
5.230782551393836
5.22864569929202
5.03869552582314
4.972610329352314
4.917522054486152
4.704185782893247
4.625689995942525
4.606432441919027
4.510382875982816
4.3610079013087155
4.21268596215674
4.084555604869025
3.978619099165644
3.9000195095941277
3.8506986339141553
3.7890283318815285
3.6123765444807634
3.3432981232071155
3.311116297012493
3.3800009070742068
2.980497047707707
3.1032605101335564
2.832106553168343
2.88045738134279
2.487032014715095
2.8761096512275284
2.225363199643061
2.1294431703279186
2.7738637035839337
2.799859445683141
2.1216814532509387
1.3438385353353077
0.7959994984591862
0.5010401927745437
0.3960974750658743
0.4415400424797344
0.6279440431296132
0.9225605441138099
1.1827879389811047
1.1790988198303078
0.9350048313847346
0.9139495005903597
1.1030447553977585
0.9538832516546447
1.0103505560442427
1.0051956302636056
1.0033709526758234
0.9788033492452207
1.0428552495071086
0.9620176095666834
0.9951732799495787
1.0364267060748866
1.0101157426956173
0.9787824585923085
0.9714097287566563
0.9763074415660121
0.9808515330359038
0.9810838758404304
0.9787662494295387
0.9802503942482278
0.9937263581001123
1.0144317151785305
1.0129817831859487
0.986248597790481
0.9975392306480546
1.012866911998384
0.9853711745791043
1.0137662250248451
0.9868867797235015
1.012752844986383
0.990704698026133
1.0000182495588728
1.0102580621526167
0.9943875482610119
0.9906276532708587
0.9998408646124913
1.0070191824576935
1.0088997727910196
1.0085303935523378
1.00815088642719
1.0078414595038034
1.0059197150284775
1.000457746818285
0.9939812896002849
0.9958551059130609