9.288892571046816
8.550696396934649
8.456002036604001
8.328380752472054
8.338162673934834
8.416932463176579
8.351835785318904
8.414471920317387
8.37719897127747
8.328695236964796
8.253743848192242
8.333411149113447
8.274428009272482
8.214073294164505
8.282428766805035
8.171725776156666
8.173931918989904
8.105039988802469
8.151568297648224
8.061648021887837
8.06364359411757
8.057312955504832
7.968259965866186
7.899654743573983
7.872446075562678
7.85752017746935
7.844685820599366
7.811774918761226
7.7427040104983815
7.696627765691938
7.653976716333813
7.554855327276378
7.496921488381712
7.420053531599988
7.435385003652036
7.360492683342466
7.251830755343456
7.2533768475395926
7.160135889410374
7.080437208221164
7.053894184586432
6.9737651855408265
6.900938525584543
6.873992618217328
6.736055383388024
6.691631804369983
6.6675856261425706
6.572117685081615
6.454907424763197
6.356732625615265
6.278760820944939
6.215788558989025
6.143361163980304
6.0439481580344765
5.961690011101098
5.886674590855763
5.8396225069602625
5.802637664006306
5.6811384751598935
5.531240909801668
5.525609388838581
5.422325905088137
5.275785014764176
5.2841720376382275
5.093603936651905
5.097000704166453
4.929906711357999
4.841998450572092
4.82902098357261
4.643050650101437
4.52169298067594
4.505597560691601
4.465439991281008
4.364551827333676
4.23605919098881
4.116469673864822
4.024914814310185
3.9489073561554053
3.883727834062875
3.806881373934249
3.6293465023531315
3.4068467795029265
3.342075790478761
3.4323080828990635
3.151172813571346
3.0332074245294156
3.1269032502367975
2.7263230031694667
2.972223716669905
2.529177823793953
2.617743932788975
2.6998321872185485
2.031492650522501
2.2346929060566767
2.7986917229703687
2.677170102821817
1.998914192415575
1.2825944730986463
0.7807818651487741
0.5076281983211214
0.4062569816290919
0.4415011770075562
0.610759105699117
0.8833595280019242
1.1508517814354202
1.2053552133201908
0.9930328900766283
0.8771407995724647
1.0667641464486457
1.0288506645105948
0.935522971682161
1.0705476437366552
0.940177409524297
1.0542696601793073
0.9575617831013111
1.0159434456661682
1.0197116450190324
0.9625169928789415
1.0006294301886889
1.0306653113024453
1.0121082101366996
0.9875831367199847
0.9778341495451575
0.9765598887411542
0.9771210641797252
0.9796437220005341
0.9816442527074617
0.9883661786688696
1.0056078301867193
1.0156662018579292
1.0058026121231314
0.9847176068348833
1.002197280407862
1.0105988925068081
0.9863349008774419
1.0113312376019734
0.9900359096775622
1.011511858042849
0.9894168015125049
1.008713492267897
0.9986481270871538
0.9911567105770059
1.005773332984617
1.0076096375284938
0.9985088657468913
0.9929407638059227
0.9923650086128601
0.9935000476248076
0.9954632253143142
0.995787853331496
0.9929982915081055