14.68604964190623
16.377372995763988
16.549829886036893
16.42591624997814
16.526322553912895
16.378422943734716
16.425577988848215
16.46534390505067
16.40132067736367
16.26575840982155
16.315681247984276
16.185111724806305
16.2122373116014
16.12461247865209
16.060387669619914
16.02185381323574
15.94028850565764
15.918236670369275
15.790674842753377
15.723890116508834
15.579291384573018
15.506690761491184
15.477481153385865
15.319466998230602
15.278969336569157
15.10790481475133
15.059926916968005
14.893311222932832
14.728869544033767
14.645543152463027
14.53936879110446
14.40158923994622
14.271801291857757
14.104717320168268
13.946527559050953
13.872172729951805
13.726773315247964
13.526734180479464
13.435245174362388
13.223217752916014
13.088776284355925
12.964795227136255
12.748005266665347
12.55505854954941
12.388466750487234
12.201102670827183
12.044617936357652
11.886123059833016
11.748201054144781
11.553577816779319
11.323562057060624
11.218666576064276
10.945238043166466
10.841326569793832
10.6014760511564
10.372392140620201
10.220655076812019
10.068551360367358
9.877047783354625
9.67994223238543
9.469005841708107
9.23125588566013
8.980476992002105
8.851475498918356
8.655425860198571
8.397079257558955
8.264612501144466
8.026118068779489
7.767948908465934
7.651956823765605
7.481931813032676
7.251578703880198
7.030034127453299
6.843859303314572
6.670171729716728
6.452083602956657
6.1418411048964785
5.962955506216948
5.866318776515691
5.498022407290502
5.467079462911449
5.1635338493627145
4.895985689583253
4.847594317877627
4.715510216021086
4.51352656591813
4.315301164191561
4.162965028914621
3.9617881875496725
3.5563127050126377
3.212282630573716
3.483082839547685
2.834249583638275
3.1392783423005457
2.22402259820189
3.053015000635737
3.0529470349858925
1.9023624031451518
0.9310297388532947
0.4603130000890711
0.336092427114246
0.4511626927811041
0.7840015487499536
1.1698416234929465
1.1746115443838963
0.867366424082656
1.0620238629779315
0.9735263784574435
1.047178280478811
0.934865114751775
1.038822551668968
1.0426387011256366
0.9955517912602991
0.9736382328280665
0.9712405067451182
0.9828677790988474
1.0061809698383861
1.0273507127768586
1.0022477562635386
0.9798606297640726
1.0226344982492273
0.9799914189451641
1.0193665171477695
0.9906831575717608
0.9903132743519167
1.0106538563267582
1.0144057055753994
1.011653078435727
1.009059919136622
1.0125646642884034
1.010325933330747
0.9972530792294069
0.9905357645759855
1.0095618760635152
0.9950908285682609
1.0050220411573922
0.992898200592899
1.008999554309281
1.000863686146284
0.9918030627314166
0.993641961841861
0.9967253817074353
0.9958701103843491
0.994491804077506
0.9939718133264519
1.0006112495416786
1.0055790701729415
0.9950040356875697
1.0046456560565848
0.9963972492081742
1.0058371374565573