18.140297968938565
19.46778083570781
19.597479202271852
19.518520988989046
19.56739314486585
19.574049817008586
19.460149156772587
19.40902565174989
19.40452580617223
19.396722916175488
19.28841098621519
19.294349878235955
19.237471456939147
19.12050327603762
19.003736111004983
18.964789570690208
18.895205555785783
18.76932876212003
18.619477114139194
18.586536693283218
18.427206296949084
18.322000133133287
18.166433587875083
18.105527123168464
17.97031974474924
17.803253925618005
17.666978256584436
17.542747133665078
17.389130194437215
17.28486198992279
17.061446968549614
16.900153175708212
16.78948249204856
16.533995075949953
16.415198069527538
16.233447969929095
16.000636846195984
15.815242557203922
15.650026867818195
15.463929764320953
15.234843773666041
15.05330864370766
14.888492104102118
14.697672692161293
14.422100912960659
14.274915461703921
14.003292352169177
13.800753831663195
13.633152232128616
13.392457908562323
13.14266618698616
12.921683140794514
12.709376652271699
12.497498180331128
12.252646701975747
11.946047889342385
11.787080501902734
11.496321715842232
11.328521801140171
10.99947098291442
10.802331896710324
10.61325206954293
10.370995039344525
10.116268026388864
9.882660279964256
9.64045201118305
9.324624076137548
9.049448668049877
8.915451810334588
8.552633028615151
8.424372736848625
8.060061149197741
7.869833501464081
7.7018376147022165
7.454552139003188
7.202208231776179
6.978522526338627
6.752833736273859
6.461128917821211
6.098359403164537
6.011504097998925
5.704681030112155
5.5215716862006285
5.1529943884579685
5.126524906265463
4.886600653626978
4.541531279446201
4.256341705551271
4.044044622494613
3.941763776215062
3.906326909850557
3.4539762793957536
2.9995614702711277
3.401762724536298
2.420523350210029
2.882103217303586
3.285888068512118
2.110670779863329
0.9856984596329823
0.45191007470630606
0.3214227930925788
0.4617505200907994
0.8358591205927891
1.21983590813139
1.0960644194427347
0.8659631223746651
1.1180075546245363
0.9092620147452637
1.0532457664492327
1.0291333482486122
0.95292983060093
0.953094497127434
0.968380976245832
0.9690396667064641
0.9643912529003048
0.9870390424510156
1.0263768352577685
0.9953219731352031
0.9939153479334811
1.0053645498582504
1.005511200505373
0.9804160800624913
1.003349910228778
1.0158863832847635
1.015791400912985
1.0148851368373946
1.0132775814428794
1.005902334847918
0.9883080777114829
1.0001214247182413
1.0068834315568163
0.9918411112289335
1.0035414070710753
1.0050601655437845
0.9913704961532331
0.9935495603471265
0.9988707914761144
1.001035707398661
0.9988457852332904
0.9928725712808925
0.9957183333774978
1.0058318812844582
0.9976362624007047
1.0012729511946956
0.9979851388034712
1.005350438283492
0.9959773585887365
0.9951450224034072
0.999242406581825
1.0008562460600055
0.9990646171579677