15.196071135513257
13.952334118760813
13.959881598957741
13.821217042893492
13.984494052864973
13.949341466539183
13.89058962548925
13.891862906214314
13.868201059964049
13.804941777084586
13.768792195891448
13.789303888819331
13.694270405058848
13.602195040117376
13.618873693929876
13.555766276086006
13.465814242049005
13.4810411257322
13.345024905340912
13.285013274092453
13.19456522189731
13.155412883438432
13.099305584844481
12.999685185198171
12.888677834477066
12.807239425827273
12.770167284671663
12.675330548096424
12.542792770222443
12.508039420837594
12.315820748759231
12.29307150785447
12.148211727349931
12.006804534465074
11.956682957748288
11.853107475265883
11.712992841061839
11.600193012566507
11.484296675914148
11.36504027758776
11.234817638986803
11.064744516331826
10.902897819778522
10.838622276387266
10.671358699860324
10.528752458004217
10.376527689927261
10.280654226747586
10.057644025552541
9.961815024054154
9.842456165963785
9.695235260352076
9.515269389721091
9.351447935450397
9.213762346935525
9.084778413850483
8.928489816809465
8.709709600194135
8.533849550495804
8.45051152127859
8.193993500966055
8.121003919478987
7.868417321121586
7.790704136541281
7.592546356114108
7.3558497158495335
7.2276364381423575
7.097423901742865
6.946642649195845
6.782464788961276
6.590889628049318
6.367450322033163
6.171666166029382
6.0968023512617515
5.943878187633086
5.647090080447069
5.6310827036775635
5.295496984138545
5.287043581180016
5.037977999141183
4.774569888353339
4.699417638143049
4.627439410973461
4.484781547393038
4.319544369192716
4.162228767028603
3.9654715327907075
3.6404204318574256
3.3315842617170617
3.4567154550415675
3.26124778586055
2.835162784209919
3.08812468331913
2.5927950763380054
2.298959175078302
3.1181213612541274
2.7873597412951767
1.7165072976588003
0.884731836799113
0.4706502246342966
0.3508372536931859
0.44419692812819944
0.7320233368047544
1.10724951091051
1.2228330839677184
0.9359390491046167
0.9434330297942357
1.0916339139368942
0.9231253510684014
1.0584268180077665
0.9870152321393447
0.9592135668692583
1.036216472674849
1.0391237215874123
1.0078401808482298
0.989044833928568
0.9884440138940912
1.0000179051829998
1.0189595684028148
1.0255374360009655
0.9954190577415277
0.9828568076853554
1.0204185637919059
0.9835186579820674
1.014680205035074
0.9842677742081021
1.0123563888342093
1.0043904890665145
0.9857109966648481
0.9918851940194184
0.9997764046299449
1.003492037471834
1.0034384268658778
0.9985128085254182
0.9913938957171691
0.9934911605471846
1.0082169524169442
1.0023046475988522
0.9935396130729814
1.0069378495304009
0.99331272914374
1.0037402735766823
1.0031586448594338
0.9936927466520439
0.996190515243458
1.0036640717561318
1.0063325435096797
1.0056252655531663
1.0049292491970285
1.0026665247980446
0.9972651309265107