21.6857734577115
22.987915226348264
23.030747001253047
23.17473892396314
23.13849044164932
23.18621513686303
22.970234115122665
23.10099066947783
22.970746766844698
22.905951002145315
22.887467564895353
22.821196319131293
22.744633390146635
22.637177211024945
22.50823982813153
22.408199047596085
22.22363183904289
22.22616676443094
22.003521520843382
21.92307314064817
21.761636087319395
21.578177188296436
21.430884033633767
21.286464649548492
21.14261431840975
20.968613928733884
20.816567611883222
20.688273265563783
20.41905532996838
20.294314091284523
20.046804492488178
19.876401403248686
19.71409085349469
19.498244846063344
19.26499888290394
19.039691656323132
18.832632778413494
18.54598678548878
18.30197312341554
18.11617423511538
17.814768612471497
17.629991320561373
17.36775435446834
17.061212744655204
16.79775181530471
16.543687308626804
16.26891101867966
16.006841294580543
15.809701147918009
15.503421623686773
15.196991377196106
14.979547838345708
14.655013959139408
14.33666546123629
14.10560389094413
13.849005154226246
13.571727272076155
13.28352040587342
12.945753979737214
12.609023737840593
12.389127251691372
12.080076146296184
11.782147128535987
11.447545500778553
11.24450284857981
10.935567332156479
10.59992476996247
10.294730875650538
10.031472055895938
9.789489295835967
9.465329122084823
9.083557891869294
8.92233348354071
8.495343089845033
8.348207178173096
8.011859416853506
7.640955508450219
7.345661311178964
7.060552067158949
6.773379280623492
6.552031445269398
6.408202631457772
6.019832580140923
5.7525291363464355
5.492847943741238
5.3398141805041055
4.856732902411416
4.57443567823005
4.379887510812188
4.116945530613309
3.7573353302462484
3.4804636703370346
3.6653262968354863
3.2308897503004435
2.891192189896503
2.664140503834792
3.4716461236565923
2.3366083698842215
1.0457366589855284
0.44402730429424386
0.30955493757023606
0.47286052265110645
0.8915727515099482
1.2508159697652506
1.0028126625060898
0.9354169248876094
1.0578180281415879
1.0052250636135558
0.932701853330576
1.01551761202382
1.0480447778188997
1.046462039192253
1.0383149515473329
1.009788861609439
0.9692651604940602
1.0013703470782915
1.0144894333085646
0.9865621073314731
0.9992614174367364
1.020233540131938
0.9958125119326713
0.9840197831698116
0.9829304661421286
0.9852869204868373
0.9972793256964602
1.0130028722573867
0.9993468734545626
0.9935763621393459
1.0058761962584317
1.0017766543008577
0.9900571193603931
1.0017760055148504
1.0085600610235246
1.009486996939503
1.0074245838529357
1.0004587033363403
0.9927276483691184
1.000983017728706
1.0030347705463765
0.997828892568828
0.9979388401902518
1.0059788020824392
0.9994180588833569
0.994874600062448
0.994441766351428
0.9962906187609145
1.0003172748636544
1.0050821368790945
0.9982859238549587
0.9993004841306833
1.000252066173406