25.700189426945435
25.289774478543276
25.09342212805605
25.265142453787085
25.181592493073623
25.085236256845004
25.009314346868877
24.971457304634672
25.004819564222032
24.938225273864894
24.88762111094572
24.69652327486455
24.71750634642341
24.595107230731095
24.443352758394557
24.370074804098806
24.27818821069951
24.14124433838265
23.948431215144566
23.78556062956588
23.6381086847903
23.546612554112826
23.274277244951918
23.19309457934918
22.992973340842827
22.769999254227912
22.58646906313118
22.382845927430704
22.151611758048865
21.950228082883868
21.762816146748122
21.574933757968843
21.25919934610896
21.11825416352623
20.83018577981283
20.563716796795816
20.35122242988535
20.116653442745168
19.845678566891316
19.540510405945245
19.253822311817096
19.0063860507113
18.76344611953158
18.421934308160143
18.15726421703961
17.908735656752082
17.56972265451218
17.24482717988027
16.939653721040255
16.658688544642146
16.39954023425123
16.109373936943037
15.729724683920484
15.489414131365281
15.092385655252617
14.862491398949656
14.528218377098646
14.163404181116702
13.8276320852025
13.519183577930594
13.244099708116282
12.958906753101456
12.574463900349548
12.259118068309633
11.945388987197553
11.667146808368498
11.256367575733405
10.944601640191728
10.655445508731173
10.331758812450008
9.975515939771327
9.650223786908002
9.431274077200392
9.08712829679021
8.749829286200255
8.4275822148553
8.22434880465945
7.83591702194536
7.465565551414066
7.146883843600674
6.870581738292063
6.670802954798061
6.439376673757724
5.948853487196143
5.84274474103442
5.353184870424245
5.325417895529711
4.966991957175804
4.528495558823044
4.191663077150186
3.9368064514522683
3.8600313600261473
3.869386760780788
3.1045123228381297
3.1735486438150904
2.566575705506419
3.541945013509209
2.4595206397455085
1.0810096300028478
0.44054849434698345
0.3027692988114478
0.4802745783105791
0.9201175445375388
1.2572648939760025
0.958085419312706
0.9871119441744526
0.9977738957646639
1.0635250363153628
0.9427609455118237
0.9489092987047169
0.9768621661775535
0.9780629374706921
0.9642251808455818
0.9754654113934288
1.0293193272367123
0.9880194947532189
1.009382303998205
0.9821899366509675
1.0206598031286682
1.0106250354289925
0.9950017925067252
0.9924127244029247
0.9991077998441077
1.011803803321397
1.009247129197757
0.9856518517513758
1.012756982650308
0.9881819197676681
1.0078576925781695
1.0067371039483264
0.9959933216844666
0.992792738613579
0.9946373828555763
1.0004651840769276
1.008317760070686
0.9984279897286146
0.9973078392148252
1.0021097206315257
1.0017812223616964
0.9933561989660222
0.9992493407651432
1.0034684849149729
1.0034153188303736
1.0008046181500427
0.9959288621514308
0.9967200314113788
1.0057189677662979
0.9947185321594922
1.0042764553490424
0.9985055672575188
0.9954929546428362