17.20276603774816
15.091429376406932
15.088996856167633
15.194045131908736
15.06563094857557
15.20333831712132
15.107920795862508
15.124878275144441
15.059055675276646
15.029047814542578
14.922135721037195
14.927245246413971
14.834797549250574
14.826177322353288
14.768198869597047
14.71524907496576
14.683895163739642
14.565366321285424
14.502589641847246
14.455593339172712
14.353938269291772
14.299783451924666
14.260657827532466
14.091341568689659
14.006265981935178
13.90596091414479
13.840170660131532
13.709564914241176
13.609975659041119
13.493157898768535
13.392977634907549
13.313831753616796
13.140169901407972
13.033246649335789
12.922689679825874
12.80332463624219
12.641159130665079
12.549885313132181
12.40613123100754
12.23124767550036
12.066015370085902
11.923123817253991
11.783562132388605
11.629372059369645
11.515376453462569
11.397975200929707
11.188345267933238
11.034108526962457
10.91282884573439
10.690093831918054
10.55567424474723
10.410064917720947
10.18549984037371
10.01752598709044
9.896628397764978
9.733183719400829
9.573487109313643
9.377865253008228
9.166266480253947
8.953087747826729
8.8128395103157
8.692537721527057
8.41402776159125
8.322349771709144
8.04331873279687
7.958560504688077
7.704620736589566
7.4886331822242695
7.351601733692628
7.218381628269126
7.038059817406676
6.859400078906209
6.650719288257201
6.396423153107055
6.159504309723823
6.076821438717584
5.907806729544866
5.603686756453036
5.569542870389093
5.242744253714359
5.110306467647016
5.043641298914645
4.740320310385375
4.462754641444574
4.252998657039833
4.068647182094801
3.8653103126967054
3.712833127388179
3.722361395430627
3.679291732404989
3.1245390834448097
3.18161992118991
2.9621874857914423
2.877449065879499
2.233295151153342
3.0989716428030993
2.922959775332785
1.8068061312860864
0.907034720039922
0.46512050187050474
0.3427995000995121
0.44840398837369055
0.7581705882630156
1.1400433997737462
1.2026893379633934
0.8941401047974246
1.0029462971607102
1.0378419106006274
0.975881228953013
0.9876252791535292
1.0574536023329408
0.9655608070500173
0.9580754129828323
0.9953322607300344
1.0145406994635087
1.0159988361620464
1.005354442848123
0.982729620171508
0.9735075305990081
1.0070828798159486
1.0160276417669023
0.9787570061143082
1.0192323737530222
0.9807975253430053
1.0132607572429146
1.003730540963022
0.9842403377135451
0.9942487886322421
1.0054297953636813
1.0094330370242466
1.0077469724495478
1.0037333404313504
0.9937848711692847
0.9897827976792076
1.0049323994271842
1.002977299502193
0.9919381377142048
1.0072012449547803
0.9947246707282323
1.000206304278919
1.0072019234321066
0.9975456354314071
0.993216234374267
0.9934013626799691
0.9952861644958092
0.9948642257003989
0.9930486653271616
0.996660929250858
1.0051069366082892
1.0023784290359556
0.9954855387108444