22.56324467120042
21.25039764956443
21.23238905579182
21.323010020260025
21.225083130533324
21.237056964090666
21.22274896266493
21.157786810562534
21.12717575526324
21.08228029068295
20.913401614309922
20.96511197767654
20.852319265004827
20.732517904672154
20.727887540404353
20.633012043335917
20.473702724573656
20.386047884828994
20.299383223659852
20.163960114545944
20.00683833878368
19.892704153047685
19.752693929513025
19.69344938777933
19.443936263128762
19.371947911885623
19.162594913809897
19.048957609964813
18.91415431684124
18.721567942081727
18.518327868043595
18.33045026856059
18.18712352684218
17.990006022534043
17.740578124823333
17.555999212261398
17.388610516622943
17.1556241339477
16.915148529764085
16.7565057015669
16.530057773399264
16.28827544725927
16.065546556441216
15.844860239183422
15.629523725758743
15.397688451482562
15.079446344563616
14.918991565460551
14.621423673569948
14.434157440610424
14.107169507617487
13.862599003886528
13.654042827810967
13.423041905061016
13.17022920278014
12.877879494575103
12.573434206622299
12.326552444048064
12.137699072005883
11.768776902592062
11.609083170924706
11.256303648819594
11.01304831129825
10.808941967510966
10.549254503567857
10.273001519480117
10.00864158116091
9.738344723306744
9.387864587832384
9.115221044742713
8.945611566170124
8.553084189117723
8.419019386378814
8.084149979744335
7.753363243776047
7.539969532065057
7.320099059515678
7.055355714422535
6.745950845990692
6.432277405320326
6.260112712245413
6.100020895781865
5.649140558849206
5.6152138645421275
5.195973977896667
4.917336412790435
4.848006607288892
4.681658293744223
4.46069163930132
4.237660796406813
3.895462418810381
3.3436714040112268
3.3244110625569605
3.3545512667759034
2.6272478626368088
2.774872622482216
3.387596803165373
2.2213036587400583
1.013847648199945
0.44747191938747427
0.3158395301243701
0.4666261205724273
0.8636735167445942
1.23786912259438
1.05009667301799
0.8926998515286123
1.1020649365276065
0.943038171065707
0.9852946723244208
1.063991189421976
1.0268952229158652
0.9954783725489872
0.9940015323409332
1.0121028906096248
1.03284167347297
1.0088766188514728
0.9725050971314677
1.025188586143221
0.977546709680275
1.0206883266617157
0.9988243627212562
0.9810549689921878
0.9892783582010147
0.9961987112081672
0.9938998990022352
0.9863693701426495
0.9908400723981958
1.0100991727883677
0.9989046472861609
0.9982902139592152
0.9982313112617663
1.0078695588065052
0.9920163513904078
0.9919204240912441
0.9972529801338083
0.9990132572675228
0.9970672354220538
0.9922057858925932
0.9971306156289009
1.0072889523397714
0.9945562340315187
1.0049442209446149
0.9931426942746076
1.0042005181835727
1.0042729915401931
0.9982481397835157
0.9955272819677096
0.9961070940247806
0.9995897922092006
1.0036794875294737
1.003027884126321