1.3670646350269018
1.3707031587938936
1.3869302383646709
1.4221753197565952
1.4686827433105658
1.5054516425440188
1.5168604255056122
1.5073720736126717
1.4949945145046117
1.491640495154138
1.4927196413533412
1.4852652505730377
1.4626059708664285
1.4300895922207602
1.4004485959936068
1.387564178198776
1.4026022528454511
1.448778145496779
1.5142796720669416
1.571635365014417
1.5903175392066926
1.556056557884757
1.4812965417360642
1.3982343951992189
1.3408391327617113
1.3288328393723712
1.361116812386337
1.4186399863064298
1.4744666569265958
1.5079238392175531
1.5157429498397803
1.5112921709044753
1.5106361955649696
1.5166945305088373
1.5161300348833335
1.4920771388584824
1.4408638796957334
1.3779339474263637
1.3288354202161974
1.3133018520446342
1.333810388796984
1.3753130241265006
1.4159193459740052
1.4419976176921994
1.4570239041264843
1.4759996362264378
1.5085832111652153
1.5460195789309281
1.5657643221072766
1.5510864051150008
1.5069089973211656
1.455817001392486
1.417981912739531
1.3948486853299282
1.371928456458917
1.336564835458528
1.292609086174684
1.258323071000342
1.2503014708319373
1.2687406676637605
1.2977019597085042
1.3203599236290338
1.3350763175190872
1.3561887821233654
1.3974799911236975
1.4548061938836567
1.5075042868278983
1.5390004632693413
1.5542915669104405
1.5731628235727135
1.605535182209929
1.6380298608085475
1.6490755638314902
1.6350486702004212
1.6149124397812065
1.606721139562085
1.605237674167781
1.5893926340696396
1.550255291294427
1.5032403178360765
1.4685128731636752
1.4454089267889398
1.414731620916113
1.3655888768154965
1.310503290173897
1.268571069289641
1.2400339127891538
1.2071669762149153
1.1597813595635085
1.1095214752028713
1.0732103534809136
1.0492900664519338
1.02091296800553
0.9807709577974293
0.9414885544008641
0.9167329553940469
0.9012103742789149
0.8791418235613487
0.8481958699237155
0.8226943622110972
0.8114486354208695
0.8043902428277251
0.7885948220458064
0.7685757340918751
0.7589112106275208
0.7609257680461031
0.7607493795854338
0.7519740103119157
0.7461183342713515
0.7535773634181708
0.7663330916169723
0.7713776971645276
0.7726782865667681
0.7844582948826354
0.8067262247029302
0.824948237695073
0.8350168350033327
0.8503519658247022
0.8780781443859444
0.9057741175944458
0.9228540344526375
0.9390853689272424
0.9665428135871217
0.996804701941328
1.0151468686695604
1.0266719452483821
1.0462052416867402
1.069813528352072
1.080984799850312
1.080744606526245
1.0851419369711497
1.0942366634647858
1.0916183200603846
1.075968456812505
1.0639032118843377
1.0582017876370382
1.0435024206939227
1.0181963120040578
0.9992189128822434
0.9899111497123564
0.9755776434301
0.9557529221299262
0.9470202940116367
0.9502525005887852
0.9501202470591188
0.9479905501198841
0.9588327503639306
0.9782667363069661
0.9900934487677188
0.9987601450650221
1.0168031612027388