1.2406404069801178
1.3141757452785865
1.5074886323196182
1.697234455669347
1.7345282768321302
1.6328652853939658
1.529983925004827
1.5042452529025772
1.5433594352492352
1.5967000809626257
1.6159814794679768
1.60768069790097
1.60688108048
1.6024089088397673
1.5656858758211405
1.5159317222375792
1.5056064463774899
1.5660692274905132
1.6577866350875583
1.684716304646371
1.6061965422129658
1.4974181934271678
1.4602228363937981
1.5155963666125065
1.5963424649262128
1.6283919214146523
1.613293720591526
1.5995817514811317
1.589416226449163
1.546503901999902
1.4813677144899262
1.4581886333745284
1.5134279726736743
1.599400508130703
1.6356844438841642
1.612368643421989
1.5848451975902582
1.5685619061789593
1.5262167091778995
1.4602059113300905
1.4317744014549167
1.4736274540667462
1.5392674503964365
1.5716061520604816
1.5842689542344646
1.6121927674092345
1.6228996366254158
1.5712336322695
1.4941616246139195
1.4532799960023024
1.4387386964811686
1.414236388394754
1.4021530606625132
1.4435819478078733
1.511105446266797
1.5483332469131725
1.567841982883034
1.6061922002540538
1.627316137810535
1.5909690463364354
1.5400966967990972
1.5097096545614477
1.4618434790600898
1.3882416483256572
1.3425925757825707
1.333014808216297
1.3173331673984816
1.3057006940810867
1.3384125585289297
1.3902345982099664
1.4226537384448679
1.4673649215222824
1.540609818759399
1.5911787458197932
1.617084041112531
1.6634463815470926
1.7005752518564297
1.6949504244299758
1.694002975263467
1.7011297031418189
1.6681429126359006
1.625727789123801
1.6034071837550283
1.5548099526675763
1.4883874914502104
1.4465877047885183
1.3939390010843562
1.320464321489182
1.2707033613965606
1.2219782660994425
1.1527846056651718
1.1039871070473048
1.0634193895883082
1.0041449667195677
0.9618271442365856
0.9310866099844265
0.8835872447184066
0.8507049091508927
0.830170734424602
0.7945088932907778
0.7726597113644565
0.7622929232949752
0.7381080987849699
0.7284343903870274
0.7281565748895003
0.7153522448964924
0.7188977318629487
0.7285025378761472
0.7273394007833227
0.7447510432341132
0.7633828749540867
0.7740135870285129
0.8045304853181469
0.8298256482854354
0.8512749797954686
0.8911514426685898
0.918379472996023
0.9471630076619735
0.9882444913950357
1.0102283143002742
1.0393388631795335
1.0693986659102501
1.078339892117814
1.0980399259585283
1.104936467986357
1.096746446623731
1.0986464014342798
1.078706413986406
1.0581550262666304
1.0420083337207935
1.0079845548170703
0.9895441872031994
0.9677010401863685
0.9459787204003557
0.9448507525637345
0.9363013868897818
0.9463663916343805
0.9627150491439452
0.975375364043821
1.0050715082395654
1.018917311872827
1.0367685248678826
1.0481922294762598
1.040986612696958
1.039997868613796
1.0177645607122399
1.0010735081246624
0.9843538284379951
0.9655093719154264
0.9675506517958653
0.964685702499852