1.4437567064642864
2.101534135905621
2.0515576970751517
1.9065260064165694
2.166696244960319
1.8615949136867223
2.1426044824185513
1.9376221225895633
2.024203956425802
2.0481477407327184
1.9493926779238027
2.0550676563517762
1.9991369091449511
1.9749305289332475
2.043525139025384
1.9870632214591846
1.9627984528883733
2.069029545520854
1.9295150917979984
2.0110707370082697
2.0197099353647445
1.9491849123563894
1.9796901790014572
2.0313329341912985
1.929900133677869
1.9673257396158146
2.0311642638956133
1.9187839358771959
1.9555005846395432
1.994100208365944
1.9696318679019276
1.883163459753914
1.9982765461010186
1.9705331543571405
1.8906406120077446
1.9247033291411308
1.9726582060513176
1.9462722404789587
1.847222773283144
1.9300352939385177
1.9697988646605937
1.8882579676931812
1.8528473206572142
1.883490240215331
1.9579434591076728
1.8941387918508277
1.8015541410877878
1.8565463482672442
1.9129167458923821
1.9026184388805725
1.8273105016244844
1.7643718188009927
1.836355003627569
1.9090675369794012
1.8610595633554943
1.7820285360561556
1.7356266953582546
1.7632309988310515
1.8558218734450331
1.8764837685579971
1.787329776194884
1.7022035320543871
1.6783961645838792
1.714120127725749
1.7983446919885677
1.8503762106802373
1.7985044928810514
1.6923259900243917
1.6149390534256876
1.589405616767173
1.6212943327231135
1.7085072111511526
1.795902083959065
1.8150289960513144
1.7595480419064344
1.667882302920559
1.5665281379251121
1.4738429904043802
1.4237174603756977
1.4426614300983536
1.5185976407130017
1.616489919225903
1.713431796408259
1.8022654989945968
1.8717357109264536
1.902530552512876
1.8841712916026072
1.8251098304851066
1.7424437003071944
1.6466219568886293
1.5389296012434663
1.4201637924276995
1.2971128842133728
1.1800187187773172
1.075894743010022
0.9854456803771139
0.9056058294184655
0.8339880099172753
0.7710943247739258
0.7193774222972774
0.6810025026494074
0.656424856542134
0.6445071736253669
0.6435838767006105
0.6525102431682134
0.6711045288608676
0.6999116508040812
0.739525913018162
0.7897856540691647
0.8491130566378801
0.9141961354925158
0.9801083590752144
1.0408406438577242
1.0901207566335887
1.1223642781448282
1.1336418960895818
1.1225995138421858
1.0912484377902114
1.0454213697362469
0.9945337558441039
0.9502498486260909
0.9238807088798211
0.9228808112400155
0.9475118508297548
0.9892591093746906
1.0324785773229064
1.0597174589538214
1.0593039524063614
1.0318852268086185
0.9918605842536199
0.961277804574889
0.9578195161689631
0.9831933138797702
1.0201547308312306
1.0425805750696802
1.034013745173086
1.001590671302642
0.9724000851716114
0.9716994844840887
0.9996240459647651
1.0289426329583153
1.0302311830027224
1.0026143202581224
0.9767682007617479
0.9819403296112785
1.0109329108006762
1.0267348402725023
1.008503487684759
0.9804394267844275
0.9806568828928289
1.0071365939994803