1.5765443293181016
2.582747313355104
2.980888984472852
2.296654626355587
2.8091417710470257
2.6764245629617953
2.4588261921214047
2.786073141452429
2.5858924966163266
2.5784829250198897
2.655766795713137
2.6650816595918885
2.547918001919996
2.5990676618689617
2.7497593326708967
2.442737080750837
2.6585347691445964
2.680780325575028
2.500467553678845
2.58801231411365
2.6459676519634585
2.6099634744103346
2.4342124367287354
2.685653644907419
2.58907295632108
2.502758379695545
2.495213282455286
2.6676129397204633
2.5407349071586167
2.436315623257065
2.5320298022315773
2.6238742505024013
2.508275809006808
2.394140131175013
2.5092558554028885
2.5929329888323367
2.4968990023681115
2.3632273449642205
2.4277208114675313
2.5581621233185086
2.5103247181940076
2.3745408765719653
2.3080087741105086
2.4619175788850374
2.5051313167646283
2.4652507812632103
2.264372010107806
2.291235733009887
2.3665086804068163
2.4977669258636737
2.4154665266184026
2.2630285598803472
2.18926584436537
2.2260868496332242
2.398230014063952
2.4116320718205433
2.357152715673433
2.180198582162089
2.0760167351772076
2.130128527635687
2.2241450861636776
2.371839292133996
2.3570174546489193
2.2414431556271093
2.097627338463653
1.9430263831822505
1.950219163761034
2.033646601884214
2.159410992769
2.3049907883984138
2.314567567516003
2.2443808641631517
2.116467759015622
1.913555475509913
1.771831975676296
1.7024248537990347
1.6857508965469923
1.7860281593940555
1.9368235339952875
2.080717637197575
2.25027321254092
2.3807401544669755
2.4244330088170702
2.437101422930398
2.404530052956132
2.288604087026239
2.1450215429435597
2.0023651998956282
1.825272126999899
1.6326756131368678
1.4684868686269574
1.316291912169126
1.1574574681923069
1.0191036637962212
0.9131584364194588
0.8163143768655565
0.7233917258454887
0.6532080964948488
0.6065411787901213
0.5662962124907451
0.530649223230399
0.5128207035954958
0.5146177094325948
0.5240630147713914
0.5371241776506734
0.5638665517082468
0.610277448992858
0.667463505920468
0.7256508013112424
0.7888413129203096
0.8652179975456219
0.9489699119354253
1.0237362279070057
1.082083434836307
1.1293503074634281
1.1668537474908263
1.1830146850485384
1.16673842636683
1.1221324774182844
1.0643648999884656
1.0062128480749817
0.9542902737380206
0.9149940394357426
0.8975611452672045
0.9096258071497122
0.9505427673701738
1.0078645433723294
1.0598253794686028
1.0846291568640214
1.0721303691371376
1.029663050160138
0.9782132476138315
0.9424707621153942
0.9397012669243231
0.9706798371844017
1.0172131000909606
1.0508288033734812
1.0501482115611231
1.0159000527119086
0.9721699861424322
0.9509857990867172
0.9687588915198841
1.011468466874933
1.0434187820083165
1.0370317493562085
0.9991446216195407
0.9666131998522647
0.9709109031792884
1.0051015876109886
1.0297546101607644
1.0161295384739533