4.323543921377589
2.634432877750308
2.867310876576492
2.976956053195411
2.6621318892240313
3.0860258269169147
2.646703692054734
3.014833060537956
2.7656428696561104
2.862451131870427
2.8724758919937985
2.8136017909200484
2.817194588734015
2.929418610434572
2.6770249911254482
2.9970055662404302
2.7033233577604427
2.852337506433015
2.850380785096849
2.7600459562493267
2.7885845014587702
2.8883663476238666
2.6754378467840305
2.8340667865943314
2.840045488879523
2.65045786822388
2.83804283631367
2.7783946666543766
2.691336442390235
2.721869429349433
2.8388781236560194
2.645416938986681
2.6615822609753157
2.8361584452391555
2.648066588060972
2.61707707123541
2.7236979320202424
2.7326763839309205
2.5986705343347665
2.5606575886557574
2.7491035080271216
2.671662082109628
2.486786116362833
2.5842266871594908
2.6811715872240107
2.6170971906982463
2.484457249284071
2.459114986022636
2.622266219761877
2.646721906869861
2.440004784338595
2.3679504065212416
2.4933890971655877
2.5793229817346717
2.5317327035619397
2.379458917847227
2.271532586646767
2.368956696251535
2.5360734569358248
2.5166791833905484
2.3376104985410615
2.2009249725056503
2.194569416832551
2.297039363166157
2.4342064467500903
2.4705062680322865
2.3300806390443682
2.1183093248527003
2.006691619658703
2.0482691545515177
2.1775936105401934
2.3149877533698913
2.397941597725667
2.369425249405944
2.2134422478776887
1.992722807956832
1.8108065154307433
1.7350380439940674
1.768446743641545
1.8815124139442567
2.0452516936755925
2.2313203498008902
2.400743648407986
2.510541920340722
2.5345722615140702
2.475032703030488
2.353944273762224
2.195500622929743
2.015260040873748
1.821163829788629
1.6200101206168074
1.4213006399875379
1.2358994817212947
1.0722447241180186
0.9338599315083788
0.8196819449157937
0.7262770322889572
0.6501726194722703
0.5891536998649215
0.5424077235116163
0.5100285611383473
0.49243742113950345
0.49000637108814343
0.5028931506635289
0.530969478841835
0.5737375949007036
0.6301971182599144
0.6986764513000998
0.7766585553123012
0.8606271103828251
0.9459634671648811
1.026951983739687
1.096992728277403
1.149147363276592
1.1771190686211315
1.176660939826832
1.1472147170638112
1.0933391086600714
1.025280636571496
0.9579996309762911
0.9082281778489342
0.889781120255085
0.9082800601001312
0.9573549106658208
1.0187005927050752
1.0675009798294246
1.082474573666719
1.0567684684397434
1.0037555838713315
0.9525548240107051
0.9329156657120181
0.9564768343313924
1.006688489953603
1.0473107243980249
1.0476273224148658
1.0076265728893539
0.9611960112619369
0.9493818740539653
0.9827826383006291
1.0285216252198128
1.0403976803169104
1.0074775093930894
0.9689507157127574
0.9715353609335529
1.0125088360111767
1.0395956097467582
1.016913253119212
0.975314785115801
0.9723327000036806
1.009014006787385
1.0263569412334612