6.641455868862039
5.55165460855927
5.391272880426399
5.203990732629101
5.0201987388926375
4.909729169450548
4.918894628719437
5.00890348457518
5.064701823218528
5.010726604310093
4.918095175638063
4.921235129438307
5.00479110361038
5.01077363642654
4.929763670478038
4.943248956441343
5.047125090075779
5.044218371328611
5.004269458202838
5.072670817818755
5.043804367841513
4.9021980662055205
4.882030281321147
4.832307334312574
4.805257219960309
4.937685734099163
4.905546146521656
4.8409830131840605
4.74938082439193
4.684596076980142
4.826033076681606
4.772702502633144
4.693320055223206
4.578802946971577
4.715863111618809
4.6663855604136435
4.539405099349198
4.526192089740933
4.644381975546344
4.431818613879536
4.462765423060682
4.511604213427022
4.3561670707424
4.378902356099636
4.3982645339324415
4.234544210846784
4.344016752602707
4.195152699055334
4.222542525687015
4.17685190402597
4.083851863802863
4.174826771572849
3.9423936965356488
4.1217734618525
3.878960781285239
4.024053123326583
3.7799036462221283
3.958356399166853
3.733137092706386
3.7969268203310316
3.7093601055274035
3.627175620543988
3.753759395153388
3.4432309756784907
3.64153500840558
3.4538521746490773
3.3570363437294146
3.566979215381209
3.2532621036109073
3.251364843463369
3.4261761312067325
3.0940346990970395
3.020969846108755
3.279939472972776
3.089115085073944
2.7713964353481604
2.9368147387232675
3.1490274151748006
2.8914416808432026
2.527087858661221
2.5778895392533787
2.897417165319368
2.9786512720930967
2.6542494833565433
2.220226128092884
2.0448905017215036
2.2334309135557664
2.6198815691322883
2.9552990197623057
3.072332123421603
2.93444811601503
2.6008281017613917
2.168654539700529
1.7283559772113062
1.3395524376381325
1.0257980571408576
0.7847990527361048
0.6061044033619489
0.4832666726123628
0.41261029493896195
0.3860253426594669
0.39300273732270086
0.43182072006155775
0.5095477197343056
0.6249134108614479
0.7632578852860584
0.9140113436779288
1.0667522438003685
1.1840734420444803
1.2238056402987274
1.1830725634854962
1.077395150298824
0.9432089190911551
0.8704246259437147
0.9083662073754394
1.0121004883296354
1.1001198620651165
1.0728295377884354
0.9642243766897208
0.9235758063339703
0.9916163715691719
1.0726102286573942
1.0198137546857342
0.9430043171846028
0.9853912496812384
1.0556080227237505
0.996534817310835
0.9548787640145242
1.0292821235767915
1.0217490230664352
0.9567392814491965
1.0238919531739896
1.0123242748192836
0.9680655475430634
1.0286559413182936
0.990578053592709
0.9902631283074188
1.0229020438518837
0.9731196167447903
1.0258263588344516
0.9793934557479856
1.0139287238062973
0.994798315639958
0.998287069063372
1.0047014349298145
0.9974468595212018
1.0006929678643224
0.9991226631192051
1.0000309510889376
1.0068207602437325
0.9862241236320187