3.6349987346993617
2.9808034782940025
3.2410940526180547
2.9723261647190706
3.2608305743771253
2.930998947570155
3.2939872547862743
2.8937462973167123
3.3052999655264625
2.892521012936998
3.2648872294159053
2.9481721080519554
3.1675497541753654
3.043813355443757
3.0542478459757945
3.119779310144864
2.98955948787844
3.1265110210353555
2.9897879668306775
3.087516789911161
3.0046866967358965
3.04962269891236
3.0213120586840825
2.986195591657144
3.070878617616798
2.920761217474437
3.042484162477084
3.0014457951050004
2.881819143168532
3.0714687250272448
2.918141274985709
2.870358083584196
3.0612714757688115
2.8627354960648708
2.8434587703634753
3.030536164871592
2.841067091981823
2.79140034657589
2.9802497403728823
2.848642535870576
2.7332528171508104
2.897874055460626
2.866256661719032
2.7004630912689507
2.7858424357206326
2.8601318622462655
2.7094147177569257
2.6676438726155247
2.796236045397678
2.7613463654183716
2.600506480588007
2.6282253841268877
2.7629375958555773
2.7004733589914998
2.5163217347967395
2.5168370474809705
2.681074973741334
2.706346201468632
2.516325948543774
2.369864497571063
2.455968971915464
2.630429958844612
2.6359659583647836
2.4418482945372935
2.259850663837703
2.2744097285106024
2.4433167782413143
2.5680499564498445
2.5082364048756105
2.304718268697569
2.119803836063539
2.086913854387121
2.2115474043876353
2.385920539347059
2.478532958391543
2.4200145297210134
2.233201982620961
2.0055958690659166
1.8355192554526945
1.7866158218692323
1.8691294195242798
2.0474027617199915
2.2619017297444306
2.452634446335397
2.575424893098836
2.608451736586512
2.55076636538535
2.4162987897658845
2.226692646796482
2.0051843468854895
1.7724906243244694
1.5447414553208867
1.3330024726022875
1.1437912673569806
0.9800626272841907
0.8422925879014272
0.729448775054759
0.6397565633454756
0.5712481710855435
0.5221212198786699
0.49094571082787575
0.47675440616097636
0.4790392443898007
0.4976611877976149
0.5326670464690667
0.5839987305421341
0.6510836307254773
0.7323161310598664
0.824485444567923
0.922274285648179
1.0180339850924134
1.1021026321851852
1.1639212147651123
1.194058140903464
1.1869391271160261
1.14363402402363
1.07362538308047
0.9943338043361676
0.9275757045150479
0.8931907693260245
0.9015624482788658
0.9480330280924107
1.0124604852224177
1.0657807137385233
1.082477382955397
1.0542149552514277
0.9972329345134275
0.9466445025380426
0.9364884774994425
0.974805280967515
1.032300808373968
1.0603816678741085
1.032595440998359
0.9748566621067869
0.9466739678575506
0.9793677682097645
1.0350539039204396
1.0455099613508283
0.9979848779845648
0.9573142101162464
0.9796845685234813
1.0299429984614374
1.031524678674626
0.9850336703907498
0.967688752099902
1.0055178425523095
1.0303280641408137
1.0002577597615918
0.973229784470921
0.9985264449504787
1.0247897502869274