5.65090404110652
3.683575675363554
3.619501101216782
4.020832686346043
4.257425358974756
4.038327077448849
3.810136231943246
3.902601559856913
4.007972651377331
3.9133597629578944
3.9498872682616835
4.110756360814572
3.981430606431251
3.831581614854375
3.9487442236431307
3.8890109226632408
3.777843225686599
3.947490177483885
3.8968708530703347
3.8329739675145023
3.9942122379243914
3.8500503575651135
3.8886735003486854
3.9403650381308726
3.782123882872555
3.933763076455673
3.7792558153181206
3.841506430508399
3.820604638161062
3.745054656755189
3.8416105892910255
3.6787888208202175
3.8272864758275733
3.6310174753433833
3.786185086605654
3.5795383882241865
3.7292015362221864
3.516831077674871
3.6714428366173855
3.46284619066928
3.6312559607277874
3.4507351626390395
3.5955950906180534
3.477086993835963
3.4979641524673624
3.4939247232190667
3.3351607669827565
3.48647668291313
3.2750385279465704
3.419613709311472
3.367863213659277
3.2190056459779566
3.3757185387481017
3.1722247350258708
3.199558522024044
3.3281775937391402
3.0656888733315064
3.1116395329395203
3.2348300917098496
3.0004065513666918
3.000903368425882
3.1509221983084585
2.9647088448027534
2.837985751733233
3.0137343065122186
3.0101665741653987
2.754970023948084
2.718648091769769
2.9277035614180797
2.9157965010895253
2.614205324543845
2.51266292299701
2.7292556009217375
2.8488132438754348
2.6851977053607974
2.3915460623313036
2.27677319458804
2.4742789791015607
2.6925932933234895
2.7218402413122753
2.4971080213321346
2.1535758331323547
1.9490519722849364
1.939625266741493
2.1657338373953823
2.4502906140980154
2.717214792920427
2.828000613313595
2.799174365671178
2.606695172134313
2.341079217068931
2.006310581327156
1.6929437543904127
1.3798004813840057
1.130826592472403
0.9067292094645947
0.7443691825303556
0.612452166148831
0.5208842846750628
0.4640724841747244
0.4275569093678946
0.42859804740606844
0.444927880978941
0.4916434010020514
0.5651325182902718
0.6524448899486436
0.7714643422512854
0.8927993953123091
1.0133657677100614
1.1267566165319134
1.1889686027218378
1.2080790166773359
1.1721249780654317
1.076514133434058
0.974495800363586
0.9005208387559807
0.8799164058349452
0.9344813100734003
1.031245821300905
1.0921440058566858
1.074988621029621
1.002746817424315
0.9367176659551468
0.939835702010992
1.0100811574259287
1.0653063800412794
1.033766512458778
0.9594978622542101
0.9521970418046855
1.0200526436272952
1.049525490218247
0.9922739091292936
0.9575757153912386
1.0093910236242183
1.0361656573967057
0.9814821148760772
0.9719032073062239
1.03136856823749
1.0165573925704763
0.9669293411320068
1.0073783989943854
1.0206787991416737
0.9700181965809159
1.0030388176705147
1.021521093156169
0.9757201376938132
1.013747339559522
1.012899737910641
0.9801338260937497
1.0242350092246622
0.991348169651087