4.589286785478319
4.6369234209207315
4.628285507267426
4.610356738040449
4.591644319542024
4.5783760009243615
4.576638908615138
4.591270347061635
4.623131610441791
4.665930450724161
4.704984196040135
4.721130587562211
4.7012876334916545
4.6514402451074375
4.600501740762451
4.583294635245081
4.607400278643679
4.635496917562584
4.618025029226177
4.558225100836216
4.523316444257878
4.552336150763518
4.5769463258519085
4.519694731783156
4.451164111944765
4.48221056448003
4.520324808580466
4.433070318338507
4.372721775372651
4.450515599539952
4.4200952618539935
4.296355583993686
4.368372005044145
4.371990513926376
4.220410328590279
4.313509720082013
4.281686447576991
4.144197655195858
4.283803657197991
4.126846664190396
4.136967262532201
4.178341460006606
3.9987134791475296
4.164547517486562
3.934201710610142
4.085708703671059
3.905037010924306
3.9910783964452015
3.8683166484438036
3.911195418084971
3.8052429752658457
3.8565584681281044
3.71110862188091
3.82647567140548
3.595068271132328
3.797846815489273
3.500506251882532
3.705488788803577
3.503834325147787
3.492944371386966
3.591109568213446
3.29360791627434
3.510622879356772
3.373150597979081
3.189336562746325
3.4327316629537084
3.21697388282834
3.053904566481072
3.3044417100814534
3.1575024112930987
2.8777754580119255
3.0675696793647145
3.1736326086716424
2.8479513940842414
2.6877695441746154
2.931037755738653
3.0400098233217636
2.740848519573132
2.4397446155145333
2.5185673443094845
2.8115593159555377
2.901643353140511
2.6377578354151803
2.2381402832561594
2.016316697366383
2.109477620686992
2.4273021240799655
2.770182618056539
2.9680866859625183
2.948892191439656
2.7321695386150706
2.3871078740379845
1.9908931078078125
1.6040740365412411
1.2631340161244526
0.9836157870882988
0.767113762992862
0.6080192564686999
0.498394091495649
0.4308479896316874
0.3998850017199906
0.4022321691224383
0.4364862966999486
0.5022025985428743
0.5984061803658243
0.7215113620409135
0.8628668687498123
1.0066655148212573
1.1296868290894782
1.20487842819858
1.2102740217481447
1.142146647604552
1.0264164064931478
0.9175966750919959
0.8758990330675598
0.9267147432525598
1.029685551173728
1.0960649330591696
1.0635385029412057
0.9691610457267358
0.9246769766830292
0.9847036237665575
1.0610296578754612
1.0373916753498498
0.9567251381286711
0.9627043639552695
1.039499473649094
1.0303755733959523
0.9592767351624366
0.9880205612635994
1.042979606002727
0.9873117261621457
0.9713534098975484
1.034933611167452
0.995255639444393
0.9745779302577608
1.0328334090083526
0.984501843696905
0.9915344909108978
1.0257911394879924
0.9714147361999339
1.0209802954988987
0.9926745180803715
0.9945943640756403
1.0155979129681587
0.9789069593354863
1.023824826893308
0.9762751638550542
1.0230937344318665
0.9783388675476514
1.0209893455966812