4.552116563801723
2.973436978593834
3.6612488118217423
3.253488098702002
3.3134119208468973
3.556409162529438
3.1281281949717044
3.5590765241929723
3.2702402090731977
3.3443345739434647
3.3938552052792876
3.3470521726261224
3.300005763447133
3.367459480725971
3.3773715235921666
3.223767254761944
3.4054565376916344
3.2993412508041
3.303006892457027
3.254792310905836
3.3705696199263793
3.261497034906985
3.231401074716992
3.307079405537247
3.2511535794713637
3.299908359147935
3.1191927427336434
3.3320102273757986
3.169280413003327
3.2665256184427003
3.1413763912926167
3.142838008208172
3.26959992852623
3.0912414618071087
3.2181414535729287
3.0743530608543055
3.0649071164339485
3.209553474114766
3.0277684705565466
3.1193564084201313
3.102331504180468
2.91895769067567
3.078166622132954
3.044834481019104
2.9119833794902923
3.07477177335646
3.0152373978356923
2.831603340691596
2.9585480783527496
2.968650155106531
2.766874369958196
2.8332284422977048
2.971371798508564
2.813592557338564
2.7046025319063527
2.8653141607325043
2.9014404431878513
2.6889341195354985
2.61896447110084
2.7844256766802657
2.8214878152463405
2.6137334262600644
2.480889930653384
2.60529676098563
2.748848762281592
2.65445453567492
2.4231417555275514
2.3405229265251593
2.484269700857145
2.6495336775608145
2.6182857708029164
2.3993092389822186
2.1918559575410472
2.1706748198466435
2.333131911760067
2.525802347881553
2.584036098995875
2.450054766826134
2.1928188466571292
1.9448585477759726
1.8193662822730121
1.8602950294723504
2.0395520210054348
2.284673175922251
2.5131775780274883
2.659152656913494
2.6882235106771866
2.6008342259534123
2.4240024882708937
2.194749991042994
1.9438450521813933
1.689339219488069
1.441697839728359
1.212121764041777
1.0136686917587618
0.8540603264367171
0.7298244400910215
0.6307774134778502
0.5512274523062075
0.4945757126925882
0.46524040551951823
0.45919629015938734
0.4679299929861481
0.4910760148419027
0.536973750662186
0.6074241148228299
0.6916054695956075
0.7820911568638537
0.8839058086159953
0.9945677510575313
1.0911523742375029
1.155560880744867
1.1909552330059607
1.19377794206568
1.1469412106343178
1.0621659910476273
0.9785685063625781
0.914671160075603
0.8827860215804892
0.9107000513096116
0.9847448705635106
1.0516906890097533
1.087154737780273
1.0726645919071363
1.002203410509395
0.9409474666928755
0.9376267721276464
0.9799026658341882
1.0446233448693332
1.061546873606116
1.0077607340563883
0.9590599386906344
0.9566573811816531
1.0105917679918086
1.0508835382793906
1.0119110780185936
0.9669601015522069
0.9700407827449313
1.024779285542906
1.0346318984120857
0.9818013258016752
0.9708095409986881
1.0105172579194677
1.0334085369018153
0.9815729758343664
0.9781345629827453
1.0182198441867332
1.019098426741507
0.972549145653525
0.9985628282470005
1.0238609744236733