8.05157271417536
6.129386747817692
5.754140018627835
6.26211136302446
6.022149143256384
5.989378620045778
5.97724310580772
6.11581388886327
6.076272889096853
5.86354480779877
6.000946189221051
6.006574686443709
6.09729657862206
5.920801833568738
5.8853187379701595
5.850910727850773
5.881089550130412
5.981991967336098
5.911653599392996
5.973288875472641
5.871491048384035
5.808070603161511
5.815686840733785
5.705791708358816
5.678594031959192
5.695988944073896
5.621165236843169
5.57900000902534
5.608257549222822
5.5978633414911
5.5492332462736895
5.544789240292028
5.580987934824566
5.5860176682281075
5.523500471741123
5.415527753364731
5.306437363859277
5.24086573835871
5.249431044432589
5.309285709940531
5.325241227307982
5.217765814218606
5.060650726382978
5.027174131424868
5.103065987606148
5.048925920000403
4.8637603704927335
4.860287271476677
4.946223845816692
4.774867033396162
4.68472592697145
4.810861567033629
4.629081231734315
4.577007760669158
4.682092780602242
4.427285808037859
4.546663625796988
4.396554911016711
4.318604089467233
4.353997047185996
4.148009882732654
4.302616341128976
4.031465593954939
4.190553799194675
3.894263232543531
4.048938961473479
3.84598057769277
3.8519333505068047
3.8254438040664582
3.5864071437755376
3.8354319735660547
3.4462328669260547
3.541358023273848
3.6175387090300073
3.193895765401202
3.400304597363558
3.4506394933043434
2.998076604735287
3.0742050234845606
3.337083877739377
3.048454103250107
2.6355556448006987
2.8076363203984727
3.1429764299373675
3.0253277552361437
2.501679353359335
2.159362117044592
2.276274161018676
2.730170308459023
3.1112277382567535
3.223103242079924
2.992490746107484
2.5413158325004095
2.0305012689002093
1.5329500846304855
1.1248379830102893
0.8240372921053338
0.6055985227828722
0.46290761256200735
0.3871675915845328
0.3602493634413816
0.37392185865196426
0.4317815445794996
0.5363362439074548
0.6796480235352007
0.8468028818241833
1.0192385261136658
1.1649898200804125
1.2364205339670962
1.1981435150118969
1.0662435326236812
0.9198323253785934
0.8624676697376674
0.9392130806249583
1.0698418477034841
1.1039900422617195
1.0021487023348845
0.9188041133446807
0.9864564033735814
1.0754335153166585
1.0118377020742149
0.938008600154173
1.0188933675147747
1.0473928533064571
0.956309484077182
1.0019918425004843
1.0421356224795673
0.9607965545261646
1.02126641987333
1.0123920104438275
0.9703382807987004
1.034339086118517
0.965539720610429
1.0233160892571238
0.9849983426121058
1.0123533925952337
0.9955809243618147
1.002965874086326
0.9927632055748494
1.0093448189944574
0.9896029816862256
1.0170445301579465
0.9766910369127675
1.0231597676453337
0.9850255603683933
1.003148843621117
1.009330115837911
0.9835020570326425
1.0132739924824383
1.0010803025283643
0.9856536391732328