10.856556393399261
8.593777058442075
8.373602600343682
8.297608081993562
8.35243134109204
8.484404472804783
8.557882735467818
8.477969323430024
8.365892584286957
8.42837777630188
8.54234778209151
8.404287821623356
8.234029700683765
8.32232060906281
8.277359157272153
8.218305973000435
8.372625584932385
8.148488343363612
8.152464596254218
8.179629865263019
8.1141835099197
8.08502985495094
7.997897334922021
8.067096156810173
7.906688004874529
7.929959882669365
7.914446973559551
7.743135557580515
7.874112598343692
7.679934269466331
7.65971789689207
7.686629525289465
7.573229961699495
7.437637363686486
7.512204195811154
7.485230685763317
7.284054918791925
7.227672757071964
7.206381393073524
7.215663048212674
7.19638310269235
7.057473938208941
6.909905648600267
6.8264145918146895
6.751891869362545
6.659131731613058
6.576058098285103
6.514396572936854
6.455346458690728
6.38105853988347
6.292363386370337
6.204519199144491
6.137060880582341
6.1029348356654305
6.092983783175795
6.0625719786695615
5.950449596064451
5.7537882296620735
5.5924197702450265
5.59714918547628
5.654088655504676
5.4941684951944545
5.251828644755267
5.304930122353931
5.304899363320731
4.968632143567545
5.007339743529332
5.000895278670725
4.677271889621627
4.8697678223116965
4.50363315143685
4.60517688065416
4.398177545337825
4.366762959159393
4.192190601287278
4.235291200092851
3.89637666308374
4.158517175444512
3.6139243936795027
3.9208215014952095
3.668233468753888
3.3127455625272315
3.733914166798086
3.3768758165136243
2.9054430074210673
3.2941837796092117
3.4734954434623315
2.870357818666945
2.334854618834359
2.5696004087250746
3.1931993138537704
3.5272966898761036
3.3315356052228493
2.748157418834252
2.037636851366367
1.4042950049943699
0.9335061350710803
0.621945472705375
0.4348329782542056
0.3397485936718269
0.3158441620255814
0.3533461054533276
0.4502112064177526
0.6056869989368752
0.8095105494123604
1.0285529954698203
1.1999254267990012
1.2482761818917425
1.1407617168768969
0.9532312449696866
0.8570743566540058
0.9540153430944448
1.1016897558996266
1.064540476015048
0.920572137327565
0.9647446740288258
1.0792414029210418
0.9814263991044009
0.9581423394217021
1.063662996641126
0.9623797068371692
0.9997397665338559
1.0283028743320592
0.9628490305515714
1.0410213861080726
0.9585749929404115
1.0419157961689374
0.9614758128714613
1.034753844045555
0.9725144645913684
1.0173620477916125
0.9986633523790024
0.9839898417581612
1.0279926211379111
0.9778231292546771
0.9994126061825968
1.0216154255436836
0.9866118056559613
0.984466720952061
1.0197250935346722
1.0107817816697462
0.9870544734737836
0.9839657861878444
0.9996267659122493
1.0172770875645478
1.0161762713428786
1.0030508330537065
0.9938395508004053
0.9891547743307353
0.985427818333424
0.9840205917998143