10.012134034126083
9.387790788452602
9.400820316287737
9.393108185888027
9.320964552609432
9.207555788035354
9.153298276993889
9.230461624072447
9.328069735696749
9.247491667232408
9.058265934650516
9.019227155517745
9.039210874188042
8.98791585757654
9.095249620403612
9.068835907727946
8.830446772359739
8.937291230428308
8.938340626991817
8.84866616143913
8.740399101802234
8.86868355752189
8.656485487264563
8.717067615160138
8.639486690078508
8.565233580235015
8.588798287921925
8.411110471301395
8.537486594242672
8.282262417559723
8.377851252716816
8.261758033963078
8.186305097642915
8.173593497450574
7.999172248380816
8.086303553909433
7.995680342906074
7.784374836235446
7.800424834408024
7.797193338547431
7.629865960032933
7.505127606563102
7.510309726820553
7.524003020788271
7.449907112940322
7.30682225202446
7.155649998304228
7.0309277182619425
6.933036582148376
6.8487648686525056
6.768144847990284
6.6886466135242175
6.609131314726375
6.521164690615843
6.4125916251925785
6.292501248548515
6.20648316938089
6.18761219197188
6.188467087506516
6.130113451119709
5.9891872283919
5.770842286581831
5.604428782033438
5.6688673512252
5.65863184710585
5.351760220290298
5.2389778705518
5.348286026571077
5.091367015981146
4.913966293856245
5.07552979397629
4.639867819198155
4.817276834970356
4.521709300427818
4.512830364800851
4.360824897673096
4.302571128284183
4.072707808982566
4.213973104436061
3.713237257871453
4.082841236390619
3.5663243930491677
3.541361079278657
3.82718712884975
3.1697774268523826
3.07477151975644
3.573140603876466
3.28410881847004
2.535385465318904
2.4493325268284787
3.0498925774490147
3.5679401671437674
3.5099069201541386
2.944742423616339
2.187036413426248
1.4924015118780196
0.9704490254269829
0.6270419032919432
0.42621047946104657
0.3286533295084566
0.30724303270703224
0.3501767458922047
0.4574460580411304
0.6299480355811076
0.8516065500923387
1.0750514592497096
1.226379581340335
1.2336325450039778
1.0832708372989253
0.8943459399320286
0.8717003088092099
1.0330063762875528
1.1130841289592397
0.9840749399987611
0.9167018514521819
1.0546853912359706
1.0342465588410292
0.9309081206223507
1.0506458851402183
0.9931704693192608
0.9746712518705902
1.0441252432213235
0.9520150442347843
1.0479713333319858
0.9568501983381544
1.0395193900993764
0.9653061152370724
1.0309927914534236
0.9784523755163662
1.0035757704767596
1.0201257925388754
0.9704698683934202
1.016469464637926
1.0090607590688612
0.9759618293088524
1.0069188133570868
1.0239476696782113
0.9951927272729308
0.9784459925120386
0.9946338177258695
1.0145499329940912
1.016595174083782
1.0048719306129674
0.9919844390870766
0.984921336405468
0.9838455920924315
0.985985037834506
0.9884729679528702
0.9893495777019102
0.9880339851713663
0.9858422247091492