5.987257835069499
8.08099167047761
8.019847499714304
7.689699616069193
7.729220938667245
7.765154133578969
7.589674357272539
7.759774935563952
7.852298895602895
7.690300112468015
7.864170888362555
7.701474718536339
7.747513207976578
7.710396915002073
7.660945309100109
7.683907123286215
7.615804081150941
7.609232766108067
7.581114750001223
7.460664944323998
7.522155702357227
7.31987817738203
7.42773297225477
7.3964705393060095
7.299367606237045
7.378278235215561
7.250585437637762
7.117400680868204
7.218099012661965
7.226167996574263
7.043449632907723
6.965820810266886
6.998509129671197
6.98596905596334
6.980432258462746
6.870285980096341
6.720983443103631
6.680498066772497
6.584646617120003
6.59365579331145
6.533640530617248
6.525732953862702
6.454518465689994
6.426340696413686
6.326651049188291
6.285080361259941
6.1578832746763075
6.086677313109141
5.980907528769202
5.888503269686927
5.884929109938766
5.873798680452964
5.8662006605577295
5.810314678263339
5.6226273200707
5.4471507264465036
5.466048324569078
5.53810666463965
5.3723942920843895
5.141673074584912
5.2044426675147895
5.193699843619156
4.909807139949483
4.984400145081302
4.95121433471465
4.658097737914563
4.840281134471426
4.522618799900272
4.584978638772337
4.4367240145542
4.350152450846727
4.2991512046952876
4.185824667527967
4.082837823074778
4.105313213878759
3.777057946114039
4.048801944755686
3.5392968899175026
3.7316332014728752
3.694220247163509
3.213367881604244
3.540410358609091
3.500100837867665
2.9037286978598997
2.997240816221954
3.4201005653606362
3.149476873604231
2.4915905575530943
2.304495237554125
2.7326293122867122
3.28634368197941
3.4540092152694712
3.1421670582788046
2.554216948531812
1.8899242659011064
1.3307266077786302
0.899668550757873
0.6179368804075326
0.43873552679889705
0.35016480402731903
0.3250127669661861
0.35658291530945896
0.4472927811824039
0.5850285282431659
0.7771675583289528
0.984248971270302
1.16122514646141
1.249268674400389
1.1853328846382125
1.0180491237976481
0.877336494112053
0.8913267470102031
1.038075233387262
1.1120699512295915
0.9999015211130567
0.913153234696681
1.0193958489502994
1.065559657492876
0.947384057896573
0.9879414966407146
1.0595441576115547
0.9538355665164922
1.0180155366285253
1.0171359008209329
0.9647638427592549
1.0413885938039853
0.9583401753363165
1.0369282597007143
0.9648124458769354
1.033151796024908
0.9681152814707304
1.0331406941026307
0.9746038640330047
1.0207884733151957
0.9976755935931869
0.9853329809223496
1.0226803161264926
0.9804755472688118
0.9980714691880931
1.023289551674756
0.9868944661223904
0.9845557618851162
1.0170974008475675
1.0128071950379745
0.9847882513014147
0.9850843463892577
1.0065485276137591
1.0149189577090958
1.0112548599095403
0.9982378341061394
0.9860740239423373