14.413161786799092
11.399140365607337
12.229377878559498
11.626107088109187
11.920258017345782
11.812334841147322
11.926386192940237
11.628980989593899
11.770286158659882
11.898458660766165
11.683957348420869
11.68962877842613
11.70299790660834
11.540472829482953
11.43901768526325
11.478524316367254
11.524938960850044
11.490467637395918
11.394975968685339
11.289501626052948
11.206071961037422
11.15345474581964
11.120927999725968
11.078667753196033
10.999483124627066
10.910336888815856
10.887034739737695
10.91324218118796
10.843526466553865
10.68258942814521
10.563212397578157
10.437843871974263
10.433822656491776
10.435830094180318
10.165356732437505
10.143629285658207
10.11611222749926
9.920878870942307
9.860466502517054
9.79874692227482
9.610558877910908
9.598522767033312
9.40602893306122
9.38650042776065
9.183185991474904
9.108166044658402
9.086577489323675
8.78906185058958
8.797350539735096
8.692275903510657
8.438187072295202
8.39321982406331
8.393510113018124
8.224743397197367
7.982703623238975
7.8122744786278195
7.726485860096382
7.666625671023726
7.58794298848939
7.479290824389823
7.3492943734624925
7.212872023230678
7.079752242558918
6.938320540672906
6.754408246726674
6.519220771194623
6.298538539132838
6.172513280048422
6.150254904926804
6.149582141205979
5.936332283907093
5.563275119076099
5.569079831705964
5.608441085634032
5.174946775843058
5.134431518688416
5.164830456792754
4.656564690511338
4.958564175721694
4.356304999809288
4.67588811394951
4.04060845719051
4.4464389099061465
3.7460862528847447
3.9919808871944733
3.904588031475018
3.1949902503346657
3.6924402094855635
3.6808335824901666
2.757450450179074
2.5915008759890714
3.3343600583458803
3.8414950503085197
3.537377630524795
2.6993157778576236
1.8008681251306717
1.1055185075683251
0.6593321099382434
0.4110147546137951
0.29829643114034277
0.28110436983545833
0.3447285031257921
0.48871025278616964
0.706831710887044
0.9650382113389495
1.1870485494746785
1.261514550064268
1.120973630685264
0.8980256953452894
0.8747498217440575
1.0603124661959635
1.0980547584818707
0.9260017989404237
0.9785199578274778
1.079884177596783
0.932439247731188
1.0346097709365616
0.9994287146196156
0.9834464871305086
1.024395253455688
0.9808636411204151
1.0092176355703004
1.0066701859278322
0.9783445176041832
1.035563059044892
0.9676384932449755
1.0021585492229406
1.0304917875122428
0.9817270323885041
0.9817037556905107
1.0192840873992508
1.0222348086554074
0.9958862478832127
0.9775906052425738
0.9791332689508109
0.9910823947406601
1.0030434910812824
1.0107421670665127
1.0137822876778706
1.0128102240729155
1.009010581564491
1.0042185217775348
0.9989223125637662
0.9911456096574586
0.9838703256471141
0.9892764676579692
1.0065382523595068
1.0129356699189873
1.0015517378538366
0.9881254322260913
0.9993128306048465