2.2438547623106664
2.242599806287723
2.2388465219033846
2.232629525483981
2.2240060634294347
2.2130553466242646
2.1998776297975198
2.184593046855276
2.16734021613147
2.1482746322577793
2.127566863909087
2.105400579006428
2.0819704210272185
2.0574797618585943
2.032138358112386
2.0061599389828144
1.9797597545564598
1.953152113969078
1.9265479429398265
1.900152389999065
1.8741625101636292
1.848765053910024
1.8241343880619425
1.8004304591975697
1.7777975247822722
1.7563618799032943
1.7362310403946966
1.7174925285090725
1.7002130377537916
1.684437779778059
1.6701905230080514
1.6574729039570608
1.6462655269980042
1.6365272493098617
1.6281973308530262
1.621195666895968
1.615424065139493
1.6107679165905555
1.6070977787586924
1.604271493247912
1.6021358971120176
1.6005292319269675
1.5992833910973498
1.5982263024896748
1.5971843626369076
1.5959848910081422
1.5944585722205538
1.5924418303207528
1.5897792452626978
1.5863256212119194
1.5819481769635078
1.5765283487667046
1.5699636203413703
1.562168929844921
1.5530779353048376
1.5426439952813147
1.5308408688687476
1.51766312191023
1.5031262301400492
1.4872663740520378
1.4701399245731719
1.451822623053443
1.432408463611334
1.4120082904409226
1.3907481161956146
1.3687672481988393
1.346216088911014
1.323253847645041
1.3000460469012731
1.2767619182749883
1.2535717023493098
1.230643983613654
1.2081429947117164
1.1862256157726419
1.1650394228485341
1.1447198072990317
1.125387857106135
1.1071483903147028
1.09008817356638
1.0742746251335733
1.059754545859413
1.0465535134535398
1.034675518402686
1.024103026780417
1.014797449286065
1.006700015852459
0.9997330472467215
0.9938016069846173
0.9887955087433208
0.9845916223831677
0.9810565829253771
0.9780494919766209
0.9754250417303189
0.9730366383589228
0.9707396056527121
0.9683943769197599
0.9658696053147435
0.9630451222176688
0.9598146743179204
0.9560883727416334
0.9517947919225529
0.946882661949541
0.9413221105943708
0.9351053850623389
0.9282471051033216
0.9207839171531736
0.9127736345022446
0.9042938348634896
0.8954399446813995
0.8863228467570908
0.8770660572599785
0.8678025601914455
0.8586713009083976
0.8498135703002989
0.8413691097296053
0.8334724329452331
0.8262490542627005
0.8198119671443159
0.8142584449518945
0.8096672111821952
0.8060960872798184
0.8035802551537203
0.8021310424697337
0.8017354832516108
0.8023565349509933
0.8039340203174722
0.806386273658165
0.8096124586769158
0.8134955033280904
0.8179055761246236
0.8227040088188612
0.8277475530362128
0.8328928439673022
0.8380009332399767
0.8429417461465226
0.8475983159366514
0.8518706502202094
0.8556790918252031
0.8589670487340042
0.8617029848052641
0.8638815845348855
0.8655240305865807
0.8666773615317358
0.8674129083180521
0.8678238404395966
0.8680218854992011
0.868133317654848
0.8682943401058735
0.8686460130932436
0.8693289007069196
0.8704776260643556