16.65198821366073
15.555912627831782
15.43026969013442
15.178143701602078
15.027760108534462
15.174206614611977
15.232797933449788
15.08439435463638
15.246388079799319
15.229783443886035
15.125406473505189
15.047013536106657
14.858668948320101
14.981636866177015
14.97004900883294
14.723506560679077
14.80602293111521
14.729606423396552
14.512232083832899
14.676386420927274
14.409386226906534
14.435946633503518
14.180714760840537
14.281612953969448
14.095985244682334
14.029561575967914
14.03795952721152
13.80826385867737
13.68015630299172
13.679473853828236
13.585242730656981
13.37971163860268
13.167765249844757
13.014133851295808
12.921601921535105
12.835598052107253
12.687485106665706
12.518698737919678
12.403751999800312
12.241792028716974
12.089136140263404
12.048354341759348
11.938366137471716
11.82182520498399
11.507582641291114
11.374177167528483
11.329956279619777
11.115593908188112
10.878781659222748
10.859311682870628
10.529112283001922
10.534301989425622
10.207516328579558
10.167839661856712
9.824606447769908
9.864569141375068
9.520945714427652
9.394254661515841
9.350164665606217
9.007034800252509
8.777029658039487
8.739652960083589
8.63110296692582
8.379088734254765
8.08648638707356
7.836905733760397
7.637117753440456
7.445790088675099
7.239274470851387
7.053052392113323
6.89663226986981
6.758630135375209
6.707730977976152
6.628277637597237
6.369744411315886
5.949126876660612
5.7582469401871705
5.886362123814081
5.553179030611883
5.127635891459934
5.395806127538631
4.781055102785326
4.91059727137681
4.491108618836119
4.561512831420973
4.0104345464881455
4.434126593901177
3.4774866917614977
3.8665367799280967
3.940764215049071
2.8465298887002763
2.8611358324472107
3.7923704990009974
4.04339526010167
3.2966130579851285
2.195083480492744
1.278917228213529
0.7011649743962464
0.39830409431452846
0.27052386839825304
0.2605849716148534
0.3485499109415626
0.5253011349349227
0.7878617667496316
1.0812727216930282
1.2598092089312176
1.1995836026647995
0.9464741380608865
0.8549424235294878
1.049640494450857
1.0987593192297405
0.9065117839020994
1.0271619354868866
1.0356188343687585
0.9430688497395625
1.061662107098315
0.9431002902766069
1.0543818656009343
0.962519255617024
1.015340125037301
1.0151102553010571
0.9585584407223421
1.026096545319516
1.016975115088712
0.967383072290241
0.9812209772451524
1.0183728053945347
1.0282396383580013
1.0150738087819153
0.9983941310469693
0.9864069701403279
0.9805411150696459
0.981864543516122
0.9861130581581432
0.989443367377521
1.0007906038750387
1.0141361019168544
1.0166422012066005
1.0075560272750388
0.984857799928133
0.9915477895981518
1.0121074537864319
1.0037182803456262
0.986813095666766
1.0107986102174202
0.9957309552720245
1.0002640881946472
1.0022711288760728
0.9952661023454207
1.0031236333795763
1.0030729738475976