16.462570672169367
20.08420509064491
19.986638172366238
19.534129196108864
19.6915227158683
19.508166518521943
19.480999044254535
19.494412598002953
19.439352657137633
19.393102394592034
19.52215743921598
19.31932832281625
19.338009447792476
19.253850793070622
19.060204442898087
19.009408165511083
18.909768448177143
18.87876260048182
18.885709986658757
18.701383353799123
18.682881015358532
18.480742802469653
18.417907872049213
18.229101080032883
17.99946622638509
17.87147871648985
17.753781669035753
17.678098604802774
17.491827270392918
17.260751821806
17.26614751709878
17.027368187830106
16.846525920211484
16.731878946745802
16.487675143390863
16.351078217764208
16.19217930098291
15.867274475166255
15.804960412530171
15.567479475742886
15.287220627889296
15.139702638635049
14.99859530135956
14.847741273626466
14.59599410556671
14.331922499567687
14.114197579462845
13.874597572773487
13.689497016741544
13.510783486145952
13.29635330878375
13.067735386178795
12.715821517223887
12.406554561924231
12.321766170667312
12.139539731261038
11.721316379430615
11.647319974962105
11.334784856688415
11.072423368133585
10.88601154715387
10.608899872492037
10.328415997318634
10.241855725962262
9.75588952610261
9.619308295982629
9.51247904598176
9.130012101092088
8.747434035328215
8.535520996088087
8.417346552437674
8.237672873544692
8.047595406808083
7.802811178667198
7.558936645655663
7.241809197806008
6.8905375902858985
6.506173020208229
6.286436497404346
6.33831713628762
6.189616189271366
5.545213472690567
5.4672200938087725
5.5114596403628155
4.725004654024934
5.1583841646868
4.223267307079253
4.791187603770352
3.7181373199949346
4.190031763735466
4.019471653308703
2.8395731859023505
3.382103289807128
4.287535917377467
3.906440400799192
2.663207193234821
1.5005715568832159
0.7606144625332336
0.3883329771170148
0.24613003840232642
0.24585181880146126
0.3518796896466539
0.5716335669746903
0.8784151876870552
1.1782053688791942
1.2753587271239155
1.0595958420036815
0.8404109199921834
0.9952891399927437
1.1210903095628224
0.9119332582529452
1.0379754491979023
1.0077789813926237
0.9829253234354869
1.016759622729793
1.0059655120591204
0.9720627596962526
1.0521754087152753
0.9644737428142469
0.9822919371182326
1.040118864686359
1.0166027600620064
0.9730071766704057
0.9672107373386308
0.9835058785634794
0.9956879114851446
1.0064160980962022
1.00382785577689
1.001307431432209
0.9889740660766759
0.9792351402039946
0.982266304998203
1.0002690617247891
1.0184949405117465
1.0024545669965654
0.9838520759863962
1.0121678038369564
1.0009831962880305
0.9893992795649967
1.011663449595845
0.9858181344211082
1.0106615566840191
0.9919987492025327
1.0003122641840811
1.0108983645189644
0.9894115361496193
0.9979001859196541
1.0105333313689726
1.0044925398582474
0.9921243699914433
0.9889219992909385