2.111165741334733
2.104887803920523
2.086269993683963
2.0559479440831465
2.014940818801872
1.9645944354044729
1.9065082264134356
1.8424518760934185
1.7742781508097103
1.7038385145877684
1.6329075887638156
1.5631214522748889
1.49593312466621
1.4325872195172238
1.374112955346154
1.3213342844457785
1.2748924515641498
1.2352773336096101
1.2028616183269119
1.1779324589680629
1.1607161916877884
1.1513920861879188
1.1500931721852583
1.1568936469065474
1.1717842746599096
1.1946388669183179
1.2251763118188168
1.2629235403057082
1.307185163938586
1.3570252617687977
1.4112657777060098
1.468504969791066
1.5271566248595052
1.5855103211890211
1.641808051187602
1.6943342585050114
1.7415116821809067
1.7819955094241209
1.814758250432891
1.8391575187457925
1.8549801839335203
1.8624580225884608
1.8622522053901396
1.8554065005870368
1.8432717268363017
1.8274065144154403
1.8094616023131114
1.7910565052927834
1.7736581766563404
1.7584720737440325
1.7463533429459481
1.7377453130532938
1.732656459500165
1.7306662737342517
1.7309715585266603
1.7324629122085675
1.7338270969848404
1.7336660250862126
1.7306230966764111
1.7235054554987468
1.7113918899601193
1.693716938888432
1.6703239460928236
1.6414821952258127
1.6078667201067753
1.5705024424141014
1.5306775604104956
1.4898338494187269
1.4494438868468758
1.4108856932713518
1.3753269481342636
1.3436289869173237
1.3162788748481116
1.2933570204022078
1.2745420452762641
1.259153512543291
1.2462278357386452
1.234620352850962
1.2231237049474375
1.2105910262159993
1.196051872320965
1.1788094091076253
1.1585091353935852
1.1351720994298387
1.1091892972445903
1.0812774662284832
1.0524009708370863
1.0236676696863056
0.9962095921730151
0.9710615658780389
0.9490500864965621
0.9307055089213143
0.9162066216344485
0.9053646770730585
0.8976486564184794
0.8922494528546571
0.8881760149116207
0.8843726942548906
0.8798443521473863
0.8737745781192093
0.8656228670227377
0.8551887997884406
0.8426349874300874
0.8284653788020472
0.8134609768439147
0.7985803259590271
0.7848367892810795
0.7731679797464884
0.7643138652293776
0.7587197315609129
0.7564771054527516
0.7573112108703338
0.7606175250878464
0.7655434558158147
0.7711048988233619
0.7763223337561767
0.7803579383079066
0.7826344871516367
0.782918775362766
0.781356819534951
0.7784546217426261
0.7750059855081769
0.7719766777663399
0.7703610066093202
0.7710314832792461
0.7746040791997872
0.7813398596099346
0.7910990280658832
0.8033558302308121
0.8172736045454981
0.8318298018230629
0.8459725294048308
0.8587844901571676
0.8696281339488867
0.878247943874259
0.8848119155530862
0.8898836546132746
0.8943277262017452
0.8991621576426952
0.9053814188743547
0.9137790817244191
0.9248004922024479
0.9384517340572636
0.9542823517612653
0.9714470361096977
0.9888377473536081
1.0052649328943333
1.019656941419593
1.031242343579369
1.0396817098506004
1.0451234521528887