20.0313420919159
22.82671805311259
23.372289259963893
23.535204776809447
23.269848624699218
23.416768073981796
23.284778061820237
23.17896274433923
23.04793549396679
22.952564927485863
22.85387165940394
23.054216149458863
22.82261224006365
22.554765358017637
22.71017106543436
22.52811124549391
22.46523976337774
22.2811560846831
22.190752343377532
21.941482664737624
21.974370613610905
21.72682774800595
21.56026811303049
21.533483758504982
21.36473603082132
21.086992004081157
20.884765788191405
20.709904745772143
20.451572944586736
20.306436566253463
20.100652956776734
19.938692971170646
19.79410664421809
19.66109634702902
19.336734918814706
19.048279700255378
18.902208500945694
18.703376069432363
18.314192697975457
18.267349541890603
17.889088078520935
17.77780574803829
17.361104741539325
17.283022999134598
16.89370008386263
16.61169180611473
16.485089431964386
16.170068283257386
15.771042802994423
15.468131236312423
15.228646540572825
14.951292449939785
14.691166761750965
14.406626115703489
14.065978274356235
13.776180117109885
13.50581418417876
13.350227234071724
13.120289640248119
12.637788606009297
12.345913411828114
12.25871153766897
11.726045087879577
11.602957707771257
11.156359346169888
11.02174016646516
10.508495512811475
10.477705868240442
10.007011863583605
9.628435761070753
9.56263384329213
9.331299320692647
8.89862310402604
8.465523061316826
8.127148204540314
7.837689246554281
7.528410928509527
7.250932920216638
6.996793447171585
6.876017858642035
6.804695134201591
6.525079169445348
5.861405172183846
5.651258199638368
5.8396232872298715
4.977619851600171
5.185787069815246
4.586102207761775
4.69458756435347
3.83529567078881
4.5947586417126995
3.356024805835589
3.0830466014220854
4.261066865823431
4.2846987054279255
3.023678952650234
1.6733574712081167
0.8096169881112847
0.3844376721296864
0.23175568195421925
0.2358450704722997
0.3589437802953385
0.6037665923554575
0.9401436008106869
1.232869899571424
1.2424425858134047
0.9551653115941307
0.8599757156742958
1.1064852716189593
1.0099549397397776
0.9350036730351678
1.081971176232944
0.9288395807810512
1.0649653812869309
0.9644239728355718
1.0001058275642967
1.046884176940777
0.9618499693428441
0.978223916929283
1.0315577028486151
1.0341312291339964
1.0098055721191157
0.9879722699333652
0.977347635325112
0.9795941305026121
0.9822683949591804
0.9952826961729376
1.011368276869093
1.0249067726733025
1.008435758206864
0.9825695879832951
0.9938246354744313
1.0180345503619064
0.986030098312265
1.0057057786558325
1.0025645887368122
0.9983662713102243
0.9989701425256968
1.007396515892998
0.9861243485951252
1.0110998041307122
1.0058755899189142
0.9890690247923037
0.9940134208617951
1.0052129519749704
1.0110100988979283
1.0116713373157051
1.0077105455075075
1.007946025949608
1.009477417948149
1.0092093909931947