14.911438500782191
14.077373192438086
14.025116473161134
14.058074852765973
14.148709185211597
14.172973150622425
13.998887249471979
13.76991604697488
13.839193251538696
14.036274970095239
13.88005493274928
13.780448995010534
13.806412180275474
13.69925821693362
13.778292915353788
13.513676192455774
13.719303092410307
13.385055799266617
13.576660313285263
13.3165868614838
13.328640066490777
13.288734477212792
13.163533698303674
13.019879275294937
13.035038123444616
13.029298446294158
12.819957078105372
12.630709391747706
12.569727423413248
12.53418805420633
12.455559539470558
12.346012102657683
12.228378195361465
12.105918101901242
11.971102830348961
11.820844384922797
11.670039295530048
11.55590676612791
11.505655257772137
11.464126565355796
11.308252321750622
11.077405931707316
11.00831215718864
10.961372521950114
10.653600836624397
10.592717762942721
10.52788036258085
10.213717613630577
10.254786156366073
9.934343406600329
9.94230338856078
9.65512243736963
9.584427438010625
9.456760210122207
9.140036949520008
9.188921099431738
8.972819359233457
8.666917209878337
8.589680049101418
8.5391501239839
8.384024533495436
8.148117393682524
7.893445803864997
7.669495937338016
7.485299890151088
7.320700857068687
7.155149951326868
6.983592050230692
6.820095265835468
6.694629123613253
6.629791576281862
6.582516833480086
6.410925559135524
6.038020629208457
5.74215988710797
5.822832929797095
5.744357491952851
5.225073601809596
5.309657407869433
5.151512592209432
4.720385544677413
4.9765940455694295
4.28865215263946
4.687954117215073
3.958947296247577
4.229348283988267
3.9747376452213046
3.359430859554172
3.9975187116153688
3.5541837333736686
2.6399458099113136
3.0092176769339103
3.8628600927431824
3.897770427237802
3.087201002109162
2.0510331485893847
1.2178661470812238
0.687800202349396
0.40222069278296485
0.2802955581997194
0.269066312501165
0.34749559100525257
0.5136840199462078
0.7611998358635578
1.0434115639723023
1.245750496566439
1.2308069221888458
1.006517266880652
0.8473371463581146
0.9849777695465526
1.1230947393246031
0.9578453641978328
0.9503054126418448
1.0876550086876653
0.9322834089360746
1.0411716985189887
0.9818085182603008
1.0129630380418329
0.9842835029450221
1.0286340875998903
0.9600209002623568
1.0426568290613736
0.9793802697221414
0.9824997495721286
1.0377117345971696
0.9956394590856239
0.9687998992977959
0.9985684728170026
1.0240692040210333
1.0224568715258855
1.007077576528145
0.9917356869511467
0.9822206551006609
0.9785666577855272
0.9785707572889965
0.9806544616990289
0.9850601675286276
0.9932166658853633
1.0050822788992229
1.0151221617997754
1.0124812394552927
0.994497274090874
0.9834623474188939
1.001463564541166
1.0150183604666263
0.9923393315780431
0.9949998471027969
1.0106811054436586
0.9890017571346614
1.009854952401174
0.9915131082884872