21.36632657738781
17.626952648558227
18.482546422731833
17.821921729720177
18.10665013227482
18.185166131420637
17.88185702911027
17.96638323068588
17.961523233104597
17.84461854424094
17.83225622031118
17.875760071688063
17.873882595304966
17.816784884018535
17.73630027088636
17.65148854689545
17.558396623757837
17.444071610149706
17.31310280139881
17.195223209331303
17.083298748600622
16.91600144451694
16.79578171085118
16.845322619005334
16.654950014607408
16.407252153173786
16.50115614522594
16.180745433756883
16.16690834200676
15.967570516445969
15.847878292556668
15.695309872765481
15.576785438075904
15.311033855123267
15.320949886410338
15.111144211155258
14.80171698688434
14.69508927273798
14.637552593146944
14.476567115645624
14.244562078680866
14.00891919456255
13.791631543286464
13.585873096557224
13.385361305068479
13.199883468716365
13.052765501945144
12.944317539057186
12.800216972139786
12.526899311703296
12.201612230004404
12.027796965026983
11.947002805913124
11.65837352941682
11.36715917158941
11.34086658521819
10.906137759926589
10.91175125181338
10.463844185043557
10.490630931385327
10.035896042375814
9.964254564279537
9.763062053487973
9.364258411896605
9.269629952967305
9.160220421941318
8.833704033123453
8.472144456888843
8.205198138943194
8.009803799917655
7.826618239732435
7.622528713932795
7.387987723370885
7.124932944349625
6.851534510741426
6.624202482174463
6.527937203427646
6.5214351929776075
6.2748362045530195
5.714611513449096
5.621553850213546
5.727982817682268
5.010631591969943
5.187819906114961
4.774701431441741
4.642064871610323
4.3377150503327275
4.429180632822066
3.5681090778538
4.298019895989592
3.588858690514793
2.7433576584629473
3.5430709417208486
4.247568035369997
3.704485896361578
2.501428458251541
1.4237308539335516
0.7402527658848007
0.3907154264039497
0.25325368853925084
0.24918878368090117
0.3505192572599738
0.5560405422390643
0.8502238543665371
1.147504050703944
1.2747345330824957
1.1118969124131721
0.863864651055109
0.9326570518193051
1.1311839228056313
0.9625441541627948
0.9613561981079027
1.0756373299184951
0.9258039846124727
1.0699029630677828
0.9396524262102653
1.0521686063828473
0.9697999082111565
0.995174405431737
1.0416656593516036
0.9677535351294615
0.9771027818987881
1.0297006340315777
1.0301954880116224
0.9991768747280498
0.9776102767323978
0.9729253111443164
0.9759247416017661
0.9787457889251524
0.9784962290729605
0.9763951644714897
0.9777889195474496
0.9898864870171594
1.0108598593292408
1.0197181573135874
1.0002094486782729
0.9833920794476246
1.003982466828554
1.0115945301186788
0.9853187327212227
1.0103039921844899
0.9947557038564087
1.0032551955202047
0.9956184909588909
1.0081918248442667
0.9882377286849192
1.0113835308792207
0.9959771605676475
0.9934752213959492
1.0089833098818823
1.0041594446796382