28.532833496174604
30.045398255071
30.029193271143846
29.78718286598847
29.719556488456004
30.029883531767254
29.97262728478431
29.832660868815807
29.753216072251664
29.56931826866888
29.663250071357517
29.42186818337066
29.307332533360633
29.189101646411704
29.229321372131047
28.92051897097196
28.655860537716983
28.562319765306356
28.3883955536105
28.15124926232477
27.932040848772303
27.75913491992699
27.638005584079295
27.49500376111851
27.18687074488235
26.874339545861968
26.83262370840873
26.512124059391077
26.221340826491677
25.955736004157774
25.755562626038124
25.33235277798147
25.246489637814204
24.809969453466074
24.480778436429503
24.204541065167906
24.01382226483819
23.725269169806573
23.35891401469344
23.020304549204305
22.709509101701517
22.378833442047494
21.979654937002604
21.52611073649674
21.176915708304605
20.960322614147785
20.49557688764416
20.087496705412224
19.89659893088044
19.326331233504508
19.11260442578354
18.646304886648295
18.226157878501255
18.033438110219677
17.50312161709069
17.043589491603573
16.682108222028763
16.36522281527514
16.046460755916705
15.676966572056793
15.259931056432347
14.801595331769201
14.317362256467264
13.906682471057707
13.67946393276139
13.383015290273478
12.765406356655753
12.521750954679973
12.136013705167887
11.650561394042363
11.38708130864555
10.991418133799591
10.441534860539953
10.355795707432575
9.915793300728403
9.30322206436939
8.940050157135627
8.687277978081955
8.41849161023203
8.104740970716938
7.725689013040583
7.260803316598349
6.750882090840842
6.423103060576318
6.475328230363814
6.252015235184858
5.318967969883273
5.518928520901616
5.014970689996531
4.70112476699665
4.333945601755344
4.602237526191721
3.0790054495622536
3.9229429605174886
4.720813924841475
3.620834820803667
1.9865482580374874
0.8937903804856512
0.38328751358151636
0.21247998678247867
0.22448767364746597
0.37197248373805764
0.6569306344684428
1.0316788637775558
1.282588857868459
1.1428543180195223
0.8463657280255492
1.0006761146908827
1.1026799827453335
0.8955511980383528
1.0948451956321725
0.9202953248205028
1.0675108175087176
0.973670742810308
0.9683184461903908
1.051460221061205
1.0193774446794321
0.9693500950548186
0.9577226280463915
0.9702684113573895
0.9815713359451212
0.9820054129280938
0.9748221132529221
0.970454476446615
0.9846364266899245
1.0163698220584547
1.0189756320876877
0.981341646556118
1.0028858208702245
1.0114852128431504
0.9831293738867707
1.0158577518420397
0.9897290498611786
0.9999040170698629
1.013639823682117
0.9849895294473877
0.9945954389580156
1.0109917716920045
1.0123740265214516
1.0081899473573759
1.0028597119634575
1.0003957434761173
1.0025799734201493
1.0077835381384315
1.0104046442551784
1.0024914082956031
0.9896382162696113
0.9969075511192049
1.0084964991579983
0.9920722491069273
1.0066845840681176