2.281857909631516
2.260401584988997
2.1983907892122967
2.1024797982017263
1.982463230810039
1.8496694323664482
1.7152852684878
1.5889837428289715
1.478112647960779
1.3875248150367405
1.3199412598313798
1.2765995639404275
1.2578863816942598
1.2637002406873485
1.293419826769355
1.3455170056038992
1.417000476933402
1.5029567047217591
1.5964440692209612
1.6888984787966705
1.7710533990706472
1.8342165515139226
1.8716256803016675
1.8795648550641235
1.857973184631315
1.8104008406450256
1.743327504043881
1.6650080579798394
1.584109325274678
1.508424291037294
1.44390163919226
1.3941258788159179
1.360260680436332
1.3413721675806964
1.334987970503002
1.337744181306552
1.3460068259489884
1.3564072026084377
1.3662749362247657
1.3739737365877063
1.3791338703399763
1.3827499999267632
1.3870919415086125
1.3953743322215084
1.4111717884813082
1.4376344349060781
1.4766401021989302
1.52808174084165
1.5895025089901667
1.6562394179656246
1.7221233055476837
1.7806323741399288
1.8262553437579532
1.8557279540715648
1.8688049807739837
1.8683253785276859
1.8595042202211587
1.8485954893374013
1.8412553452773726
1.8410368420382675
1.8484324296558323
1.860746047802981
1.8728476601744404
1.8786197854077409
1.872700465529805
1.8520329552499941
1.8167785114016994
1.770324377031655
1.7183778430654528
1.6674018829440418
1.6228444456248863
1.587677684225109
1.561671734429409
1.5416156454127588
1.5224134035151693
1.498720532115096
1.4666240372260373
1.4248554130456965
1.3751701117414774
1.3217845733952382
1.2700541652834654
1.2248134252491547
1.1889039943794675
1.1623566651361465
1.1424831805030486
1.1248403834671554
1.1047458679446318
1.078843714745985
1.0462021314794114
1.0085801702421149
0.9697793175993823
0.9343056634132256
0.9058053864035195
0.8858162596943313
0.8732710487717326
0.8649268236541466
0.8565667240479428
0.8445423930875431
0.8270977098590637
0.8049882227572592
0.7811646988778153
0.7596347588556254
0.7439275360683796
0.7357435685102395
0.7343109601446177
0.7367045941579645
0.7390134934773754
0.7379041835057729
0.7319602810522619
0.7222544512651811
0.7119076556999696
0.704799674808781
0.7039503995913408
0.7102430803603904
0.7220356833679297
0.7358449456827465
0.7478331067954547
0.7554713213435019
0.7586562002806145
0.7597724566919257
0.7626451593838534
0.7708202951954277
0.7859313976777409
0.8068987176588044
0.830353456432977
0.8521281028625987
0.8691510239193032
0.8808678154057482
0.8895012490139177
0.8989879713190442
0.9130591882928578
0.9333655627194322
0.9585614715554263
0.9848298931601904
1.007636740826438
1.0238830513109614
1.0333910469705445
1.0389544523396304
1.0448834050976057
1.0547425262488597
1.0694236308028366
1.0865640593759707
1.1016557255781203
1.1103124112294633
1.1105296205328492
1.1037343940320887
1.094032057163866
1.0860137884534766
1.082286065948661
1.0820727477456258
1.0816880591269347