2.263234644825744
2.2212839201256727
2.1084957546617407
1.9579675453708447
1.8080978226591067
1.6875365045485107
1.607540518363428
1.564193605765325
1.546810382865612
1.545968163372009
1.556488140082106
1.5753912642136363
1.5986215262821408
1.6204991067904055
1.6367351519959628
1.6482172415880412
1.6616618422356466
1.6854969684450125
1.7231526725264725
1.7682896678042193
1.8055643623451039
1.8169827607913631
1.7903489967698842
1.7251786938048974
1.6333007994920303
1.534609096252459
1.4507251597506061
1.3994246065600509
1.3911218900271434
1.427176661833219
1.499506078926644
1.5917718739934765
1.6829635453161076
1.7534358168403783
1.7916115649860616
1.7981319696402498
1.7847222260604196
1.76766112471925
1.7589626105479252
1.7600148533075743
1.7612199820705852
1.747763820278169
1.7081916266036732
1.641077308539041
1.5564601268890523
1.4717767485083515
1.4047741786459185
1.366910164172277
1.3599008199554314
1.3763216782515995
1.4035661122618797
1.4295115146573625
1.4478263009249033
1.4608137924698392
1.478255921949152
1.5121799721163227
1.5696207742991626
1.647155818396443
1.7308146948604064
1.802328682963891
1.8487496857955936
1.8697551939533823
1.8776760023781356
1.889551909170042
1.9158291488026349
1.9530085949642442
1.98541208083072
1.9953012464677569
1.9747723420905279
1.9313122401948624
1.883008232437404
1.8465198374041243
1.8260808046665036
1.8112255743566912
1.7848455030202093
1.7358368199894003
1.6672910045878793
1.5943848282677673
1.533599709550441
1.491206126017422
1.4594283599082927
1.4229730786195258
1.3708945453620722
1.304851110965656
1.23763490744739
1.183296047433076
1.1465664387632906
1.1197164533316977
1.0891178242062811
1.046192794872309
0.9940552873021329
0.944669783038845
0.9089850142273003
0.8881306920544025
0.872825014338138
0.8513522938984808
0.8193794790083919
0.7833803006732146
0.7548496510429588
0.74032678714102
0.7358429545693012
0.730591429043953
0.7165686814915208
0.6956426576292096
0.6777297674378585
0.6717011932194011
0.6772653209048578
0.6852966368087114
0.6863853894865678
0.6796959564549104
0.6737639969721336
0.6783386737592998
0.694950540750296
0.7153303946817808
0.7294041040320817
0.7352095101534529
0.740917947181931
0.7567047196260924
0.7843743350350502
0.815230227746402
0.8386438686176755
0.8528341803766326
0.8667192933350631
0.8905800932278638
0.9249729733439909
0.9595951010384218
0.9836812773699773
0.9971819847766016
1.0106658938190105
1.0336573969573697
1.063782964236658
1.0887196063953986
1.0992177947365056
1.0990407150953188
1.1005922234754706
1.110777763291459
1.122914196200682
1.1241051577199535
1.109970462360818
1.0898386535116065
1.076168701314472
1.0703470714533558
1.0616029601199846
1.0405227911045858
1.0111165444091832
0.9867871108417533
0.974897118818386
0.9687500693077552
0.9569698109329222
0.9386889608234846
0.925394511959751