3.3379439311484256
2.8643922692726456
2.0313106229901954
1.6428847319461533
1.84835413871039
2.289720340226988
2.393010210709598
2.0787268070709497
1.8166211573831286
1.8930724268641654
2.163178811025391
2.268558214834187
2.114301565228539
1.9595311692177633
1.9570236837102815
2.0339325013707543
2.0778371528918034
2.0965117261861628
2.1393908714158
2.1075450202109733
1.9613672728264386
1.873166289853325
1.9835472453745449
2.1754161917534276
2.1963816334248505
2.047005153329662
1.9432224700654424
1.940648861477037
1.9505802893344055
1.9704810282271727
2.0739343900004625
2.1786880024019615
2.1101319461062777
1.9430452251037538
1.8751851867902254
1.9010223307168461
1.920209375212101
1.9671676843992283
2.0924059925232026
2.151486954959468
2.0498506567909796
1.9390271176724319
1.892667971426658
1.82902456792895
1.7887141678484293
1.8777005861779548
2.008944593645458
2.04635689959114
2.0615540677169597
2.083310990473441
1.990895679108963
1.8483543453757394
1.7879668397372968
1.7462483849519816
1.699762917768047
1.7556316921767923
1.8719576787238337
1.9308332856926171
2.0002096140537002
2.0864662135003154
2.0600676904496025
1.9935452781340528
1.9498482944068645
1.828440622923455
1.6987937682919965
1.641413076216296
1.5690458886768834
1.5189792523846253
1.5626904975423568
1.6067435722300376
1.6590698305972655
1.786505497753825
1.8832398526375036
1.9604021984396247
2.0837629215252753
2.1376706090914777
2.168884460145053
2.2236432272802547
2.190983218545577
2.1617431143659194
2.1347115371942156
2.0321009937443115
1.9653420100415777
1.8763104436646019
1.748609343109327
1.6694736191315562
1.5493424854933102
1.4368682223200153
1.3560121140788284
1.2361660975280162
1.1569398168373815
1.075513492137652
0.9820154295968125
0.9303576699410906
0.853311641530506
0.7990604283484365
0.7581027646312467
0.7001830936781391
0.6784503179778897
0.6398225969627571
0.6157846819583774
0.606345193447279
0.5816443017149229
0.5887135275176076
0.5801803141293151
0.5878078401331056
0.6051356294562309
0.6117083174314266
0.648112259758007
0.6653575539864671
0.7059342157058556
0.7448360692635385
0.7806275722531612
0.8389788873535483
0.8729567622945414
0.9350939079711288
0.9752693770401548
1.0229955354075058
1.0700394260943458
1.094045699609773
1.1359062232914077
1.1379989749190016
1.1569598301159771
1.1438313041735837
1.1295534204977717
1.1069626702301123
1.064531476824067
1.0378988318748785
0.9858016716759127
0.9638806805096373
0.9249393471790667
0.9188936995646653
0.9096539357495684
0.9252303667260791
0.9475859883251911
0.9768628391883967
1.0154158554446555
1.0376389251328648
1.067143580141773
1.0620591857479098
1.064838994845923
1.0305222021278917
1.0126416611885165
0.9715898110906908
0.9602031589850398
0.9424519441303293
0.959613744754183
0.9729355896101355
1.0088790504575877
1.0272923261132594
1.0474479541782358