3.914437790191698
3.191652912743581
3.359264527986155
3.2844707282723924
3.3031849122750376
3.2609605608959025
3.343828733397451
3.276721663350907
3.28396953346546
3.275375115924616
3.2560596507207795
3.302178081232794
3.293369312888462
3.261156943785882
3.2725182977808873
3.288473447855046
3.2743232965691953
3.2471339907382046
3.2288895621755858
3.2210536894142803
3.215285924421142
3.208064955184519
3.2039908614173607
3.2063655704527894
3.2044912302710644
3.1835430013017043
3.1567070030533633
3.1478802470098195
3.135306711291718
3.1168505818840915
3.1351658258479067
3.133346819892537
3.104079339092417
3.0757068457770753
3.0677058504892254
3.087271668163841
3.035176025191423
3.029417568313959
3.040775099542632
2.9815956916551962
3.0121094273370606
2.961846980822799
2.9647148229883378
2.936305556867079
2.943296543318669
2.8862249001911153
2.909490482539037
2.857604463859503
2.858668620879326
2.861300622751058
2.8021322630904595
2.78868635558752
2.800774436979686
2.7699992937412636
2.719451998516867
2.692623528211963
2.6901674759704535
2.6909812920031078
2.681718729328156
2.661093097003538
2.633821852266351
2.607020336666868
2.586629523878068
2.570013199783626
2.5463764980989545
2.513349656632278
2.4748537798284214
2.420901959383831
2.370850525630713
2.3710055930402203
2.3887398699134796
2.359771133920584
2.2676137365496394
2.2598340926283327
2.2946646942772975
2.188319699110923
2.17982705229292
2.2013568694409016
2.071723539381891
2.16103192733916
2.00314151152146
2.107907515792923
1.924961921978308
2.0487724749902787
1.8878639346325221
1.9015048570838133
1.9588991554447097
1.7237672253889158
1.80672377351013
1.920053125750073
1.6869907243837217
1.5041082329600781
1.6523076726581707
1.9036105226555047
1.968828193732772
1.7952278587629094
1.4919377234023938
1.178016392628851
0.9189235368580637
0.7347863320528888
0.6267643012338319
0.5936709131598411
0.6345794922072117
0.7449137842338284
0.9082678996533942
1.0740906043209035
1.152129392748233
1.0880091461593433
0.9534296858304088
0.9170212380960318
1.02744562833011
1.0596287562725162
0.9590008157245731
0.9848040551089243
1.0459295759930098
0.9605382948787217
1.0210388488872466
0.9968628741359433
0.9938945387190287
1.0089396395369794
0.9945613281062115
1.00013636950485
1.00772035859904
0.982791494615522
1.021998572509301
0.9884242019966629
0.9936533122003857
1.0171593413366664
0.9955327171409473
0.9841701871667611
1.0016974492269979
1.0132963148670675
1.0063679835793056
0.9943082269627053
0.9883005778395632
0.9890368973759601
0.9925741670187784
0.9954391019089547
0.9962208453174907
0.9956135985363074
0.9949210602924864
0.9935972555630371
0.9911723521832576
0.9921238380936933
0.9989392696778767
1.0052141922226618
1.0069211956177786
0.9995213005687209
0.9923650344411864
1.0015524709460766
1.0055190908598146