1.2789774189733165
1.2788493748853156
1.2784683040681368
1.2778433364138984
1.2769895077538016
1.2759274917982721
1.2746832306578346
1.27328746964991
1.271775203586716
1.2701850431264914
1.268558511035149
1.2669392793294911
1.265372359240394
1.2639032567302053
1.2625771069122123
1.261437801140471
1.2605271207605455
1.259883891530348
1.2595431725345538
1.2595354930273701
1.259886150050375
1.2606145788919607
1.2617338074914433
1.2632499757703468
1.2651621082773081
1.2674616833345
1.2701326431504316
1.2731513328849362
1.2764867176027619
1.2801004762455381
1.2839473737408476
1.2879759141736113
1.292128777633262
1.2963435302829096
1.3005534408094868
1.3046884032891453
1.3086758148876922
1.312441644918346
1.3159114886548267
1.3190116653536705
1.3216703319851202
1.3238185956631077
1.3253916073503047
1.326329619246588
1.3265789883596308
1.3260931091129373
1.3248332584744449
1.3227693379897945
1.31988049827628
1.316155632971097
1.311593730820886
1.3062040765346385
1.3000062931811975
1.2930302212723743
1.2853156322067265
1.276911776425313
1.2678767694135296
1.2582768215324203
1.2481853205347953
1.2376817627549317
1.226850642816868
1.2157800782455037
1.2045605120539862
1.1932832710430636
1.1820390835720889
1.17091668206049
1.160001194618854
1.1493728736627842
1.1391055976220905
1.1292656971884367
1.1199108601957115
1.1110890105164914
1.1028375674254223
1.095182770851605
1.0881393481917445
1.08171017938529
1.0758864118133076
1.070647707487602
1.0659627491155708
1.061789980223583
1.0580785696959114
1.054769585788203
1.051797359445364
1.0490910117210193
1.0465761036529049
1.0441764455399627
1.041815848592037
1.0394200190466867
1.0369183701569762
1.0342457812754986
1.0313442477778192
1.0281643788269292
1.0246667062250698
1.020822741249769
1.016615813004809
1.0120415683346116
1.007108184408247
1.001836250519349
0.9962583189341393
0.9904181281777106
0.9843695112133247
0.9781750074305301
0.9719042258857802
0.9656319530634248
0.9594361357252569
0.9533956473025461
0.9475881448402986
0.9420877477718373
0.9369629306538038
0.9322744435297426
0.9280734875791697
0.92440014880931
0.9212820989531773
0.918733706120883
0.9167555207994672
0.9153341917863563
0.9144428214631779
0.914041760541682
0.914079827995349
0.9144959272819688
0.9152210156561024
0.916180369879461
0.9172960794794572
0.9184896883854508
0.9196848977575428
0.9208102375297471
0.9218016119592196
0.9226046255551821
0.9231766002962001
0.9234882030510909
0.9235246134852633
0.9232861772113765
0.9227885061463855
0.9220620074504238
0.9211508434116156
0.9201113464680046
0.9190099354070164
0.917920599786891
0.9169220388971235
0.9160945565501832
0.9155168388499246
0.9152627094343431
0.9153980478166316
0.9159779148670382
0.9170441274802075
0.9186232557750705
0.9207252611146125
0.9233427523528764
0.9264509770988925
0.9300085261194337
0.9339587536419716