4.392119611869317
5.085394858724934
5.113231228130866
5.036056317515574
5.046251286281219
5.059466660059859
5.023996524047122
5.0504408367286215
5.007561101084364
4.981767942431057
5.010202712067641
4.993132943078148
4.954212097185711
4.9689983825324004
4.97910416942727
4.9590418163669705
4.952283850259949
4.9401987864807575
4.914009053867593
4.913897891613877
4.887253394182634
4.840914987870548
4.821463978142147
4.832997520637657
4.803805069893534
4.772584645461579
4.77952878354842
4.722838712521496
4.731834287435605
4.684532898673618
4.681910892884064
4.671725577499877
4.610540408963482
4.591001583134994
4.581380736590111
4.562616009124064
4.5412124083237195
4.509340198206962
4.47797622421767
4.457254315270663
4.416335276211261
4.3675517312255145
4.323054267426707
4.305469688572928
4.297648063051091
4.233978700901819
4.205642002643792
4.18400826709403
4.1262898129617005
4.1078778615852025
4.060959563094511
4.0011413027500335
4.003681851333012
3.9540989671339015
3.8813218676328973
3.8473374755416314
3.814937414876415
3.790305585943741
3.7464530615384795
3.7069023767960365
3.650917888738069
3.5865893290816477
3.5360060779275844
3.5172142162398434
3.5010213639738397
3.4150308268584224
3.3596609512181796
3.357579498154145
3.248571039292287
3.2663786453941412
3.1514675035517246
3.1525480323147472
3.08944093550551
2.9900356656823015
2.984064838830355
2.965109844281558
2.901234751793102
2.814279902047919
2.742994578241553
2.678173978495632
2.633914385739096
2.6050302019634652
2.5897492318467807
2.5425045167639606
2.3999422673057103
2.2937814861122967
2.378948875854949
2.2312802020967673
2.146488095001738
2.1883210133538125
2.0031466263001505
1.999115670026394
2.069890954840263
1.6459333058162748
1.831083767616196
2.174728365199762
2.0147159665225245
1.5166395681679483
1.0366718976923361
0.7140732848141562
0.5583704146732346
0.5479408299537153
0.6808527244008692
0.9273720469712733
1.1463897525395916
1.1251813381070181
0.9249949983698628
0.961890601080298
1.0763446382667596
0.9374220083092591
1.0475152813183943
0.9579211001828154
1.0427462150852091
0.9650052921805586
1.0095790333597827
1.0255565330823069
0.9832366591958169
0.9763028366625391
0.9952946176386804
1.0118698140255473
1.0160414908961346
1.0167092832708378
1.0135945095718755
1.0050287685919146
0.9934129663241726
0.9861470936341122
0.9977598241491162
1.012672575159503
0.9949718634229371
0.9943987426192064
1.0086231129605352
0.9898339856276243
1.0090199772570487
0.9938619273137439
1.0014344130693082
1.0062766835645744
0.9927616798944504
0.996235434130377
1.0043358946019125
1.0075345171184729
1.0049643009282465
1.0034880729393534
1.0021672308742309
1.0043385003519556
1.0056938545604899
1.0045623382486584
0.999498858243178
0.9950305352990281
1.0012217680409567
1.004523507162377
0.9955561094436234