4.010530689321285
4.261154461402479
4.246138529930481
4.21484461983667
4.252028244322469
4.269330524215745
4.210260172337247
4.239200528736545
4.2062686207382365
4.229478312124063
4.225022251299051
4.241220500645211
4.176465574632485
4.214583857084505
4.210076077050774
4.1538565415882465
4.181558009836145
4.17135522035479
4.1794502514295635
4.136819743532836
4.1331813314791885
4.1056125928601315
4.086834581696463
4.089267954369979
4.078801183576194
4.064944114960224
4.057397456473032
4.040017900765814
4.005777161115284
3.9891123392390186
4.000104458691252
3.966640382109981
3.9321299386411663
3.9397899498100406
3.880544500409813
3.8957111971956313
3.845289383156721
3.8627230871926095
3.8054056416194055
3.785972575661236
3.7955376905341174
3.737697816473625
3.707493809530295
3.695082616051822
3.6919808027686347
3.6622003434072172
3.6385290549797946
3.5990794296072437
3.57163294501327
3.5521474834871656
3.526039632093201
3.496519822262864
3.4582824725106898
3.4063679601421026
3.36756220565195
3.368349535313396
3.345138372661833
3.270427498510597
3.2718002830080644
3.2269340611981296
3.1786383700749425
3.164547866862555
3.1137393282399897
3.083252005802102
3.070746869509511
2.9801995726697763
2.9855665021853364
2.965861638013804
2.889391834487798
2.824906601920268
2.8045543065882117
2.789523731244032
2.771876417210745
2.7353523673885447
2.697677597866138
2.6556679647191754
2.5967130644116776
2.519152633509646
2.4387614179549177
2.4040179115667892
2.435504958682084
2.405114906697705
2.2512559579450206
2.267909018423824
2.2673184713020818
2.086421614831492
2.2135034146229655
1.964142578798487
2.133857025204199
1.8850644586756498
1.9202675087502965
2.023985322280561
1.6579219061791775
1.647353128446012
1.9952668030840832
2.08672535847521
1.801946959882078
1.3635606618510503
0.9805158545872256
0.7210457734349573
0.5835022605087451
0.5615986484337785
0.6534250723526406
0.8445782677673515
1.064237487894848
1.165305948258283
1.0510809196527793
0.9040682826383508
0.9917640929258386
1.0692156292219144
0.9433815721850459
1.026592190441152
0.9934797005083813
1.0013477972715705
0.9962404729398209
1.0166043067898645
0.9712899728038299
1.0281127672348378
0.9966046881036722
0.976703666714667
1.0097498584902649
1.0202867388821635
1.0068605681120344
0.989811881143917
0.9846631262560693
0.9838833238214388
0.9841811297233669
0.986103753706582
0.9877862852865742
0.9922525539346717
1.0021649919629487
1.011025526523393
1.0057244965660355
0.9913549802521483
0.9975629176128181
1.0100198519425772
0.9932638234857015
1.0023766537055265
1.0005399206856136
0.9974392409655655
1.000971346141942
1.0021797695234957
0.9948862764675523
1.0063736190359938
0.997670405404234
0.9948805698545421
1.0039751705342885
1.005539777431595
0.9997442844423213
0.9956937888011728
0.9948415174208084