4.208589661807537
3.8968855973088
3.882366362630417
3.963730392923789
3.8546264388759437
3.9012446062671375
3.911301992327066
3.9082907941376934
3.918835653111256
3.8740884377673077
3.852200718376642
3.8639792994592996
3.86551991170665
3.8513663921310584
3.8387057432529996
3.836814784312405
3.842031978508783
3.8397435026196582
3.8156042756855713
3.785361250544962
3.7898867851385876
3.805350527365755
3.7735956526375998
3.7729857989293785
3.7744746770648967
3.7195975942927237
3.7452878657328768
3.7064028806029983
3.7157466072208183
3.672297830439808
3.68041913468615
3.661441633476207
3.6283385151289997
3.618141993058431
3.6288592110685847
3.5854549319117113
3.5506961577820397
3.53994729791014
3.5229372462098296
3.5148484981748367
3.507511169458888
3.487599872272964
3.4598260838275916
3.4303076255577096
3.398340169148502
3.363929945155157
3.3364986744694374
3.3290329328773898
3.3283586596576473
3.290998416578057
3.234656696995524
3.2381505053127677
3.222073679860368
3.1631002640510935
3.1800351681726795
3.102466853507826
3.120785903720156
3.0502192377053197
3.0650158946549517
2.992441219136327
2.986205289964308
2.9738132043181955
2.8970662926392476
2.8779266151459573
2.8830051068222735
2.852705384951013
2.784989374939701
2.73132121852416
2.6941558254320404
2.6589250285743153
2.624495758426583
2.5890904850806162
2.549765928696728
2.5107845007292426
2.4856725116891933
2.4854529522510664
2.4877119192074346
2.429895678415252
2.3182039260324725
2.303548275617534
2.34678723481949
2.2022690275860675
2.1949613361102314
2.2028271080817516
2.0563488036272863
2.150825690507981
1.9589850757419336
2.0408510333927965
1.959801565553164
1.791851847616417
2.0097311174549723
1.8181897437452206
1.5539196221081768
1.7421999478514647
2.0263425564503423
2.007035044965479
1.6946089275533773
1.295102711486441
0.9566675875315773
0.7249050028848102
0.5985917359295615
0.5714219231429452
0.6429381691506826
0.8058032788123899
1.0128345187643895
1.152141751519501
1.1096876437056065
0.9472982725018327
0.9233792058040785
1.058337107091749
1.019675215960443
0.9473330245759726
1.0512118112559699
0.9664484851186201
1.0217926889866813
0.9823945131057668
1.022090414222444
0.9722366095486775
1.0293488677577072
0.9834653856484498
0.9919736429867652
1.0220293492320516
0.9991748246072109
0.979690326980155
0.9947875935926596
1.011431278863864
1.0156710482323774
1.0132464136911798
1.00828639706393
1.0045591390708548
1.0043478819054807
1.0071439166551317
1.010776707905337
1.0117214276622724
1.0060643271175105
0.9951999428422759
0.9913567954818697
1.0029774379693401
1.0086779561536676
0.9938802876850089
0.9978842253507302
1.0059879275273829
0.9925810140842358
1.0076974880467335
0.9931502722546779
1.006184331582706
0.9940047112218674
1.0051433132356686
0.9981704762100558
0.996555824325815
1.0057590388182893