1.858574473968956
2.313234062348666
2.4578183325963
2.305757910541846
2.331124178364906
2.390142369920841
2.3540449938034276
2.357382174978856
2.3051424539294967
2.3723980519448866
2.3648540864757344
2.359213481772939
2.3220687601731584
2.318004455708106
2.323890268915396
2.3493066870733146
2.345578774821179
2.361365300337856
2.326549694327607
2.337264413982249
2.302207898783761
2.3020570503103683
2.2973929252676166
2.2741130844953488
2.2872906902425814
2.2752861743017707
2.260819816652481
2.2734108524461902
2.268264856817214
2.256250903236143
2.2683631110183136
2.2812975205777213
2.274760447828707
2.2634010952883767
2.2549727765857153
2.2379947973610275
2.2120926322720167
2.197321730501375
2.2071205072287614
2.224057334516544
2.2153281878427222
2.1807947464958026
2.165165873621195
2.1868423403127504
2.1886473117587526
2.140451368716645
2.1217190515352935
2.153938161728963
2.1292103351568605
2.0845210041783053
2.1201570948908333
2.100403627150275
2.054572779569616
2.099463389728022
2.0481782154695516
2.046017699989986
2.0642299045946864
2.0023637742851035
2.057555034639173
1.978615515245344
2.0291106248702544
1.952693194547669
1.9959124434035638
1.923299007436736
1.980215410853595
1.8950765472173523
1.9624054235494313
1.8586412130014727
1.9190984118150387
1.867563258222819
1.8425303537267421
1.890752129980198
1.7782454283535798
1.8370654266014472
1.8353060850971776
1.718965687121801
1.7912239823498717
1.8069355443668238
1.6745115650989764
1.6844695889059533
1.7782874841890979
1.7198936438839685
1.5775269057896808
1.588012545828309
1.7102052925902906
1.7312087442178647
1.6034883444780115
1.4442500154679876
1.4108124358388527
1.5084887596407386
1.668667103544287
1.7781794658303938
1.7915265146478017
1.7048241168930618
1.5445905756041223
1.361326348043723
1.1720270459305493
1.006577912329059
0.8719701353389772
0.7656056876176802
0.6963130526249198
0.6604409255475151
0.6550151026005802
0.686337771821358
0.7531440788594743
0.8453848590746802
0.9522695897692625
1.0549746577278494
1.1211539644623372
1.1231857975594923
1.0623829034466417
0.9763617835398016
0.9247920804369072
0.9483530755167816
1.0210274348946784
1.059647664884704
1.0167891790879968
0.9564282162195945
0.9735199143443442
1.034226905366449
1.02278003355266
0.9689231118657957
0.9942533361231178
1.0327746367260602
0.987678592416231
0.9853305523913155
1.0272197534776017
0.9875879194216832
0.9953344620645252
1.0200379360401401
0.9805401446062709
1.0159076569197187
0.9943838882463869
0.9983227555582187
1.006566552481349
0.9884531085175882
1.011262700771114
0.9877473536722613
1.0129222781063498
0.9900810935794101
1.0089717994066298
0.9928000733278628
1.001843659894871
1.003428789414648
0.993284224671552
1.0098154642854886
0.9895533932855443
1.005429828856798
1.003785447972006
0.9899194594111583
1.0076044440760823