3.3417433116338287
3.0728088512972604
3.0234194619392745
3.038865728534477
3.0043708888363145
2.98723268622351
3.053400957954177
3.034851850339643
3.045931283120428
3.053192743139321
3.0287808085089716
3.047631691323018
3.020723040753265
3.035913523251617
3.0168939746489287
3.007515207315601
3.000494658547881
2.959730834132689
2.967779041985104
2.96937362588767
2.971515455906117
2.980532012851219
2.9515875857347997
2.925446761673763
2.943850004675532
2.937648071095752
2.9099760035353452
2.932957142524266
2.9057944660506463
2.8775319445765226
2.896005551908804
2.8472475296190423
2.876175265468224
2.8276924431996626
2.8550527755881707
2.804021212208962
2.8320836982136313
2.786533042882603
2.7954822597784506
2.794561279138311
2.752591927221111
2.7722476078618716
2.7528627650646116
2.7015986252453783
2.7059011311594174
2.7247738372578265
2.6949171924053497
2.647219694520294
2.6319345269641685
2.630827541194817
2.6270907561105785
2.6300051282982975
2.6094970502652166
2.5916139419733137
2.571377678003459
2.549021908146764
2.5350494469736664
2.5174574710600086
2.5046505877525056
2.488710308573944
2.45808308739963
2.424694615612613
2.372671921129722
2.343727344999609
2.3539754476284216
2.365544635483721
2.3282942800066344
2.2589617396456134
2.258172625335762
2.2851483260296597
2.2007828003831413
2.174185104326091
2.219818865882522
2.109167286277975
2.154238672854233
2.0946037631845846
2.0702094402006987
2.063591005777815
2.0112149793496443
1.9995027537311885
1.989998595274565
1.8923286718290147
1.9944852486197802
1.8083586259237716
1.872750922328367
1.9039570104467172
1.6931466515361515
1.745376397915585
1.88495110173581
1.729310175148185
1.503574390863701
1.5343425522649914
1.7573449933022685
1.9208636536345904
1.890722739305468
1.6817416156061722
1.4011411752158525
1.1267845057895034
0.9015000408843844
0.7416403715812196
0.6430473541506688
0.6080449493314258
0.6338952571147324
0.7212859698232683
0.8613008851244142
1.0154050724230899
1.1298095067100564
1.133402248198226
1.0290351881432578
0.9241356374858246
0.9421095150668429
1.0455748924685049
1.0480571977802073
0.9561481017302078
0.9862877324120857
1.0450131828272415
0.9694700021501744
0.9993185464283296
1.022633081690364
0.9706455966687919
1.0310316603201335
0.9745064154451025
1.025059348654558
0.9784634252692063
1.0233525968640145
0.9799046020987532
1.017485682227823
0.9932097534902727
0.9935877470365996
1.0151550076604605
0.9868839323021836
0.9961228599397528
1.015431222827232
0.998607313511448
0.9861303157662981
0.9992491010775106
1.0122286908185294
1.0078272096368888
0.9972401809912056
0.9915730067527747
0.9894255234724283
0.9931599451336776
0.9967472918708071
0.9987841530415396
1.0010388226134175
0.9999567650299405
0.9998813369460288
0.9969082512004975
0.9947680351558019
0.9931371618963367
0.99302335538594