2.1672097450627827
2.675517586090059
2.491337550861411
2.5861448509210416
2.5852008591907873
2.5172146176390156
2.5836712481765742
2.561606587847181
2.556526397102275
2.5292779782154784
2.5637326964066145
2.5733723355157734
2.526097443373661
2.55126629016169
2.5104181183915713
2.5465845526158466
2.559147669133847
2.5190266705273796
2.539646354285215
2.534918177760724
2.490892109683093
2.494730263969958
2.5163943874993033
2.496886924469541
2.4659351311896107
2.4663607033317207
2.485286898196349
2.4898521052543194
2.4728865016370647
2.4502669086416864
2.437154047024227
2.436083640452319
2.440100014817355
2.4408922110220033
2.4352633939597665
2.4272391903023456
2.423567858685282
2.4242056854676455
2.419154084280388
2.402258245795657
2.384955629900559
2.3776771142657607
2.3642297174302165
2.333471376759574
2.3112510217151443
2.3032931756198307
2.291679437030794
2.3018821989204286
2.3174419941216824
2.293464656058593
2.2609392152228964
2.2250446498589866
2.2368231484916743
2.2583935730321882
2.2175165165674104
2.1753807409981025
2.193575751129193
2.2036256195889106
2.1330666232614997
2.147090680320507
2.16161279662801
2.0806111532141194
2.1297140984115686
2.082768204097234
2.0558073971656055
2.0892544533132935
2.000522246012459
2.0648832576457714
1.9674680252881964
2.0346041801325145
1.9244414174783853
2.0028624208978
1.901929200474037
1.943313865117365
1.901707186490082
1.8453777826522813
1.927225611153196
1.793754255160601
1.8295348065606902
1.8678514148811558
1.7154020505069225
1.7461724512575991
1.833938719146706
1.7028976400207845
1.5954088132431834
1.6991395810208934
1.7899076200741857
1.6781786736160138
1.4886056788378905
1.4324847031498988
1.552910546290483
1.7329458586553559
1.8388033930385113
1.8119967897911813
1.6694117543471536
1.4621436003632957
1.2406684173267377
1.0398772095499849
0.8774780577329062
0.7578791067059145
0.6789111999258741
0.639737079129995
0.6439035173929881
0.6931451633370512
0.7811032761284802
0.8965575282988718
1.0205872180316136
1.1133075210827679
1.1324486902843
1.0739126569349933
0.9763297033061167
0.9178728248399319
0.9596596410720637
1.0417657519160468
1.0543905357952397
0.98203080992354
0.9538108099111232
1.0213320534810075
1.032277539688531
0.9698488184174947
0.9924027947384128
1.031925916499482
0.9766620656571622
1.000143600031352
1.0193832249018329
0.9743342060414006
1.022293733498644
0.9862442942165506
1.0060439389086393
0.9991095002395983
0.999153357739789
1.00173434535358
0.998016603442543
1.0004779216424262
1.0045770241769438
0.9904230839213508
1.0119839946364164
0.9870141564496996
1.011085494725026
0.998676457579583
0.9915762175193131
1.01062655426836
0.9946655242774168
0.9925906298714813
1.0096981099345446
1.0024640213257758
0.9911430540502594
1.0002572657174875
1.0097678931496972
1.0037447537969597
0.9940098619009867