11.952898608925553
10.764181761769287
10.782416821778156
10.741041660618531
10.747270147326695
10.74425485422789
10.719693939176478
10.717007497711883
10.714209955043438
10.683373132880655
10.674537488479372
10.653405339942022
10.582370630953363
10.566602925223455
10.537925680141441
10.500975846970974
10.480682948728822
10.451582980178928
10.360112559064893
10.350689321236604
10.279258590327803
10.227564240531285
10.187947788726731
10.14790658079691
10.09080410995636
10.017912794619523
9.936690396566133
9.889255578696787
9.805625836387499
9.760359105077223
9.651894583277203
9.606745686972237
9.538117996605466
9.456957948746183
9.371227717202775
9.271667508521674
9.189038401843517
9.138749358585764
9.015718526205001
8.951601061775797
8.860928013672329
8.748350503193699
8.642722218202913
8.546950328906805
8.458681903471788
8.381670830789906
8.268801775332998
8.160636141836749
8.067450639979647
7.968680536381422
7.831753430976227
7.7263336733449455
7.617272650263694
7.500715504977646
7.394016663947331
7.314004510448466
7.180029400466126
7.062099177339888
6.937131126914659
6.850526195304376
6.7219018038422655
6.583398996992641
6.460649760395417
6.354909478865473
6.2475491252146655
6.085610124140855
5.980528254916143
5.84419733176802
5.750891020690333
5.579739391048943
5.44319007799254
5.316482609561032
5.182922015300846
5.062769996407766
4.985302118910836
4.831317762535162
4.688366066262822
4.559118002056806
4.478609287557911
4.303395539501382
4.13873216158033
4.002807204304073
3.8960049959191316
3.8255456025605086
3.654824346050877
3.464830036882491
3.4221577927989033
3.252148653553046
3.019638223324564
2.924886638674325
2.822116050849162
2.6474528258073553
2.4145715494081825
2.410012443600074
2.4901110237885904
1.9000339372154107
2.2988640351684038
2.378710675467528
1.436445255361555
0.7232415295698252
0.46103383292043504
0.5467786175023235
0.9234785705601661
1.20432568011534
0.927051529810761
1.0447801866373516
0.9395401813014691
1.060078836288413
1.0311648467363734
0.9958121139896191
0.9941891526903259
1.0143431070799982
1.030155852637964
0.9896960542486715
0.9954877696162227
1.0027463368252478
1.0110301843241205
0.9840709210737892
0.9872400999718631
0.9940361716973384
0.9924082275615411
0.9875543973385966
0.9980724906671211
1.0099729071032666
0.9893797277035189
1.0093997379798307
0.9981336407603774
0.9914956290345137
0.9954179968727939
0.9965379894947254
0.9938733805396114
0.9933460521127713
1.0040355226092206
1.0008073344665358
0.999128262335284
0.9973275537052885
1.0054967259975427
1.0027845503588717
0.9992929664843605
0.9995089778596411
1.0027023097712582
1.0036393525462866
0.9962649513370971
1.002440886104385
0.9971311898590586
1.0040459766621397
0.9995986086344889
0.9971905050202619
0.9967906388378086
0.9971660270086907
1.0000171101524504