8.548544382470856
9.055396511461925
9.064905282724643
9.105289136607684
9.113663121847267
9.071145031021072
9.08515735657883
9.059291584628738
9.04247787349874
9.027354010511838
9.011952053551182
8.993117316155274
8.966717182529614
8.930523585752832
8.902660610559897
8.90357157364298
8.846630219110077
8.83211795365853
8.770918398247586
8.773850310470413
8.724977583806252
8.6627664180727
8.613344598039232
8.572820117114714
8.544533491102918
8.518611339648743
8.441564649040041
8.383160024716524
8.354555081617873
8.283644557296402
8.215143491685884
8.184727412687085
8.131469024826519
8.067513352369469
8.00467683601871
7.937528083086591
7.8538380355157456
7.779985777266182
7.73445658926014
7.63775703770548
7.589501756285683
7.505030584706611
7.416003297448225
7.343554980540039
7.270194259427677
7.188284593876456
7.099255459930914
7.021608074537126
6.966861612000691
6.857824012330934
6.783201696665471
6.681198856440906
6.626697095306792
6.511142609011639
6.4020965292032495
6.309366792718766
6.2161572850345
6.124657888974723
6.054737999877916
5.981881066540484
5.838345490887791
5.781476786845434
5.641403783067639
5.589926512442215
5.473936067794225
5.345704898896833
5.236912779164497
5.134439332938159
5.039910847854971
4.967346763949275
4.873619137579369
4.714851552076644
4.667415728298983
4.500212739497777
4.452344972393079
4.337579453612293
4.189085383127487
4.064492303051031
3.9528888598427763
3.856155234996108
3.7958783042735957
3.7047393330592544
3.4970786276512142
3.489225191297745
3.2654620369967433
3.2762124123375003
3.1250249830228345
2.923096252785161
2.778988319701482
2.652367138512589
2.5465230015022144
2.5544123880692045
2.561799645741914
2.12217948465273
2.355924134159989
1.7878115619987918
2.392495050639042
2.181623655584475
1.323923927749659
0.7167995669825625
0.4799534837678178
0.5389380930185903
0.8582345790329038
1.1845657021865594
1.027484684515772
0.929619693158844
1.0608150621415273
0.9855039710436237
0.9575484875587279
1.0287736473853888
1.0416055172234175
1.0340671470974694
1.0313980376179366
1.0225388172359549
0.9902674956954581
0.9835046920699182
1.0205010833425643
0.9814117439497212
1.0158218671836485
0.9978923606137156
0.9853728661984753
0.9939838724239761
0.9997256755754474
0.9981195388406664
0.9913469272077772
0.9906989780653719
1.0074050231221077
0.9996393902011639
0.9985962086730769
0.9981073260817545
1.0077236847005844
0.9962291663464534
0.9923890220850794
0.9937065434929248
0.9938621637953916
0.9935635224329822
0.998556919984967
1.005852762512569
0.9965075531156945
1.0021619075265993
0.9966921398266084
1.0047091628845393
0.9995853214537502
0.9960096467492978
0.9960537616754075
0.9962224739154181
0.9965155740938838
0.9997096870735442
1.0034756764834272
0.9977187240713725
1.0013706148788586