5.367428345929058
5.469073967238033
5.539038730466528
5.449307405517644
5.461852094832195
5.424668125385093
5.461344637421828
5.4268106584011795
5.419021633275534
5.448195765638202
5.467357663260258
5.446426963443828
5.3997221423535215
5.410005122798296
5.401062280249989
5.376043214118336
5.3833942100833
5.346587303231029
5.312558637022421
5.334223004925627
5.30132679769421
5.252730818028736
5.258210285428281
5.233025304452248
5.232729324207979
5.202850584483807
5.171924495191213
5.148938101548053
5.112429068730064
5.08468290695295
5.078324635078087
5.0418652497843945
4.992689165124449
4.997328752349666
4.937295057972163
4.944961103671887
4.880875381241765
4.8659116179040485
4.834850802748263
4.783027516900839
4.740747019758369
4.730021841015852
4.695779455578324
4.670792084864931
4.626021530386578
4.584043352750679
4.539158956229251
4.480645035802716
4.436108738276378
4.422310646482741
4.371385230081191
4.303374215462027
4.30047348189635
4.215644494873217
4.21663514891342
4.130244908204037
4.096107817383637
4.074260111273842
3.9980147764091547
3.9282804271334584
3.8937499040599817
3.8520181755674567
3.81082538927453
3.7577225898095965
3.6899367282946045
3.6232534966513184
3.5762726710971005
3.5622476769237834
3.513908493723505
3.404138592532579
3.4001595319183546
3.3154844183775953
3.2765622675305783
3.1876063131129255
3.1857195384892147
3.058636221320914
3.0167257434150034
3.011388775081422
2.9526401290469093
2.854922852990076
2.771867347593931
2.698712765329123
2.6459406708355204
2.619760269613327
2.6027793557365473
2.522828317594935
2.3389630894990376
2.2964896127218553
2.3724710658285977
2.0854379657116513
2.2530288616018765
1.9173927962328214
2.189344768086179
1.7869163635360243
1.7392771881465396
2.1726217663448373
2.113828524422617
1.602180102593744
1.0673903180897433
0.713692206738674
0.5452207977868535
0.5426690144087823
0.7002628155067018
0.9713074646628708
1.170782157578605
1.0755180257851247
0.8948389274685892
1.034025504868234
1.0193962738026725
0.9673508411393915
1.027682104366808
0.9938803581517424
0.9793089457515907
1.0365474867281124
0.9939763793118811
0.9704685152385731
0.9896638338971473
1.0096706810018166
1.016932756867338
1.0164587162267609
1.013270763627337
1.0027245171159418
0.9879593071473509
0.9852312503904582
1.0058388180467126
1.0104815931308904
0.9874557179473579
1.0091169577025454
0.9933828710432195
1.0063296669303616
0.9904495974796391
1.010017052363849
0.9983881413232117
0.9910355451545934
1.0016640466275641
1.0070103656818827
1.0080209222177323
1.0053310490949512
1.0055652600018887
1.0066492330688839
1.006103343267473
1.0021774108277333
0.9953451889303366
0.9968717222916066
1.0059883548487056
0.997900493173209
1.0002320711877823
1.0011035865925502
0.999429740535998
0.9975339429615654
1.0047360185745426