7.395047076716856
6.45410807019952
6.485440404248326
6.485558990392073
6.526745739777023
6.489152665823777
6.444661970561039
6.432611392452274
6.435973887913454
6.443060660226699
6.440270006003953
6.406104079514731
6.383543995233091
6.419453377409225
6.363475783272236
6.3606615352429055
6.332961214110309
6.324892044536461
6.307693744499461
6.257065902637938
6.235521701746565
6.234662150053665
6.217629500470555
6.186103983774187
6.147390698614982
6.1075410352372295
6.0851005184181695
6.079699202888141
6.025134352729818
5.977569480579183
5.9731672865465475
5.914437228673577
5.8831992527181285
5.864050965616911
5.803081896477768
5.748627219521832
5.725366378480214
5.696014000289971
5.652572726127423
5.600936016104095
5.5440827793600365
5.49457841513678
5.47204101279691
5.435387516430797
5.348229892475895
5.330407463491257
5.256059501226801
5.232095051529923
5.151583015080332
5.101860487462672
5.079187683867129
5.017270683139504
4.944986366284152
4.8837847199116675
4.830977494526084
4.784700372442876
4.738308215993152
4.665887073352073
4.570327723044508
4.536848899322306
4.482015090216575
4.396039358609922
4.351477579357057
4.290075274426541
4.1874205015450405
4.162067927740277
4.113203776562478
4.028704320781854
3.947637575759296
3.8784467394336684
3.8205806340829715
3.7709601714012315
3.702250240878385
3.5815756997463217
3.5013774018983588
3.494578328678553
3.3438880240321596
3.350353950779302
3.188657532915132
3.185673083153725
3.1177925101849895
2.965618756836822
2.8745348429270527
2.8186344995185446
2.7520900071955943
2.659748294170388
2.5434281821593925
2.4519962085623126
2.479085323854651
2.4746758312034345
2.174414693589535
2.290609977296398
2.0416615714864506
2.1990006214473556
1.6942589409650473
2.0680091853376954
2.284596933254064
1.7829206494790693
1.141015982201642
0.7122506192543612
0.522607289722286
0.5376023886758732
0.7451121787325167
1.0575451054833183
1.1788815136072246
0.957377532694803
0.9512044272292361
1.071486688413938
0.9403256125606609
1.0429342767741916
0.9940042572041203
0.9649047589748392
1.0247992462247775
1.0318113369234108
1.0111341391996274
0.999202342720451
0.9992228547744871
1.0079754484946843
1.0192657644726075
1.014666053495446
0.9879529328294048
0.9934894610043528
1.0134924914170922
0.9864443413480469
1.0128171626839313
0.990349397359875
1.0001209741069526
1.0110471057573431
0.997478290285341
0.9907109886188221
0.9915326318518013
0.9925313230812447
0.9919163286032114
0.9916781725778706
0.9965833587224986
1.0061033113104467
1.0032324062871512
0.9937055970046089
1.005773735626356
0.9944473340038145
1.0061583567863182
0.9943806920410876
1.0007358953663263
1.0052858897242731
1.000221925265883
0.9969016436940653
0.9959215194410177
0.9956953923057468
0.9963511117793139
0.9991757778959821
1.0035377143382735