1.4737936829333542
1.4667666071822842
1.4465922906417747
1.4158130586456024
1.3781176004191953
1.3376655673955729
1.2983904291053954
1.263436839518753
1.234837618552496
1.2134582160557106
1.1991654693062792
1.1911244959379101
1.188119030946403
1.1888135585907624
1.1919224491447793
1.1962987865243355
1.2009851979805248
1.205270424730693
1.2087720030926354
1.2115272655425444
1.2140465532591496
1.2172711849236826
1.222399706746019
1.230588058724676
1.2425802140196374
1.2583649571612163
1.2769656205716389
1.2964451761120919
1.3141564021874146
1.3271982977117547
1.3329811777466576
1.329768746654332
1.3170681956813015
1.2957770306430954
1.268055561765468
1.2369590520059321
1.2059147889835746
1.1781563807644195
1.1562260299697849
1.1416294745480413
1.1346924224286261
1.1346263267980599
1.1397781458358482
1.1480138377079951
1.1571687984802663
1.165490257365965
1.171992481554717
1.1766539900118307
1.1804055308708068
1.1848927929177053
1.1920459303288302
1.203540836875828
1.220277857630665
1.2420182107324815
1.2672945544352106
1.2936495818366012
1.3181679068374341
1.338175596171139
1.35191875697194
1.359021369866643
1.3605714902115795
1.358788852799912
1.3563527133379032
1.3555805573634696
1.3577054309631709
1.3624824949727248
1.368259151796527
1.3725001571261226
1.3726100209267176
1.3667923980178853
1.3546647304246353
1.3374194348961084
1.3174686512007214
1.2976822209541359
1.280468323078785
1.2670085570601608
1.2569081316310056
1.2483886657986565
1.2389600404670256
1.2263399663467829
1.2092974422765792
1.1881180328367562
1.16452019568781
1.141048725226912
1.1201633844868415
1.103357736750401
1.0906366894580837
1.0805528419297055
1.0707922825306684
1.059090163558419
1.0441248727874326
1.0260415989972922
1.0063955650371754
0.9875319156818984
0.9716457753225739
0.959900330270463
0.9519650420717599
0.9461700707401953
0.940220327581579
0.9321756118003606
0.9212834041162574
0.9083044055604435
0.8951821317321044
0.8841911986179001
0.8769328681474039
0.8736238758063174
0.8730043840957278
0.8729180190344419
0.8713098269775876
0.8671870957901326
0.8610922657877991
0.8548543654602779
0.8507223375512792
0.8502841172776837
0.8536918110770896
0.859579679517959
0.865731434931374
0.8701813890473461
0.8722052368947051
0.8726941179050746
0.8737043165797609
0.8773936914416217
0.8848827774516465
0.895636868851778
0.9077105108774242
0.9187472411727536
0.927216836308479
0.9332246726275261
0.9384379112302815
0.945143980199874
0.9549400384402402
0.967777328976781
0.9819105525272642
0.9948075586158425
1.0045260298550975
1.0107761313836687
1.0150427867715388
1.0196704997650152
1.0264235055622255
1.0353647855831798
1.0447359572278085
1.051938995183349
1.055053496172626
1.053975633167586
1.0504682030121848
1.047065536475993
1.0454931441753006
1.0455892600203687
1.0454264991088436
1.0425832608320793
1.0357695833476426