7.4090472704497365
8.326687199532415
8.401219245880778
8.378672768177799
8.378188639357436
8.38769633894041
8.329486468242399
8.288414716535344
8.309874857189023
8.284140728055329
8.269143535867514
8.262505526920243
8.27435418840616
8.20358198401983
8.186083767598323
8.151653543153973
8.14283489615769
8.093057643695966
8.06430054423175
8.062811872733981
8.035003605223975
7.971993416441283
7.9624438405274605
7.886687401514223
7.867325481570822
7.849174948509441
7.778868814136993
7.73759617268323
7.676536827014458
7.638928503727583
7.610296921058523
7.557735681423336
7.474922443613195
7.443498248270767
7.376387795013838
7.33619556202167
7.241078565065649
7.199662685159871
7.158902124908205
7.090528464363178
7.0292570804898675
6.968496968932102
6.888104249775719
6.794019370416299
6.732466035866727
6.682939884945018
6.579282061883593
6.53822239591197
6.460347682431332
6.355686518316166
6.2910327883342445
6.225161704497152
6.151545433427055
6.058162951731205
5.963826652524781
5.890029295428598
5.842149403361029
5.723187606507452
5.662552365151516
5.543319252110959
5.497755125262293
5.396137134174675
5.278146748671012
5.188491251072607
5.093785249065365
5.005913493307002
4.929367351471098
4.87140273763031
4.758726012826962
4.637383829673116
4.592283989406261
4.45604300878372
4.362544222117455
4.311094380128897
4.206668631903488
4.083630213799386
3.9841252751959084
3.9014863432395654
3.82856660948662
3.7047242937498193
3.5365098556541974
3.528407246193602
3.3398828946848593
3.3391300202202605
3.129258047998461
3.0361017529396017
3.0103320045555946
2.9443068590326558
2.849876836156084
2.725768007377669
2.5184356962333165
2.3053034508801944
2.44154092396181
2.197942875701517
2.1618435336455284
1.8207207285666054
2.400955221319094
2.0821449865899453
1.2731538723750697
0.7151158344838425
0.4902621064363438
0.5366052025054181
0.8275850727741538
1.1623071992209828
1.0796575176839325
0.8947352775094952
1.0917235127012066
0.9327288045660335
1.0288094528577256
1.0366047498705229
0.9787872687664053
0.963324054508362
0.9672697844387808
0.9715208224383655
0.9841884857465221
1.0142168729552747
1.013674936709571
0.9801772136235861
1.0175012023085594
0.9828026946899673
1.0113748224246457
1.0068243649944961
0.9891128459900054
0.9880572386032758
0.9889838107203194
0.9895340983729173
0.9912823047469341
1.0018402477246904
1.0081520998798819
0.9916125170166783
1.0059382845286302
0.9932700221649652
1.0078181224854534
0.9990027173955277
0.9931380016191618
0.9953274300639573
0.9970757605168052
0.9958030946459097
0.9945702077417224
0.9978516510464411
1.0053324579953509
0.9980594354254527
1.0007998145988344
0.9990291883776488
1.0038105690920394
0.9962138694179465
0.9971847151702116
0.9997145347613795
1.0017459761386542
1.0004437780369666
0.9978994999842483