8.673599077151295
7.587569224643774
7.706300139947734
7.661667300910738
7.718724050058692
7.698837114926131
7.648428767963813
7.6216523707833375
7.614311220820008
7.629119670990081
7.593895523645489
7.577293632560997
7.581818493557413
7.5847258324804265
7.510142156162891
7.5260696710987816
7.479096187113548
7.490469617365639
7.448290260884697
7.398263376945319
7.365932355020168
7.338887435345002
7.320363592473866
7.2738212335177685
7.228197059005209
7.2063449218030575
7.191935641894638
7.111583073914134
7.096578616847466
7.039312698194536
7.025080835303674
6.954500326406172
6.899553182827572
6.859767278607497
6.814464012531021
6.77208733796968
6.713481245234571
6.640649613126075
6.590242191819974
6.560872987817862
6.481777490267752
6.428382064024763
6.375093433255338
6.32615956492624
6.235249143660475
6.184601982480415
6.136098485359608
6.071713309604022
6.008569790724899
5.942526824333923
5.85295464078073
5.769488061057238
5.714270667554159
5.656586113358497
5.555237736157283
5.519071924419249
5.42018004813132
5.334699603944504
5.290765181322143
5.222162707649649
5.1357244623572
5.0547190286096395
4.986516997814708
4.901659342856889
4.795609655924811
4.692443300972153
4.662976100766226
4.53112371539415
4.496755073615899
4.353785741558954
4.306570731114576
4.2458925495426465
4.138544832234699
4.030789666716467
3.936618142696017
3.8657643681545832
3.8060130187784322
3.716080041262265
3.553205658265232
3.514063031879274
3.416646769315893
3.321771221176972
3.1863219135104557
3.1898824105587376
3.0599618456368005
2.89830171221868
2.774725907251233
2.6674468910237126
2.582460954214793
2.566758057023363
2.5821970216194714
2.3219243786798502
2.185778625570687
2.3000240721352663
1.9522920786380247
1.892305370528222
2.384494924621807
1.980278218871792
1.2270509401743768
0.7132938920566976
0.499932562259307
0.5363894520497318
0.7976376871552028
1.1325150271764535
1.1237645642076441
0.8877689388816051
1.0737621633634669
0.9441046184291594
1.0606480021104916
0.9601422904542931
0.9759993920885336
1.0246419398340365
1.0349204986293559
1.0311228405239885
1.0271195380345912
1.0186330025425177
0.991762896120951
0.9819302154235519
1.0156308374063823
0.9918721625031655
1.007002474900458
0.9892233389094697
1.0142828036023575
1.0008489353345118
0.9887792372687939
0.9894972460766953
0.9917270540234198
0.9918753310672676
0.9901558341274022
0.9971020479831991
1.0079556953691235
0.9985446124820913
0.9975524782152987
1.0025210790210817
0.9996361276313016
0.9943852897077725
1.0046907891540904
1.0047138537070395
1.0007789518767132
0.9993679379071526
0.9997041857241673
1.0028834281888834
1.0052010316562825
0.9992507778065942
0.9959449800112847
1.0048535481565966
0.9959250398905377
1.004097652836863
0.9984648650740484
0.9967359380675945
1.0015816378533033