15.07635081529447
15.204172116018103
15.075716829682653
15.120454063977364
15.133633149190512
15.144265590755873
15.087122356662395
15.025618777232031
15.021566688938996
14.975019436099904
14.977211622662846
14.933123093420551
14.868701100923795
14.812838456557051
14.767756840881303
14.665853763889745
14.639480446962901
14.56170351741982
14.477945975978825
14.399558734785641
14.31634125997412
14.25660874083591
14.1826760564653
14.07298860289302
14.018726994631766
13.903257145768016
13.791157623821608
13.680278790111936
13.58406149193946
13.501909736973936
13.353417040570726
13.262920143650435
13.117650980804157
12.988360450598732
12.867024133513596
12.745677740465394
12.622338059656707
12.511349632074003
12.342004936079835
12.212568106827224
12.08869199025361
11.945858724310465
11.806121824883363
11.640874702891876
11.467412753165547
11.342608737913444
11.150975556073446
11.010624361898897
10.86397197771695
10.702531072531984
10.528402832478937
10.338148348941514
10.215159546643173
10.005347643401958
9.86221881088478
9.703050247488784
9.530244374243754
9.351018477945523
9.150545168824749
8.961060266064642
8.814566823637467
8.625664087274345
8.416700808344107
8.233316172570623
8.046895159003254
7.882399993816043
7.733268420171664
7.4967116998748935
7.363231538202119
7.162384289528836
6.953710498368617
6.76962795052697
6.608011741524577
6.438845969984997
6.187019057386091
6.071487131261118
5.852004879410925
5.630504894214378
5.438416357264303
5.265131014717271
5.14174013483178
4.929365603211589
4.738881476875632
4.512702732620754
4.399424915249869
4.242154411729995
4.047159422857108
3.7800263276667803
3.610146549111055
3.51332302550883
3.2923467692212793
2.9777099940957097
2.8010269412873328
2.5827543647715467
2.3868098444076957
2.62193372900294
1.993838033636681
2.6883377131229547
1.7021218451480786
0.7448640997277856
0.4270315583855189
0.5746507005520091
1.0565843393499543
1.1330222178823914
0.9072409388885292
1.0195445710077369
1.0696563625503952
1.0339545459840223
1.0322359816257747
1.039565075096009
0.985731794024458
0.9999450477498076
0.9907696040160751
1.0232947238015502
1.0123434562192304
1.0084674766361286
1.0150847167466919
1.0073670233406298
0.9863412456900602
1.0118859309615247
0.9985682707531857
0.9891220622515239
0.9902540759901072
0.9898756168313966
0.9975809265733961
1.0080946053766202
0.9920287953529514
1.0061963168741401
1.0047562801036338
0.999562829936294
0.9997854887171623
1.0048363447849304
1.002468105061382
0.9957954099925677
1.0024331876370185
1.0030129537916184
0.9980339424214937
0.9975495273322704
1.0006654990104409
1.0040239582289194
0.9971755308043369
1.0033092139448763
0.9962856670674081
0.9983619923562201
1.000372457339807
0.9990929867515127
0.9964441716532885
1.0015754246900774
0.9994326357863333
1.0020612992374371
0.9976875920407152