15.388569245487625
16.555427004234822
16.469981503977966
16.452255765316977
16.447891896223783
16.4371214374166
16.397704280690235
16.391299209925073
16.32163434493036
16.30495701057424
16.28047429576541
16.230009713230544
16.145625237819438
16.08254641360321
16.06711678287493
15.968274409957766
15.877498999782581
15.813858239923942
15.73238442023066
15.653392097954658
15.599733308743499
15.477701764556128
15.405639491010744
15.305939826704071
15.201531871037254
15.097245635223999
14.975090123229633
14.849916246360603
14.753361563794344
14.623626797186835
14.47485811488997
14.341935142075869
14.211556882985583
14.103346612911093
13.964787469998026
13.804364669678021
13.652559526301976
13.52654140583756
13.377312046631246
13.210883013396618
13.034900547536521
12.901027048938177
12.712265677348261
12.567586168385658
12.405564628675265
12.235289002516666
12.058980793980224
11.85572267269003
11.695701839999021
11.499577500208504
11.350781635647564
11.160455847977891
10.972896314479339
10.794213469175942
10.579107054147128
10.380412240855236
10.196884481782657
10.02555096110333
9.819331012785337
9.624086378199543
9.436172880652911
9.208960502475549
9.017497373086199
8.803764383936768
8.637046110017303
8.439458737175803
8.239469937906794
8.026212395955463
7.778431233122463
7.631865542113589
7.369326888550232
7.19354104416968
7.0123510294595786
6.801890801137092
6.560956510881581
6.37695201943901
6.195993028521359
5.995393734164294
5.742763721341762
5.534076909217995
5.333851043125366
5.179485814037929
5.013571187128383
4.734998636458659
4.576588895603495
4.4421033823232605
4.25236458509882
4.05917653801482
3.774918489471842
3.5430636871486723
3.4513300881365683
3.275232178946819
2.9367824971103738
2.699418494623497
2.6114198523052665
2.7253959708996383
1.9550966126383607
2.734699896419337
1.776112755624641
0.751603406844706
0.41955184681231616
0.5837643476372897
1.0871069350072387
1.095087504037475
0.9501126708918374
0.9612098370674589
1.0491842899854655
1.0506873247824622
1.0271693738180754
0.9728141306694681
1.000846001829671
0.9963274367137137
1.0234890386244877
0.9990800737052182
0.9931906459127885
1.0048940569539244
1.0164388011035115
0.9866991188740937
1.0133127859072584
0.9912268799003554
0.9889526953756012
0.9907397661648626
0.990297026967452
1.0021329281862235
1.003182980971907
0.9993906290235828
0.993114192114739
0.9992334442718322
1.0000883037541817
0.9953256945657392
0.995972097377455
1.00586211942993
0.9954451518221257
0.997775152559463
1.0029895134472884
1.0031116857802869
0.9989485729741261
0.9957084559342547
1.004387840291779
0.9962034315519129
0.9992729281062924
1.0022328857917664
1.0019366524345097
0.9987898713201432
0.9975776801526919
1.002907785533009
0.9981293607742053
0.9978207170831371
0.999956018012845
0.999609648218485
0.9972675708814009