14.030099742763126
12.843123608332562
12.784435737273634
12.76913653500259
12.754196479820086
12.766587129347181
12.707481623631164
12.681515588761988
12.672897842583563
12.640112134479855
12.590237507968066
12.587351413957412
12.576229295718667
12.49780117649326
12.469305536220451
12.435761663459969
12.382526123894497
12.328540447377655
12.263693307815386
12.19119992084527
12.162870682881083
12.066076384366648
12.0382755877636
11.930263420447824
11.846126940035118
11.773514270263927
11.696262107801065
11.631127747890735
11.560325473744124
11.452156843927275
11.376828727248988
11.290102705179129
11.181424699869703
11.075431693119006
10.978171314350718
10.895828832309757
10.798082412235734
10.650878403427964
10.584394605145905
10.441368896356115
10.323133081603729
10.215448958534132
10.095635338756178
9.969906411648218
9.864234061038593
9.747735328742515
9.599468838531932
9.485148403449346
9.376333287058445
9.230206499654214
9.091363305968724
8.967460338714348
8.840389095068915
8.668902183035671
8.552066361523133
8.387999769106509
8.276545421472036
8.136495763936425
7.988102589613756
7.848817398734201
7.705990926940925
7.52053102079915
7.38816003780184
7.234577583692403
7.112339773944577
6.927090403647752
6.7627008793706525
6.61160996736846
6.47642140074621
6.355470696892748
6.15764877430854
6.036339048210793
5.8341119147534455
5.726264993519787
5.5914497362755196
5.437613466910818
5.2790883822369565
5.07907168500186
4.898422435628688
4.81532823947918
4.587953326267075
4.438391017393038
4.33708809435172
4.197666023364497
4.032588858178467
3.8121323697111897
3.6206198482179808
3.601188942014099
3.2820660230386496
3.2318068100820305
3.162197038722918
2.994624847655048
2.8677970202347898
2.7447410342849756
2.309689582784103
2.2463301185596882
2.141209069911079
2.5522500214947095
1.5625711909173954
0.7330145188371412
0.4438237653582699
0.5591435673413299
0.9913776203174203
1.1875875041511028
0.8765357613482961
1.098384957789976
0.9647967307652231
0.9442608075543389
0.9736649773556759
0.9743833624673333
0.9647016588374896
1.0001407461499714
1.0194135407912315
0.9825050691938362
1.0020739853992318
1.0197922045183274
1.0081699034394402
1.0047006047949134
1.0117324658022195
1.0118543830209221
0.988337827454084
1.008611312288683
0.9896017388442565
1.006432822189833
1.0090616694063377
1.0067697373956899
1.0078706303048137
1.0062103020223119
0.9936525644612232
1.0027175767032923
0.9963602335735589
1.0068931051760273
0.9996806059017854
0.9956940924520257
0.9961333497898605
1.0002968210622831
1.0049536345816432
0.9966381422572437
1.003052354527722
0.9956631012519578
1.0011840832502277
1.004102154364895
1.0042741323139828
1.0035375660057866
0.9989974672793237
0.9969371895818071
1.0035543718050728
0.9972676680037749
0.9992865208957634
1.002506525520816
1.0027928745166725