28.639337397370387
27.436115175250727
27.43554551943592
27.31792845557816
27.357313728854468
27.285829356848982
27.26244760424311
27.17778191955532
27.166472691782676
27.048443135863348
26.975514599846466
26.88295395474861
26.785416433448034
26.65769129711805
26.571205631793333
26.43594989230914
26.27014861152457
26.15568172963766
25.985589250154177
25.80701141019593
25.635192843611513
25.46624611136713
25.2672761490842
25.09711316128857
24.87388856464907
24.696232725823567
24.49810788039167
24.24931430871873
24.00077844831987
23.797161218209336
23.551787183304015
23.3115198969979
23.054600447692923
22.767920960124965
22.52888549701416
22.22880343541007
21.957667805005048
21.68402991698564
21.396009818413877
21.09959453105089
20.77720719540153
20.48243349363299
20.182082916795743
19.89020031838637
19.5527715939492
19.219966262412424
18.903578512189824
18.58323001122592
18.27840828550982
17.919374049746448
17.575605705835923
17.237866859334744
16.913708679214643
16.591376662066654
16.228508642053434
15.867193112436963
15.514827612573017
15.19753135409864
14.848632088193723
14.505019082075092
14.126193610746014
13.778995858540352
13.456623812169754
13.065215798196064
12.757110092487096
12.395545169871989
12.05449077220249
11.697311718042217
11.306414662944762
10.982754626649982
10.663152228856427
10.306079320454101
9.920284748646782
9.636868486719415
9.237555112586747
8.897175356706432
8.561676606386378
8.274145602834661
7.931483209130737
7.650908767510477
7.311076565747444
7.0074892354291896
6.659362425984859
6.322882309013023
5.97471006394601
5.6917853946364065
5.354649968440693
5.107287363860449
4.817642648230425
4.611881654751261
4.312075509148519
4.061438755122436
3.5805660620572426
3.515109093977339
2.9982782915840462
2.64637939799087
2.643033666036125
2.6625433020295173
2.2898239988360802
0.8073452885389927
0.37695362570342783
0.6564021255377678
1.222300141346502
0.8728745603371273
1.0671316927865346
1.0718256194767473
1.0319541905390213
0.9547940282076884
1.038042958830428
0.9907387948839785
0.9806472952421397
0.9989465496884351
1.01935947032765
0.984365528966067
0.9923702914133244
0.9998617320914704
0.9894289699845283
0.9979042881086101
0.9997609380191375
1.0107709289607827
1.009025014048083
1.0081560592249101
0.9925625994059724
1.0082335758031002
0.9990420995967959
0.9966610445653984
1.003523674484402
1.0025563812396106
1.0001522531017737
0.9946088665261411
0.9944940837038541
0.996950044218183
1.0050086854820846
0.996090942676688
0.9976933905812126
0.9979399686557491
0.9961908516091166
1.0029374967704243
0.9966567888696953
1.0003911494086175
1.0003230035580943
0.9973452284372027
1.0012124003886937
0.9978642648310279
1.0011678548257519
1.0010565401477252
0.9979778744767438
1.0006380853823018
0.9982518419876055
1.0007989007728868
1.0009322196385912