18.79396943502246
19.531554624182277
19.44772214840051
19.519733875159943
19.54980168499651
19.463945420508384
19.470728053218675
19.385634403403287
19.37092248265491
19.310138104557634
19.24880644448967
19.153689601353545
19.126856705463133
19.080421010374135
18.97131877093562
18.91740498170858
18.823688600332417
18.70004582793408
18.634468330133046
18.517149892930654
18.401148613926935
18.286189119981042
18.18676021566553
18.030691047844456
17.930692746508377
17.764431591302902
17.630106024588052
17.47517373513021
17.351860405240412
17.20304477120111
17.029972222446798
16.856635022566028
16.716444774278546
16.533501390013242
16.34755865906902
16.194596015209658
16.00048690675036
15.834530427642399
15.642728595236976
15.440498362748544
15.263103795226353
15.045439588614268
14.846155428797195
14.61805673805101
14.430267297060883
14.222586478456362
13.995940159552818
13.772856566634568
13.583726486315443
13.343252183142154
13.096526213259786
12.875781030753172
12.64362639877963
12.445231863216065
12.193461348429336
11.984790249132834
11.726498520919773
11.47745998904134
11.255311425832737
11.045675342042783
10.765595605989803
10.566408902649183
10.291480721990645
10.039006327599104
9.802901164159975
9.594762646629434
9.313450058587723
9.104630499282385
8.8178284459664
8.567980214888124
8.324033150336387
8.114755058460432
7.880113212086872
7.614516595890412
7.351442985235604
7.131123330643837
6.88322623134679
6.620867737344844
6.453001002286206
6.146691991736908
5.985981732148854
5.760513918020377
5.531582889167824
5.276831698902062
4.956777544078229
4.848680294013315
4.531865829704648
4.257881345750519
4.024951423865194
3.8497337564652097
3.760298779608239
3.3200358236315877
3.2676762820924434
3.1645918834073874
2.987118221097386
2.6750109828018425
2.005097869298047
2.781478699837183
1.9357324672471536
0.7674970562951186
0.4043584345431872
0.6045067741360144
1.1441748272865715
1.008443279160428
1.0513141282016667
0.9239264404098639
0.9406908008966123
0.949145629012892
0.9938345507463163
1.0277444538943192
0.9825096268813931
0.9827041067588356
1.0023927247027555
0.9977632855785998
0.9813084034034699
1.0075847678657832
0.9907042034436302
1.0140928944003822
1.009683383648387
1.0097159816210612
1.0097544858929315
0.9910939916629354
1.0076796906454202
0.991936994288871
0.9935598546384559
0.9940377593449994
0.9924771713166743
1.0040195246893682
0.9967790757135624
1.0058336375052521
1.0009836584694354
0.9991810216887951
1.0037336803692505
1.003209060070271
0.9964988606747989
1.000869324126694
1.004185268241292
1.0043364249702431
1.0037855909232538
0.9980368264236171
0.9997667533109456
0.997827088319642
1.0030788108986393
1.0030783792683169
1.00277765036964
0.9984188477282794
1.0003362137342204
0.9988903722838139
1.0024984898574614
1.0026966040755654
1.0024181554053344