21.692909547887172
21.331226025866425
21.230710166330468
21.29736818243896
21.214460482067633
21.235260683038867
21.152133800459275
21.064888091096478
21.060336420463283
21.012247211970283
20.922513478102346
20.877098003761592
20.789206054016233
20.70987194579293
20.621754007609123
20.55095395718991
20.424752202252563
20.351193862959107
20.22995654088332
20.125478754583618
20.001974201402206
19.861336678316018
19.721132683083933
19.57388168809931
19.454488724906362
19.309964594810324
19.134736730642135
18.971918687441267
18.81535325234241
18.66079613353461
18.481606831128335
18.29276633553907
18.129482248692657
17.91037900635562
17.74779301755928
17.521412626415866
17.302886514989922
17.11165553014038
16.920603467031853
16.68370993351121
16.486266673890075
16.244840252414704
16.01297758513579
15.793357193498753
15.583074585689292
15.313734925721237
15.111171791548369
14.864685824994297
14.621004134460756
14.38502548235159
14.114194984260084
13.863928750895004
13.595352805245206
13.364947008841103
13.10646917905031
12.830681755045227
12.587971049297831
12.320667903087188
12.088349342243296
11.816045744040888
11.552876015057436
11.291781191472758
10.983382891974385
10.766556482226408
10.47552637195076
10.192471862029617
9.939678303329964
9.701965725911474
9.380594862547639
9.16900867436657
8.879616372905613
8.598857361445045
8.359090323533193
8.102344310996353
7.7815208053876805
7.561364451929484
7.329612539100376
7.068627359478543
6.799897167534566
6.472133845265277
6.301883768519836
5.971054981949429
5.702089817044964
5.445135257739857
5.226365355103014
5.065565019576196
4.700205027730412
4.495590825531392
4.3073357570471575
4.040100787449952
3.6935820828977497
3.6456097262414895
3.1888995483985494
3.109994445176347
2.9585753436958253
2.5752039294920634
2.10603814390586
2.777716496116921
2.0201050026487573
0.7764199406686443
0.39706421978475576
0.616841573559466
1.1687051622340883
0.9646535162716876
1.0895636953336245
0.964771733515963
0.9554907149268951
0.9971857008675136
1.0407876631665702
0.9650172055385697
1.020862387821378
1.0243981478464068
1.0198245398334518
1.019107602013257
0.9856546804590094
1.012452902871983
0.9859276457492215
0.9893195948532819
0.9889186157955615
0.9907908616574614
1.0107299563685055
0.990333003076871
1.0037231845020618
1.0077434287654885
1.0064566424244665
0.9959085640360451
0.9986188514777751
0.9980797226341004
1.0061328769272233
1.0058947299349235
1.0054695729258218
0.9994354421153554
0.9984735756532237
0.9988889163534541
1.0042317989755063
1.0045351510240292
1.00308123560044
0.9968026342883796
1.0029178013913267
0.9964373794550736
0.9987825197141408
0.9993542773492479
0.9968695196121928
1.0001316646722556
1.0004878069499268
1.002659354138969
0.9996000866113602
1.000189229901535
1.0022561187151615
0.999303567297841
1.0009009596019842