1.0050776173498026
1.0459723144227664
1.1575319284573258
1.3038936501632812
1.4289739213874404
1.4817312636722924
1.4477928536119464
1.3577124504576563
1.2646340047872404
1.2135466620658473
1.223629443687538
1.2850041845647922
1.3641428422267525
1.4190346737171395
1.4224295231968067
1.3781870476534808
1.3160338414479806
1.269542850107238
1.2565110745290151
1.2738684602396686
1.304708799303242
1.3303823111872324
1.3420675180482269
1.344959606192198
1.3500629704322893
1.359940760682
1.3635747805723246
1.3470071398708099
1.308930979468275
1.2654181664052695
1.2398499299034873
1.247024897401239
1.2829401721309361
1.3270632593845
1.356612751827337
1.363053608291567
1.3562403530497706
1.3512121448040801
1.3508789378043857
1.3434326279971942
1.317190091338795
1.2761457870153738
1.2394713569340876
1.2258394850901344
1.2381223277355398
1.2624737573460045
1.2822478795031056
1.293635387554998
1.3072950304511748
1.3332818441554573
1.365391115330197
1.384164037749818
1.377048087679574
1.3522218345488073
1.3286727833829628
1.3142533523442157
1.2986991852933534
1.2696517267241034
1.2309408093693817
1.200332180596837
1.1899909279854566
1.1938199010914063
1.1968179199813769
1.1946460804116361
1.1990437308222042
1.22191135952836
1.2580832152771215
1.2899898727297934
1.3094517839390563
1.3273606544814245
1.3566194735062769
1.391472964241867
1.4136987431390582
1.4180420889203138
1.4193699820443724
1.4297392417096464
1.4395775524363552
1.432349669582894
1.410549709511736
1.3921935372402083
1.3828961954375694
1.3678553116455705
1.3366848984804538
1.3009345867940452
1.2757585020925943
1.255910057637583
1.2256657282553283
1.1858823879065088
1.1527799196488417
1.1308308625676222
1.106035826215372
1.070798747895702
1.037194503634939
1.0157968783810178
0.9975107855541268
0.9703629723910004
0.9410369516941028
0.9225765373444516
0.9107973831702355
0.8924245426200782
0.8697802174337782
0.8562475574107874
0.8511302120417455
0.8412882897141589
0.8263920118571655
0.8194547347187798
0.8215816974978886
0.8199996350835559
0.8133504868169231
0.8143740477155644
0.8244174266621809
0.8307405291360718
0.832367118896443
0.8420521491844759
0.859906332871182
0.8728888257037583
0.8817340391341913
0.8991876241117686
0.9226320677115069
0.9389260063089426
0.9518473330650644
0.9733667692737048
0.9968261849887052
1.010277959902395
1.0216507618052142
1.0403587952619309
1.055307201557183
1.058474357184453
1.0620248252838043
1.0702061183394764
1.0692071121764328
1.0584714764573186
1.0521155711548034
1.0469144867838105
1.0309474703902917
1.0129373180067214
1.0033829228182742
0.9918760749097053
0.9744509426979309
0.9653301615592456
0.9645107151929904
0.9596727649523362
0.957642468347421
0.9677993203260934
0.9782113254951716
0.984074641423296
0.9974971563694096
1.0138316622877694
1.0200233871039808
1.0245436497766576
1.0326583528192808