28.25450478733978
29.81019902120078
29.761282177719224
29.841798133548977
29.763608300560712
29.73324269855994
29.71109592901855
29.609423301793832
29.498077500009014
29.449082191248927
29.339398718575364
29.233293600583217
29.154853198756577
29.016029492777385
28.89576165974483
28.7096559406413
28.5803953377044
28.429462030697294
28.221843683970807
28.086974192095187
27.887670379624584
27.701709908639696
27.4571771898226
27.275932030733593
27.02576883465413
26.778184989268837
26.560158570461734
26.32909579720743
26.05368765477395
25.77547974281606
25.51241297590983
25.261191113604223
24.979824391253477
24.696517766398014
24.375142856786113
24.09164002682665
23.79240654039809
23.447622919476924
23.128516731171445
22.808923730072504
22.46123376685589
22.145735583461285
21.79165726324063
21.47242513518686
21.126333847246368
20.751549294400114
20.40125487040391
20.026803306655967
19.67367520768233
19.305320781639377
18.918748040348763
18.586635565161096
18.191032144150032
17.796445314967663
17.43828378353342
17.069719765558535
16.660698655797162
16.26043082863521
15.882551716375684
15.496677616923929
15.152813319225084
14.728715234227387
14.335438039398653
13.946521562557981
13.589462674267557
13.202888307156453
12.84489482647198
12.452539488127693
12.084534763263594
11.675280822773487
11.308201739618529
10.896192461557433
10.51687079817348
10.167862444743262
9.845320240756086
9.430967103973044
9.044548768569816
8.686434294743801
8.374558210702848
8.022331472488299
7.703758167961266
7.329423851502003
7.017182416224923
6.659229904265568
6.298990016754736
5.91632439591463
5.592989636712582
5.268789726914507
5.0912072055934265
4.621760161778579
4.314309849238865
3.9854728652268356
3.726349580815164
3.5920743638089547
3.2819297721576812
2.8721911805821607
2.8344661166376777
2.595241836316693
2.3832197058956894
0.8190677592622837
0.37066231574001324
0.6708564068547154
1.2321617514652852
0.8636513819857081
1.0182091956036072
1.0322263848787534
0.968149681956637
0.9942706227168677
0.9837328727886008
1.0222596615155632
1.0160511927205458
0.9829853141704322
1.0093896788816628
0.9815025981365486
0.9904192019980844
0.9861201479220707
0.9982175056797025
1.000875780169716
1.0107664914458558
1.0084441518176743
1.009406872755622
0.9926348302252728
1.0081983519835815
1.0004136836538375
0.9997607812497661
1.0065996097486933
0.9952098872291582
1.0058768721386508
1.0039104876700413
1.0046932444041492
1.0017606487163981
0.9980427365488131
0.9963131043725297
0.9989970710175785
0.9960787943031668
0.999878048938847
0.9985270397325731
1.0035086831929778
1.0034305838638276
1.0007635946389948
0.9978591417196425
1.0004466302609518
1.0026346786220182
1.0026018067976807
0.9983974696793914
1.0011104498440886
0.9975687661127778
0.9979976925287611
0.9977474099359371
1.000774849327845
0.9992402216612261