1.8743417187838363
1.6923237788811765
1.3833468375327767
1.2782392759199805
1.4086874601852082
1.5487611624193949
1.5036854009930243
1.3756714712693106
1.3544934008992229
1.4432811348127668
1.499378051594275
1.4564878274497073
1.4039447988907656
1.4037802294711543
1.4243230639552706
1.4339158044456244
1.4503185713511793
1.4653250673224603
1.4286381092826013
1.3724902411510118
1.3864352689955757
1.4629471328779309
1.4883674598914842
1.4301965194894095
1.3839020120647423
1.3923022270187848
1.408824906127039
1.4209463779648872
1.4550356834902574
1.4674145610196128
1.411772059658847
1.3594857883424982
1.375937352034809
1.412722612233362
1.4259605230034338
1.4461452392124285
1.4555931894880956
1.4063251084739667
1.3548102048616744
1.3600952996943145
1.3799948072426746
1.3934966850715487
1.433702940243488
1.4586067774907328
1.4223942599282098
1.3844891520897322
1.3653931853898238
1.3328346655880503
1.3284455378975835
1.3726394258654109
1.4021680408131603
1.4174895944001273
1.4434194350143665
1.4265789931783388
1.3801821405546264
1.3553838942489
1.3199415884933146
1.2888986713587198
1.305510609055559
1.3260280164735359
1.3472168372273
1.3968132314420119
1.4206136635494124
1.4229738175529247
1.4318640122365907
1.400695934437864
1.3598301199234584
1.3310108878866356
1.279030635781201
1.2475366947613422
1.236346461597981
1.2187836444069269
1.23629695087469
1.2625618619296832
1.285715577371342
1.3374119894865488
1.3728689276568171
1.4088658683449327
1.4529125845990163
1.4659620459408842
1.4893379330695922
1.4945710877209613
1.481379406131648
1.4779236872290695
1.443549068300965
1.4175130694653455
1.3822442177448102
1.333059796277985
1.2990141998629832
1.2434068734228085
1.2020526427983946
1.1556211608886215
1.105405535412374
1.0700139008636218
1.019983094517152
0.9884739838557937
0.9489704387839475
0.9162151701018887
0.8906676410770868
0.8584638710253656
0.84340837419415
0.8176878920545619
0.8078602656679306
0.7937064947200657
0.7863832750807788
0.7853919064938308
0.781395828681476
0.7919950204619366
0.7941981331251002
0.8132787506731485
0.8244385713977113
0.8487047500532148
0.8698017693678557
0.8962436805558627
0.9256361150739246
0.9513066021357216
0.9846582482428917
1.0062547264397514
1.0372164056902307
1.0510167041805483
1.072709725191515
1.0753002625319255
1.0825224953997779
1.0724121964312812
1.06408581114501
1.0436413084717087
1.024442923981304
1.0008076491248363
0.9805306948502603
0.9639192555329746
0.9535663556912759
0.9523621604916475
0.9578084884805292
0.9724599222790928
0.989315160052164
1.0097375727763584
1.024516393773078
1.0354576318282953
1.0351932628403666
1.0283356297889956
1.0128940974408291
0.9959483004412953
0.9807263804223671
0.9717824677444369
0.9735950289815691
0.9817260612538862
0.9992197160746495
1.011703896974344
1.0247752783847301
1.0211961968752257
1.0164437052074153