61.04756637399356
58.712815443188035
58.72225723411449
58.72554094615024
58.682469595704674
58.54639759334465
58.44566545769645
58.247627343839824
58.077312794102994
57.90027766688421
57.64516214845451
57.404355685873014
57.104756453699615
56.85823411376497
56.48831401325002
56.17909078584488
55.827497288314156
55.44444830281058
55.01786410912001
54.61735262228678
54.191507580054264
53.69373845063212
53.21827400608896
52.757254064624206
52.21950157613581
51.69164689772385
51.110350693780994
50.58521377975548
49.982103942200546
49.397322858647556
48.746282425998125
48.1440981416093
47.496564863736786
46.80402064539821
46.17147389731932
45.47940679848285
44.76105299292666
44.063169141892054
43.331214513503646
42.62278107108715
41.84889531035308
41.124526805843374
40.347400312375115
39.58727268926978
38.80160880279248
38.020291270236
37.2543085336774
36.44374613471545
35.661076622226815
34.850821272353606
34.0927734092594
33.29416766863723
32.47549521761112
31.63727886356688
30.82853844412559
30.015837333021906
29.25265936580491
28.407454842967592
27.600941511422835
26.848914634178286
26.003384193558038
25.21108876406077
24.42662253038788
23.664986544437756
22.903116837854203
22.11313330226316
21.317029914559487
20.544308671114965
19.789839683144592
19.095551482034175
18.304539180615144
17.57494889087219
16.910617651096313
16.143311052529242
15.44887296734803
14.757403573356196
14.131404964811011
13.479391979136238
12.815340722302093
12.09882923759393
11.481917448538116
10.847521384513273
10.286297595051028
9.629967970102257
9.046583397521516
8.532277685207173
7.936751480940279
7.424657053930662
6.8277101694889
6.473335499976571
5.953018654519754
5.505949554200406
4.7975742576825215
4.447565872902474
3.9038718656706
3.572725072942924
2.842394834465858
2.282971051410028
3.1332257489611424
0.9415368027401648
0.32695716984874995
0.8079052261074807
1.1427651966386354
1.1028039288483586
1.081955912592141
0.9653435133352025
1.0462646971966894
1.0375584563890505
0.9873924177755479
1.0227992883594907
1.0105169152598041
1.0191667647786888
0.9843181221192545
0.9885953200911857
0.9862083164604957
1.0123110829314466
0.997195214885856
1.000401297141322
1.0073007185631109
1.001887330856439
1.0003028098642262
1.0072233706069735
0.9944691771265403
0.9932810459622019
0.9982524137035012
1.0018294079786128
1.0055159838823853
1.0037629036708806
0.9954867857645012
0.9995212788020826
0.9987488400794035
0.9973543741917371
0.9988687223438721
1.000249428952948
0.9964061396755454
1.003319246197228
1.0030467551200484
1.0022469820882685
0.9974027242570924
0.997718903169821
0.9972414209641746
1.0018071847521108
0.9977535644518262
0.9978834860423202
1.0022132998764302
0.9980244654450958
0.9978690219798332
0.9995709508970908
0.9995735533248841
1.0012795205395735
0.9998322136494414