55.588832652622266
54.053556343209465
54.08277780303846
53.98115165090218
53.878297182274444
53.80995138040078
53.694678381066126
53.489753052967004
53.357425212204035
53.182932434177204
53.01958634824707
52.75066942198632
52.52925576344909
52.26410776893703
51.956077080499895
51.65630897878395
51.36520505778341
50.982236469628134
50.66076345380134
50.25817069549685
49.84194270615
49.45878002011014
49.023659946156855
48.54562266113147
48.12967244602024
47.618368980288174
47.12983667326312
46.578807214609675
46.097352188998435
45.54308012884107
44.95445016515975
44.42697495145592
43.834936330118914
43.22711357279777
42.6006372045926
41.969642802022435
41.34256689721989
40.73110516934074
40.038174308678485
39.38077166785966
38.72954373091238
38.04392213331129
37.38744184114814
36.67683097066355
35.964307026252115
35.24300109427398
34.53525052393797
33.82884410878407
33.10198317176383
32.397606541622615
31.645241501507886
30.944305860211756
30.181539947566904
29.452797410750073
28.744188009421343
27.99081820515657
27.243652607595834
26.540078462183136
25.76041764050852
25.03729293548575
24.29466498035832
23.610804376792274
22.84968819047618
22.127002694917763
21.45819686856598
20.69754574817791
19.99250440402065
19.29207779153826
18.652774015408262
17.95916032722305
17.29058043883985
16.579410678533794
15.954332683646118
15.297945818783962
14.64040526823816
13.969526880700224
13.316049011170035
12.715489841015115
12.158812739660593
11.544752481384737
10.96361375437862
10.386434918592975
9.796345974717216
9.211578638645664
8.732686282703872
8.122234619779475
7.679504241428976
7.13797513411874
6.575003304146516
6.127603158085079
5.665894651278522
5.107552509626445
4.862310333332749
4.469694858612466
4.009892898274961
3.3032292885881316
2.8448028071799647
2.239401474661589
3.0472042354380005
0.9231657850999321
0.3316724850997651
0.7892053478083366
1.168510452637739
1.0741970702001262
1.060161684457524
1.0220081686231919
1.0174096861192945
0.9914598684692699
1.0271096686410737
0.9778804907093612
1.0077776095947664
0.9969298896091414
0.9899914192130601
0.9930655284798339
0.9970467266039588
0.9877455297083679
1.0095203322839665
1.009875613215662
1.0089748812009847
0.991304309909894
1.0009952499806725
1.0002286565605392
0.993235522082737
1.003356580865554
1.005803426966815
0.999984186743402
0.9995113808109497
0.9949856244071518
0.9957929210305088
1.0045350076756665
0.9969532734910168
0.9963424609939046
1.0018335515185068
0.9976733759640196
1.0009329020891684
0.998139701738338
0.9998695161419422
0.997083711681498
0.9969747202178368
1.0005977142225906
0.9981461898309119
0.9996210747889164
0.9973540347214405
1.0023274702961065
0.9992339027879388
1.0004150688252857
1.0017014785709533
1.000185914241211
0.9997186061843064
1.002087291155063
0.9978883688801465