40.431955968089994
41.90356502954945
41.848228819334096
41.84951959038774
41.77915881507427
41.68432950977248
41.63315514177483
41.571148816674636
41.40986779429276
41.239404762339284
41.11548064384996
40.976246083134896
40.775872258671505
40.62440459599335
40.40814741513447
40.16293256311589
39.966582282638335
39.6772006183735
39.41156636702657
39.14729604175701
38.841863681635346
38.56006767015526
38.27036361161052
37.92358162773304
37.559192354875684
37.2373856537291
36.85379521733074
36.498981219337054
36.09691288816437
35.711529943751756
35.275627394534084
34.88105643482385
34.43452516692402
34.01267709466866
33.54825713162508
33.109163695002984
32.607741178582735
32.17008031690172
31.682561775733316
31.192073935648843
30.65978548845211
30.174466695386407
29.66064680497413
29.130874369779207
28.64882485811556
28.087918209753525
27.55091245782608
27.04518082899139
26.471009258578682
25.954970116538224
25.413362334179233
24.82929325326974
24.322292306466295
23.754101665308404
23.19887914359958
22.64533060085772
22.068319698591754
21.491192197781007
20.942574983446043
20.428680167022836
19.823139834064904
19.263989457412492
18.710129479941507
18.2037217588618
17.60527424198904
17.059112887493114
16.512429042668337
16.024387373369155
15.438033425753797
14.89540807342478
14.389864770072135
13.886057055967123
13.369643149906985
12.843920449344754
12.360171920773816
11.782796628913037
11.332053081412738
10.841399755924838
10.304600214070668
9.903800126002354
9.374114167509466
8.915467161140311
8.518495855724503
7.964455623894943
7.553664363253942
7.098451330740649
6.686549714164084
6.293529450163825
5.94995359585754
5.5197630322378
4.989142593508648
4.76794899316727
4.443553430266281
4.03503891639653
3.402454671425454
3.2833860768177425
3.0903962098673126
2.3015252818906347
2.768320007126797
0.8737927600786944
0.3474299920432382
0.7352946412779738
1.2240539988528594
0.9501928608212001
0.9247295699148141
0.9967168015740026
1.0298979843074811
1.0186616639087278
1.0006047499011916
1.026507892653882
0.9821906759038084
1.018537172409748
1.0184475148016945
0.9992740698264851
0.9977383228626898
0.9867656845961961
0.9886554538065441
0.9959795499464661
1.0036471814055896
1.0093716902225591
1.008441707696703
1.0004134862544012
1.0013364647052285
0.9932491471078725
0.9951193914828326
1.0053591672277697
0.9941545639424019
0.9986985111064889
0.9961854338798782
0.9984230128609866
0.9985352032490918
1.0027976119022115
1.0000483880450306
0.9970094432504569
1.0005991182029252
1.002722795123516
1.000369660443437
0.997906178139266
0.9995462595060316
1.0010102355556747
0.9983924883380233
1.0005910812868932
0.9975008558922815
0.9977926185314211
0.9978139817860875
1.0026153822993866
0.9997803232831822
0.9992265175248436
1.0018554868418763
0.9981485780021496
1.0011555634231002