45.05555773123527
45.62864554077121
45.57976337100911
45.49232685473848
45.43847652946079
45.352245252812715
45.33590790006734
45.200712336482745
45.05992341747448
44.887599986639984
44.77200193606625
44.608488203636185
44.38890069178107
44.15926758127369
43.91585504775697
43.658268794866025
43.41472821750842
43.16475427440107
42.87393804934226
42.55844258859702
42.20994261811974
41.915035166753114
41.56618905043047
41.20043351365235
40.783768262659926
40.40786826469994
40.00544703415462
39.56096839938179
39.16525906923768
38.68856783313101
38.24388800969519
37.80293696457507
37.294578491425476
36.80506911501117
36.30373908799235
35.830310570886134
35.29106785056144
34.76353617290962
34.23520184865658
33.72724351677738
33.16138449676754
32.60174692035383
32.04993715418548
31.454062926300548
30.866603248006374
30.282039706364394
29.732056316647324
29.113051951329684
28.525863787639942
27.91629792184794
27.35903914087274
26.709964682151483
26.10050923684376
25.519817963203504
24.896216981446234
24.312305868300786
23.699540441842448
23.04465148086046
22.48292098149129
21.859932286780023
21.26015535607538
20.608497063880822
20.05071659948794
19.446102548210387
18.8350618811732
18.19975610844915
17.606946174972062
17.01353894770683
16.4293553281345
15.881557688924818
15.323598384079377
14.747635037027518
14.124854640600029
13.62861941801035
13.082365388531713
12.525050710158954
11.9261534217261
11.421365077332583
10.901566462771099
10.344340122554469
9.927172742983412
9.397678039945559
8.92234336743522
8.4221643728184
7.949434815292306
7.436316182480884
7.0340208131981425
6.574504359818714
6.188190125175457
5.7509092970686
5.354025148861222
4.771514031087834
4.374430868080946
3.937130705154236
3.6711417620809756
3.1804279817431733
3.007808319953545
2.253302793382088
2.862977293885587
0.8891679968034986
0.34212696407723825
0.7528670368030205
1.2096034691435487
0.9931551617435148
0.9639515284426954
1.0498431772060464
0.9677129256692769
1.0304973616729451
1.0225313546222086
0.9758412193849357
1.0240446007301973
1.0061738799324733
1.014204019749466
0.9997120123939878
1.0111309605406946
1.003501443548698
1.0119517469264496
0.9910639027031279
1.0079608315126787
1.0077954571727326
0.9955571434783285
1.0050392502417598
0.9950950139157491
0.9973738587690736
1.006445549568962
0.9954725245387617
0.9944155093109084
0.9957802225463696
1.0053734982702556
0.9976372955401654
0.99651929140644
1.0019087259234178
0.9984930823687801
1.0038542333822544
1.00368768951002
0.9979588689912646
1.0026795120180259
0.9996181704438426
1.001529192038754
1.0011775335518749
1.0011764473448443
0.9991633991256538
1.0018188092069835
0.9988847724242149
1.0024232252360248
1.0025874231677347
1.0000659142626769
1.0000429992574684
0.9980405232829556
0.9984985948092095
1.0019248972709782