71.99841715000386
69.69750265219504
69.65266175280922
69.64877060898691
69.47749099849065
69.34835531592663
69.18620142225129
68.9831326103831
68.77750605325075
68.48071225783562
68.2323627866733
67.93232144604659
67.57122026833525
67.248632639388
66.83567226092029
66.4509280698312
66.02552770914356
65.52526175366576
65.0747331676866
64.53906818863517
64.0035483102384
63.42627755184503
62.805417536496776
62.23785723933019
61.5586773719506
60.88896247050089
60.232542867024456
59.5331845023305
58.823883289079326
58.05739245526969
57.340838515898255
56.574823089178516
55.759726332094765
54.95116672543065
54.128362228558714
53.306255602377675
52.412949544252804
51.55795729642881
50.683952009582676
49.80056725321698
48.9160636546121
47.97274236497074
47.094328437936156
46.16103473119914
45.21966478040668
44.25975505096647
43.29278691934983
42.37389333703148
41.37450316924751
40.41271973956247
39.44489263097405
38.51116010598578
37.54409123802389
36.549098243013994
35.60086255437613
34.61158753556059
33.6733945899669
32.657011478238125
31.6909184468449
30.751834357907697
29.808629889024584
28.87682390272618
27.899553311990292
27.01347440681725
26.07545862047087
25.16837250870103
24.210497277655538
23.30156718632106
22.442015573020903
21.548904177429502
20.704287679395396
19.805603006539283
19.028498268535554
18.192064260856462
17.37152222766616
16.521728427933613
15.714880512985408
14.984563735582519
14.185283347152637
13.468628403512753
12.689493468637586
12.069195815205163
11.372088055362086
10.670377877578108
9.965801182737328
9.283410424118875
8.73398916949328
8.018292088350861
7.451207843956091
6.819611247688376
6.403903779516372
5.894019095897199
5.2369265355412224
4.833374475063839
4.274603355380983
3.978940789533222
3.1096516923419553
2.48270941556732
3.293209162370008
0.9811091519602183
0.31750954187361935
0.8464241718683776
1.081074106265743
1.1173095845041234
1.0324429231177623
0.9754307694898066
0.9557232683016121
0.981210941796006
1.0175132472820387
1.0247039552641382
1.0151424552187365
0.9863695578613156
0.9846351127027453
0.987824456505527
1.012040381471128
1.0094180979547294
1.0105450958880116
0.9901588888090769
0.9955429528608947
0.9914792979385093
1.0073169830590918
1.0010944452652888
1.0056508215467563
0.995043932753405
1.0016209082806533
0.9971502973501197
1.0021891518464432
0.9962509668920888
1.000355846798727
1.0008568683939434
1.0042580491569577
1.0020751848702405
0.9972341379369788
0.9969683128640775
0.9965894964784966
1.0030853951202423
1.0011173905985111
1.0028262821052474
0.997775768597164
1.000784040329402
0.9990753408802047
1.0005657243371884
0.9978940142677747
0.9990421296090817
1.0012935876397595
1.0020826762289194
1.0018697625720063
0.9978572740007066
0.9994682831644318
0.9985843659452485
1.0012114928052045