1.9854302494998535
1.6248300610638322
1.4056195132143612
1.6470930134191986
1.5885925708364455
1.4532728291697357
1.620237366596438
1.5834182941363395
1.4746423762993262
1.596278677377342
1.579045507544973
1.5062546915428843
1.561045511770794
1.5666779522345606
1.5556973311733966
1.5218692281205448
1.542372891150916
1.59969886292629
1.5082394530378953
1.5185383814412925
1.588418045110342
1.5407327605817196
1.5241034595258593
1.5158275241678605
1.5726800125334026
1.5574217248279068
1.487082236764857
1.5335564404718467
1.5500622004686149
1.5592533677299905
1.4950231217665297
1.4968468734587816
1.5529887173451544
1.545458497730779
1.5218786046529758
1.4668836565139225
1.52005565504845
1.5389816500030058
1.5439613014376938
1.481455327639687
1.4691101448424089
1.4998245834971329
1.5369129422658083
1.5317039577851974
1.4761800835717156
1.4539249974145305
1.4621712342683106
1.518371244493365
1.522740552310173
1.5046733580720446
1.4420628649936078
1.4317491100897946
1.442746761380592
1.4982572482397305
1.5110240003270856
1.5000588566228727
1.443577819729542
1.4058908542963837
1.395621249023313
1.4270592839855545
1.4736979696753512
1.4960687764427612
1.4947704173415894
1.442094573598005
1.4005398524500945
1.349188765541139
1.3548365887931106
1.3703896440749905
1.423825937600007
1.4633982378503176
1.4855255825586138
1.4842005359975006
1.4385047834150317
1.3951290674310959
1.3274162146840962
1.2876884400997994
1.2617178962140907
1.2602595315548686
1.2949068320462525
1.3307316082403193
1.394186199072222
1.4464529921608889
1.4918071068904573
1.534406383495789
1.5424343083214236
1.5472714217590167
1.529711715918167
1.4888497930143625
1.4509703022329947
1.3907138673969501
1.327048434553004
1.2692337399538411
1.1972466186900572
1.1345895111347701
1.0777770067877266
1.0141274857777745
0.9644819280158289
0.9199701365564062
0.8727431607064031
0.8400576786137107
0.8125929852984354
0.7841603837015823
0.7695841113728509
0.7616828419799456
0.753389338342625
0.7577641225376953
0.771298376909104
0.784388590219393
0.8072812076630007
0.8411468838818599
0.8735927910313088
0.909076412171644
0.9533527822840384
0.993678538367701
1.0257718992807139
1.0578132890211003
1.082771839159124
1.0897079056362418
1.0854161006183343
1.0750704704447245
1.0514952369765294
1.0171970231067604
0.9863200093422381
0.9642474807612269
0.9488277502002999
0.9447999714092139
0.9589249459358998
0.9860698898284439
1.012672382372663
1.030970173738702
1.0398868033300142
1.0360092710533153
1.0164007235366066
0.9889450067072333
0.9694675977318599
0.9681341233425461
0.9827866334700409
1.003579693988722
1.020395784951355
1.025971406743951
1.0168530985037811
0.9969627772922894
0.9790140576480488
0.976639478784861
0.9924572317195447
1.0140676729685019
1.023258444509614
1.012053649719267
0.9908104793539058
0.9791910797567909
0.98786933070922