1.8733273894470384
1.6533432167857751
1.7051858058267262
1.6838434043554649
1.6842851890613602
1.694514771744076
1.6796636393607902
1.6890438206344827
1.6912746203497169
1.6681057670204893
1.7138382671432666
1.6432108273532884
1.7286497340426157
1.6383354021376517
1.711145118829928
1.6705899338156052
1.6608432022155926
1.7167690604989212
1.6244469560645385
1.7179574211300659
1.650844515596974
1.6614350344554136
1.7004726914236243
1.6307501420326256
1.683624271420504
1.6692998818064684
1.6377654207852819
1.6750258113531038
1.6599994780875937
1.6344931736192907
1.6619393516304153
1.6617134791318535
1.6203196359449292
1.650324082701622
1.6658166904080083
1.605773389550889
1.6320886082688368
1.670203349411709
1.6019499518277347
1.601601816030748
1.6647706181122321
1.6187653079724014
1.5714676661698384
1.629102930750359
1.6436031385080603
1.5774368108544339
1.5709158387094186
1.623144781190091
1.6184108189435649
1.564454445595018
1.554246465339369
1.5941513871542528
1.6091107032168657
1.5681073487598642
1.5271670903865506
1.5438920860849898
1.590163197608225
1.5899040829773903
1.5313619535935126
1.4881233353259327
1.5156458994370383
1.5736816310994621
1.5812284045829652
1.5211235847192384
1.4568198909899033
1.4531951203341027
1.5068064316809509
1.5580884050081836
1.5554772194593693
1.4990192493556895
1.431093597305005
1.39696370511802
1.4135370066974244
1.4646060127445693
1.5164802977822152
1.5385396431842335
1.5171368090333193
1.4589581521816
1.3855201822754244
1.3230462778492702
1.2923931643934201
1.3026192049184786
1.3497235986908196
1.4198675731327675
1.494924986346292
1.5579509075262872
1.596892041138467
1.6059848234749645
1.5852166732176467
1.5386788013278523
1.47263910796431
1.3939026044974583
1.3087089527718632
1.2221717356595587
1.138133471873617
1.0592766181004667
0.9873541242422602
0.9234470224412333
0.8681980787460772
0.8220000852844997
0.7851340087065793
0.7578589767297297
0.7404568132616848
0.7332317355304137
0.7364632501911974
0.7503090122687699
0.7746560489662028
0.8089249281388526
0.8518436417691319
0.9012268241316773
0.9538200322679004
1.0052931146646584
1.05048096075889
1.0839585620581933
1.1009821174971786
1.098715635661166
1.0774978419222643
1.0417255583606877
0.9998191525279715
0.9628090977866022
0.9414451215580663
0.9423912533349069
0.9648510314464167
0.9994556904716481
1.030911808154866
1.044408918276863
1.0334388672366148
1.004693214419017
0.9758625121476106
0.965616222052336
0.9807580963738163
1.00971689681266
1.02946547877632
1.0234424063029433
0.9969408883141349
0.9745906397280888
0.9782502239176366
1.0041968711384746
1.0246303700922959
1.0167969730156508
0.990181394190631
0.9773680259093981
0.9940572027261435
1.0172345184483003
1.0149798313877239
0.9918645598802558
0.9833256081200125
1.001557093874995
1.0154295430708409
1.0019425844414727
0.9863850351434771