4.8721470069984765
4.734801774969029
4.728807082749672
4.680863942127156
4.589136822616583
4.516660064123819
4.542339433011757
4.657285540425369
4.7397788810345896
4.698813753557129
4.619568046188686
4.642304224499424
4.70958682180461
4.660646649537277
4.56590683473139
4.586765417080567
4.596937154084847
4.494231492701883
4.486032873408991
4.5407925767243995
4.495234354730308
4.549126288039163
4.615678223274013
4.542032969402232
4.537628402711799
4.431265959726351
4.366225213165247
4.432620766517689
4.439234334834038
4.490556833152907
4.334733290580185
4.303004785297131
4.310933394754042
4.403194116741391
4.272320838145548
4.206864208043966
4.23986059688401
4.302487191522784
4.1080980883125715
4.157875780390237
4.199890111669593
4.059806974719197
4.067269678982737
4.108419837228379
3.9618518941988263
4.019069034307654
3.973259060002056
3.882529042469829
3.9711098064662846
3.773182954367545
3.923198934505323
3.734787737686228
3.7907839219752963
3.7182367585357143
3.7160816043651077
3.6334781648484324
3.6324493948114487
3.566166412665024
3.6066764182969027
3.427302710107474
3.558932262132002
3.313129626552883
3.513956861188494
3.2889095097076333
3.3134913205494874
3.346432702285753
3.0814330244043435
3.284905479861907
3.1514607791950886
2.972605536291016
3.2026598862020728
3.0378816386951577
2.8103018010802745
3.0294640545992615
3.017812954294737
2.6746415003207793
2.6803013884260034
2.9357916166387743
2.8348779237796506
2.4682430960134423
2.383985708537456
2.6514401378491894
2.830789654103602
2.631636820345664
2.2251289500821705
1.972821344494853
2.055353977281143
2.377856801718737
2.715989384731203
2.8882103742633967
2.8277405791561763
2.5654914642838142
2.1835611609306476
1.7724014328438158
1.3980914729423075
1.0877475944892812
0.8410124570124322
0.6537152283449134
0.525942142066442
0.4512831216795809
0.41523631719907644
0.4124501406601629
0.4500558359970642
0.5263504792624261
0.6303796485752013
0.763621023144776
0.9207303976159323
1.0656966377430341
1.1707669617842016
1.2187699469246598
1.175756629748691
1.0605860111844314
0.9420644528168965
0.8741555261213895
0.915547417644071
1.026486557631469
1.0949401159913832
1.062290542773454
0.954755995146495
0.929247830049431
1.0064953396710539
1.0698183174087181
1.005018579973912
0.9431766788942255
1.000552146530225
1.0536370570538607
0.979253679037789
0.9674548674096607
1.036471972865216
1.0054694474767383
0.9628576970993175
1.033281230216452
0.9973927064640968
0.974837589333181
1.0355049518144976
0.9743599888538031
1.0072241894532068
1.0108903744845263
0.979283737339816
1.0238933216621742
0.9768247092017726
1.0235482948726915
0.9771100498341858
1.0196753157309124
0.9851899737118561
1.0149192185690952
0.9818129581241105
1.018536106888108
0.983711685227469
1.018712506875291
0.9809988547667468