6.495243658960964
5.357928817116842
4.95463420540437
5.000975577434483
5.1287675249832105
5.089310980928663
5.175256614141034
5.179829831973418
4.952773846876455
4.985538245208988
5.053387658295304
5.003775152181849
5.150460645646053
5.0895095016850975
5.097447539490983
5.089815100211937
5.003258720375597
5.039373384464092
4.934677321305413
4.988762852937925
4.895007119298718
4.95392410683547
4.879181390092855
4.933350497396883
4.889549740340387
4.912391195554597
4.908735130967528
4.8548469083200585
4.859719317073704
4.738656664239284
4.694843933966256
4.658985119052322
4.624004251071309
4.706203860666059
4.725426443137123
4.624158020335006
4.536303980069293
4.508112658527404
4.537919545094944
4.553312963463113
4.460430757956378
4.373989992675864
4.426227344374981
4.4140070516614704
4.264197423471923
4.294109013149145
4.362963275773768
4.171910069879177
4.16491629560864
4.216905166886038
4.022142026107504
4.131196947878994
4.053795702588444
3.962412668998687
4.060805734297992
3.8354120568477277
3.990213932694132
3.750880740303858
3.892143915151469
3.6699161942576146
3.8057808396599966
3.57174353000918
3.7386846029492316
3.4626103188074335
3.661282837611135
3.3872009695578655
3.498683420527666
3.406131759428963
3.231894810164566
3.429016934926869
3.1199683203783235
3.175132032816347
3.2956198816871174
2.947564626334781
3.0184100999099224
3.1694020570007164
2.8319472039058886
2.7223926125512943
3.0043471277583826
2.940711695447658
2.538899902064495
2.453061956993282
2.748085826289502
2.89073239740272
2.6197867752413657
2.1843874018194476
1.9982885040217784
2.2121864957236284
2.605908754655484
2.8987727445489213
2.961843242363316
2.7405034005823854
2.3686426312094286
1.9214409664163494
1.4991978898459355
1.1413728398626737
0.8597771186878247
0.6580398153816345
0.5181375405142621
0.4359508229922071
0.3989721414159281
0.40343092724852603
0.4507926549328753
0.53238635046006
0.6594051016826489
0.8058603740714371
0.975235125406321
1.1170417086975843
1.2080787685720387
1.212267792681178
1.1167354243458556
0.9852038734206633
0.8833865458134499
0.8903207240506064
1.002628762754657
1.0958724231395427
1.0669164626094447
0.9619801375139116
0.9279230415391635
1.0132235736581874
1.0665870005944904
0.9908389050144184
0.946419048950512
1.027051098722705
1.0354382942221714
0.9548511807582579
1.0017071534256836
1.0416498478074194
0.9645091139421678
1.0069999714723408
1.0202703466654033
0.9629109061321109
1.029323786959238
0.9843449716584206
1.00132150896275
1.0144476314703583
0.9822557526208504
1.0262831998861233
0.9775018858018024
1.0271082276074233
0.978397439507216
1.0251921203111671
0.9810128905635042
1.0209247819868748
0.9874603704759976
1.0093209527271871
1.00103383188921
0.9895835657096511
1.0149348777891147
0.9808829653126205
1.008198620475521