3.9611060342647426
2.5549733452858803
3.0813872249143137
2.6524215541673977
3.0284139420839566
2.678022983844061
2.9994375382121565
2.7025732379473726
2.9571985870380204
2.7482434450292006
2.887042103743281
2.8195824869558113
2.7967921117988217
2.8930013567496147
2.7262263397164888
2.916159700514596
2.7299239594816727
2.848835881106801
2.8136043196683143
2.736024301144002
2.879393207979513
2.707050669612991
2.8130894751068536
2.802181138422499
2.6903187821760035
2.839614812130487
2.719802381916259
2.7080117732142317
2.8188472274267182
2.6665978967885815
2.7130558662916444
2.7862298042511755
2.6325712856416006
2.692971089027912
2.760234738579229
2.608980233408906
2.6465683413034915
2.739787026167282
2.6025359557785195
2.577050119277421
2.7031950748571596
2.6266446083934283
2.5110961646938175
2.6129757041522566
2.6602671629367567
2.5133908355415633
2.477694452642852
2.6051321039119473
2.594650175742166
2.43964200296062
2.425891497769644
2.5544803567044525
2.5558454478383577
2.400560604907983
2.3368233919041534
2.448778962841332
2.5288955972754956
2.426350827048219
2.2722164330353563
2.267509428518464
2.397158958695149
2.4674610921496054
2.3679266539364283
2.1983240593269358
2.134301729220524
2.22732613357271
2.3632999435058686
2.3919277335778015
2.2703738386715746
2.0888150717172893
1.980724737323407
2.014632208759992
2.152999659188124
2.291652979413022
2.3342309337293456
2.246836947327603
2.066524312793531
1.8715681989825075
1.7391717508815823
1.7139752599425826
1.7977149918619748
1.9575249308157647
2.1436868939977587
2.3074577757981447
2.4131660397972934
2.4429784536694945
2.395698446245286
2.2821746563453233
2.1197691294276537
1.9275393626645139
1.7228937531837485
1.519798809401518
1.3282358497651479
1.15447798056874
1.0017903761249294
0.8712599141694822
0.7625737359967877
0.6746592525988353
0.606160805139366
0.555762916771288
0.5223839393685583
0.5052645112114036
0.5039688604076213
0.5183082085182622
0.5481877304509776
0.5933745573679591
0.6531870252793702
0.7261177547310905
0.809427707314001
0.898785564508961
0.9880723690342004
1.0695130729785853
1.134311480497135
1.1739201653111744
1.1819375381444286
1.1563726775847798
1.1016838746445399
1.029686002743585
0.9583298270893326
0.9077220259370758
0.8937336873025794
0.9210121649196594
0.9785846515149638
1.0415137751248915
1.0802369981082791
1.0751588607815425
1.029370819060404
0.9703978922868398
0.9359923704867312
0.9493471251902149
0.9999441751818189
1.0475995660709976
1.0526341518225972
1.0112220872006734
0.9628170727830112
0.9553192085604573
0.9957198522951918
1.03870423826873
1.0346170455887789
0.9893534689324383
0.9611010297720911
0.9868419559364342
1.029665659669157
1.0273808061101228
0.9845247074268346
0.969016686198496
1.0052250959296372
1.0307975004247079
1.001459382242588
0.9717001616485188
0.9969755998054518