3.9098576269663603
2.4908438008072102
2.5243171748753173
2.8521974724793244
2.3517123299126066
2.8786184844482454
2.4483006236720524
2.6802719320367534
2.65158054289084
2.5226435144328274
2.695920392983757
2.5856255990115162
2.5677908316621756
2.665436596048108
2.578529834563606
2.5324246225411575
2.7253345023049067
2.4612096907680865
2.6406111215893313
2.6085103931467675
2.5312181666529407
2.5460209001612326
2.6745044269725224
2.4485209282346623
2.580877987076071
2.6114624425206654
2.4951091799740532
2.4903817258395087
2.619128093240173
2.519129451611303
2.4165549322496593
2.5951142983973363
2.527584993273093
2.4424229003697744
2.432327936188454
2.5926884836694004
2.4667504753693645
2.3609327759892715
2.480758090728907
2.5163336577196627
2.4461047831495772
2.3077993814973827
2.4288631242146956
2.520284493405455
2.3854182866917957
2.303413658488094
2.3202549360164775
2.4550376378707717
2.449155773746621
2.261137118574483
2.2304446384884264
2.3216980370036584
2.4047272952526946
2.38900982090433
2.213568560193283
2.128594840604046
2.235812445079512
2.3368503147553845
2.352768385252422
2.2572767564861054
2.0839917986806644
2.0331676904979097
2.147324662385507
2.2626978917332563
2.3022036296802355
2.247277255144367
2.0829922827878935
1.9238618611051723
1.9043552472318466
1.997740229699179
2.117994401046823
2.2272948700067627
2.2684972528210796
2.180160358438982
2.0005234861477805
1.8289507426692355
1.7137933654245756
1.6609166440766767
1.6921895274818157
1.8181650657025472
1.9933085072194023
2.152837159646936
2.2704251271500664
2.3490378471386553
2.3796298318670592
2.3413584839674737
2.233793437529582
2.084336420804153
1.921660919436417
1.754743732775698
1.5805093612778642
1.4021030918639532
1.2328907181935513
1.0855446063202274
0.962566804060804
0.8580810732122963
0.7661264883332898
0.6859474058846803
0.6207885416626941
0.5735950025200574
0.5442649953832627
0.5300530232309187
0.5277545975545357
0.5356385301872642
0.5540549345391393
0.584748709206773
0.6294568249149383
0.6884769229125871
0.7598017518816292
0.8391506796775801
0.9207970408680632
0.9986771544134114
1.0671696098381078
1.1212718094999448
1.1564548629324736
1.1688271634882688
1.1560855431644148
1.119142744647413
1.0636669311392697
1.0004760406955187
0.9439980127491224
0.908734296852696
0.9045570764811954
0.9324166715581111
0.9823696239645934
1.0355179295728731
1.0702796657220404
1.0714453590218769
1.0383309613349827
0.9872928484429351
0.9453508184695848
0.936108769958629
0.9648598369414022
1.0128627857914398
1.0473836524136606
1.0439121670236011
1.0058118386050197
0.9643685138247517
0.9548175678225376
0.985207078049989
1.0265018879784114
1.0380252719070984
1.0083017651154162
0.9695600609300449
0.9648330417397769
0.9985799871396814
1.0288154080387768
1.01722260557884
0.9796075587343089
0.9675535009828881
0.9978020237893221