4.400925885367091
4.327093350151515
4.348375262616626
4.374760813523225
4.403145856141116
4.428894386250789
4.444841921867894
4.4418351683362935
4.411392530747112
4.35088282291514
4.2699158727092374
4.1937204499241
4.157009132067023
4.18431224642003
4.263794613097373
4.337467532868078
4.333841034391559
4.237160360883235
4.129038839725057
4.123630296145111
4.223644274573021
4.2799754671417025
4.182911373989422
4.060211910799523
4.104729110366038
4.214656927267136
4.139798173157104
3.998960478917564
4.073656748672537
4.1526706226996914
3.9935980690556656
3.9625575704353806
4.096691810483294
3.960636549845644
3.897604290835868
4.038857739507009
3.871789769974513
3.8738397441062866
3.9616559371679694
3.757842695184732
3.9010937896478275
3.7858270987569766
3.754301311706868
3.8245558614734096
3.6408040521773373
3.807088386128956
3.5753174506578396
3.7522416297252796
3.5258627015247295
3.691381775662676
3.4685308460330795
3.639014392986293
3.398549030079179
3.589947897519632
3.3322986073440832
3.5156874773336266
3.30897435251895
3.374496496937042
3.354618891204802
3.184558174082057
3.379021308273642
3.1108020817377837
3.197481139186009
3.2354144651711745
2.965540595309977
3.1521958337817497
3.1032419545946297
2.8419833923652402
3.0290371726856096
3.042343872900007
2.732587389184272
2.7949746476698114
2.993490752931313
2.7754184734816274
2.5219269624885086
2.6753392116677843
2.8709843745223718
2.684274633289225
2.3519220151639053
2.3197512594665097
2.579648674731184
2.7508406128191965
2.589686157554701
2.220898764055676
1.9457827908810894
1.9532520772050388
2.210571535183902
2.544630437722826
2.779285783994154
2.82051192729718
2.6663986133431505
2.372836551181672
2.012315432817061
1.6463659586585988
1.3149423735698478
1.0373958919997046
0.8184477620048296
0.6546765410317084
0.5395043192295911
0.46629982890096217
0.42993790678137384
0.42728641471802553
0.456954612604831
0.51843890107078
0.6106619846225172
0.7299068233302392
0.867383660454654
1.0071940272329971
1.1261819761905036
1.1976698507409835
1.2004941371245745
1.1320569065852077
1.0191969274572081
0.9161619526522994
0.8808622488064517
0.9347870165445155
1.034672675685849
1.0934385919504328
1.0555905810453385
0.9643638265409479
0.9286800089438574
0.9919445365738453
1.0606975867170298
1.0298999503422503
0.9548893515391013
0.9697118211197179
1.0411912744638707
1.0230661989960057
0.9592851769985447
0.9950911107604243
1.0392430045211707
0.9824619563108058
0.978486920383281
1.033453282336897
0.9894286790503561
0.9821055390778177
1.0295791453171923
0.9810078503941814
0.9992712731076769
1.017880519395235
0.9756736301140241
1.021658523853562
0.9873029813791188
1.0028396025414905
1.0060749898568786
0.9880404675153014
1.0157327053052652
0.98280563272981
1.017815665396683
0.9825343020315617
1.017156106643789