5.364161731070591
3.988893292324759
3.7983740465520497
3.771150903495335
3.8497525179445162
3.949610284697147
3.980873516506946
3.9173157496923854
3.834182740767897
3.841623475906944
3.947946177861055
4.021500941273737
3.9565605125032857
3.8489399626608725
3.870220305251674
3.9677743360950495
3.9307591559208515
3.8005137074793724
3.8198960973332077
3.910124975976046
3.82242110683361
3.7451098932537015
3.866202896037804
3.8650293130308073
3.7601582881761924
3.8703064262940132
3.8596779609996306
3.7129896498486157
3.802069349833193
3.721924693320004
3.655736957041516
3.798193824297912
3.6620947829977113
3.727237590596582
3.669657826248276
3.573152677338968
3.695542657970116
3.551252560335534
3.681045704969308
3.481306847883221
3.5987729862935645
3.489765854871928
3.5692296211438466
3.420949532306327
3.5066792288105453
3.4032130892857935
3.4791222291130386
3.300785171552232
3.471484106637269
3.2532218453730084
3.393129202977111
3.2362066773526825
3.3001532387552133
3.249128911647824
3.154750037607068
3.282613418453689
3.065610796658184
3.167002746473262
3.1490848512024257
2.968451235973699
3.1170298458345824
3.0430805599011705
2.8607947377748957
3.039205432340456
2.975274202283881
2.7391269826128615
2.9054848443434285
2.943085518186347
2.69736913588819
2.6386728137579953
2.8648948632624665
2.788415717452165
2.5181965440372434
2.477812195844733
2.702084263527267
2.750922578786839
2.481302565564936
2.2536471302788685
2.289973044412573
2.5472293098802816
2.662801319429028
2.4987845607844372
2.185803948599727
1.916443470376126
1.8950341474304622
2.099123610954097
2.384173505428757
2.6427688490739727
2.755890863555967
2.6780087170318185
2.4699167095340533
2.182927128422921
1.8474931790868405
1.5170836633896685
1.2331499640211985
0.9973982176959526
0.8024347117429084
0.6520244280388825
0.5482723993832646
0.48332708160483423
0.4477498316658354
0.43847498484463066
0.457841003536028
0.5084665622969851
0.5892847814810318
0.6947043318523329
0.8163312354885311
0.9442307553011047
1.0651660190624022
1.1599973304058253
1.2060411583586992
1.1871690864102513
1.1070616338355626
0.9962798584636825
0.9051300039828764
0.8805332015071803
0.9352197184533564
1.0295418451348888
1.0896325949994388
1.0643914797188359
0.9799696167919348
0.9267717910802192
0.9654757118122359
1.0456517453711802
1.058368975306239
0.9878965324040095
0.9470786215960998
1.0021960507610166
1.0510883341615151
1.0016800312728575
0.9555554671478306
1.007209408198003
1.0362557583785346
0.9755933317712168
0.9748078206941619
1.0316010315818736
0.9957278669857916
0.9731553436592022
1.0298017478013206
1.0003930276523825
0.9802423443706929
1.0273787808782484
0.9836079045314856
0.99263724966947
1.019367628136813
0.9780206363146123
1.0213982937325095
0.9911906654192836
0.9959175608284125
1.009265292405645
0.9857368478700972