7.9756649168256
10.37368600948158
9.711427313403217
10.238068214945747
9.855081189158259
9.965926526625763
10.115499628581201
9.803808585691991
9.93997311551842
10.02415007308731
9.857539647083993
9.81030076975155
9.862032029755873
9.842493362437969
9.767128009888843
9.71586709984491
9.70541105766425
9.708678327912732
9.702674092420938
9.681492367293233
9.647801638221395
9.603184527787922
9.543742109695437
9.461721690736342
9.354769843548128
9.240851256962005
9.161829000904296
9.149071581881339
9.166883729891145
9.127260478024809
9.007397738516643
8.893284534877417
8.859926577424611
8.851092375769397
8.714225175502191
8.61560823434208
8.653856647161982
8.433456656013766
8.481893769496153
8.305171395381604
8.300683962609089
8.136083849160178
8.158708730380376
7.925832681489414
8.007895177372166
7.772923564869313
7.734634110920568
7.710509054477643
7.492383357600702
7.442236616453989
7.430327457010908
7.264234061017408
7.087718619165454
7.020809922422385
7.004242150339804
6.951035332214498
6.8423979961674855
6.704182617953664
6.56385053493653
6.435329693598718
6.322808621109283
6.227079504314786
6.147246758822508
6.07675961659514
5.996385643155358
5.873248844958928
5.682825907881975
5.460028260260012
5.323138191631173
5.344415855253574
5.328985963020161
5.04280541869934
4.844165353261627
4.984022318664578
4.715192772766032
4.50232963073753
4.6725889669863205
4.183186131713064
4.439198437170001
3.9577335336835877
4.209187919583271
3.6723535582437186
4.034221750063017
3.415328576032327
3.654568958564191
3.558751813800712
2.94984563043032
3.3806437527797826
3.4049747763279323
2.6059620358426354
2.4023972120638923
3.029843107176864
3.5348080443032153
3.348349032098299
2.646742419591294
1.8364669587720723
1.1747962716486708
0.7287498580973442
0.46766129270479917
0.3409312397310463
0.3117268109751823
0.36304309539613827
0.4914790580763935
0.6932737691288876
0.9420719958848206
1.1657241894287038
1.2530294986097463
1.135791486478703
0.9203595943313511
0.8655434421190566
1.0383617551997217
1.1084334138128553
0.94317695221408
0.9578345527591193
1.0811885415459257
0.9506553536597884
1.0073424387363608
1.02570248486121
0.9615450978906549
1.043454104297447
0.9592121045001994
1.0371787478962822
0.9726384375197439
1.0124632718991284
1.0106951277579865
0.9694091360435328
1.0322238210909656
0.9967023225449414
0.9721184281883549
1.016925273833489
1.0225698615592869
0.9883458518969648
0.9766208762296306
0.994394061049621
1.0137451739285233
1.019561347904693
1.014780080942629
1.0069941888662617
1.0007963376929963
0.9975056687120655
0.9970968443164817
0.9994891253648547
1.0046181095407933
1.011355039968392
1.015949633673866
1.0125248480369904
0.9991921236865678
0.9865830030936599
0.9915730963614012
1.009069544251502
1.0084909946669598