13.139150930167524
10.53706771197613
10.76276768121886
11.133946646324194
10.85552823120384
10.879083711090784
10.786187677057496
10.71215506389239
10.78644931859834
10.707675824149058
10.735418013427324
10.725345071445439
10.598387908376043
10.701680409528574
10.552595878278908
10.52673745644563
10.642518575144797
10.579245762810178
10.42833599142982
10.361539791778096
10.39397691562034
10.429563135126665
10.32804475201209
10.190327410596785
10.15862507307453
10.042816523670066
9.975648532574906
9.93524108337082
9.843513220394843
9.837803811127618
9.769667789357433
9.756058899213224
9.678434678855217
9.516549940865582
9.406991411276953
9.322506226797023
9.331219767021231
9.238914421152456
9.046658504072361
9.044206218155793
8.932700427606303
8.773273374315897
8.830664821684593
8.58486014651134
8.625812584203757
8.377797247114998
8.420086232679816
8.157786742701388
8.203810033187127
8.007877159342664
7.8844458792217225
7.908045000151066
7.676647433592509
7.505326845270533
7.506342997042564
7.436085954991745
7.2443076801772275
7.0411151854935765
6.907693443267152
6.855264308025449
6.793922898978846
6.692325350698293
6.609620198995535
6.4756777870991735
6.352960228079099
6.192790308567292
6.017944745449686
5.810063840816958
5.654371725976998
5.570247407877362
5.606675999982256
5.523598894637606
5.200532153186168
5.001094820799301
5.1262075805544605
4.9173228670004
4.570667426280149
4.784359353735491
4.370993116568211
4.405848637118954
4.220245594750841
4.086990626183812
3.9292912098252355
3.9422440833009755
3.462326144465707
3.8930804789020828
3.215193555011418
3.190710582138411
3.6344494812826342
2.9614384145110804
2.385277442668603
2.8680226568502
3.5426292462193256
3.511937527149349
2.8276861898315184
1.9653954529786541
1.234150055623112
0.7450484115692012
0.4650759744285543
0.32917192758388664
0.3032089901421592
0.35905493345005696
0.5030498906547873
0.7200195696538686
0.9859648104286836
1.2000147200186277
1.2454167675807146
1.0790876302976202
0.8735841824635456
0.9096444686606425
1.0986949821917573
1.0504165880262508
0.9061975396558766
1.0422771984131396
1.0306524010642522
0.9414091258151625
1.0632771226303557
0.9428450845820565
1.0477465697196067
0.9541206311866641
1.0446664185197228
0.9568122149462622
1.031878202073659
0.9901823416040956
0.9775723200427675
1.0319059759319633
0.9916058715653661
0.9743048060293811
1.0145982391369488
1.0257459815136842
0.9987305914368524
0.9788847030724356
0.98041212400309
0.9898187726402536
1.0024442438466226
1.0115983053999467
1.0116577361994128
1.014706780590511
1.0102073402445626
1.007465375855788
0.9978969808015665
0.9910034745634441
0.983396582697218
0.9923918989155827
1.006013671904515
1.0127634021367606
0.9995641492689245
0.9871140759660727
1.004593230465625
1.0079511217848032
0.9897569047344325