1.7751356919282273
1.7743883515269663
1.7721597120425019
1.7684896748053183
1.7634439335542675
1.7571127766233274
1.749609439547485
1.7410680370178842
1.7316411105176173
1.7214968347418238
1.7108159319342557
1.6997883484510798
1.6886097521043837
1.6774779120676193
1.6665890252889881
1.6561340544186571
1.646295142193188
1.6372421660373577
1.62912949435855
1.6220930026614178
1.6162474032565886
1.6116839370503573
1.6084684697710943
1.606639963868026
1.6062097552448606
1.607160611780708
1.6094469741647346
1.6129956305229634
1.6177062937418971
1.6234532348399677
1.6300874131531498
1.6374387280841343
1.6453185767155303
1.653523261587334
1.661837128653547
1.6700363306519863
1.6778925992091618
1.685177158525185
1.6916646813619949
1.6971372184389586
1.7013880321653536
1.7042252666310627
1.7054753879319915
1.7049863322053027
1.7026303031531798
1.698306166287502
1.6919413935592944
1.6834935193580904
1.6729510769741358
1.6603339933928638
1.6456934296062953
1.6291110633373496
1.6106978210289178
1.5905920759889935
1.568957339539839
1.5459794817212238
1.521863497712555
1.4968300534222396
1.4711114238333913
1.4449474923724237
1.4185814380579542
1.392255368996017
1.366205930721687
1.3406601232428692
1.3158311198020398
1.2919141819545041
1.2690835987969882
1.2474893109710845
1.2272542084693292
1.2084721563278795
1.191206406184465
1.175488919032174
1.1613198710557158
1.1486682955058878
1.1374731756089351
1.1276452406218544
1.1190693923854935
1.1116077179397275
1.1051030292345532
1.0993828572144235
1.0942638149336703
1.0895562074295
1.085068938956881
1.0806142104720147
1.0760124197061929
1.0710967443550024
1.0657174509808491
1.0597458019063248
1.0530773692175823
1.0456348744918451
1.0373701752318625
1.0282655581974292
1.0183341973058961
1.0076197639678712
0.9961951841991952
0.9841605604307476
0.9716403000385732
0.9587795128399739
0.9457397898798809
0.9326944122279295
0.9198232212668185
0.907307146591022
0.895322769116958
0.8840368484750782
0.8736011103700771
0.864147479475722
0.8557838413922398
0.8485905811781265
0.8426178587678788
0.8378839367852098
0.8343744862001211
0.8320429749145472
0.8308121414276031
0.8305765287342505
0.8312060163876421
0.8325502519631263
0.8344438483408337
0.8367121816327002
0.8391775975443311
0.8416658127237246
0.844012283308237
0.8460683063477112
0.8477066217210749
0.8488262929568089
0.849356665070447
0.8492602258552987
0.8485342333516028
0.8472110154617526
0.8453568965157877
0.8430697583488236
0.8404752981945393
0.8377221002838465
0.8349756902011762
0.8324117852230078
0.8302090184465512
0.8285413686245424
0.8275706949664005
0.8274395806663076
0.8282649416340194
0.8301325181194418
0.8330926908563516
0.837157671860512
0.8423003629202176
0.8484548921914056
0.8555188772321437
0.8633573511520634
0.8718082152652026
0.8806890067494118
0.8898047016681271
0.8989562158768057
0.9079492221046611