9.221222255774952
7.021909207632025
6.8413728957816895
6.981774961013077
7.176207544899337
7.150413414157128
7.03807037736397
7.142961076240491
7.232176640683902
7.070993153935652
7.092705843307352
7.16158416740248
6.9783157212468945
7.060865686907717
6.968655641193114
6.917339041976032
6.9721299630617795
6.884564283990826
7.006381490940175
6.877290689358007
6.910559666113921
6.777640712969003
6.7983577298234845
6.847116821935855
6.690104624294079
6.749453646291733
6.6658387140214534
6.624250719481289
6.649006430454671
6.5675487626817
6.472992419019942
6.509890314724623
6.529873737259172
6.346329429498564
6.311713206091158
6.293690441853183
6.347902567713339
6.268387222229633
6.203885755661378
6.061655322528051
6.019168918207757
5.929333304487003
5.906852186964038
5.872120382309258
5.802575395425872
5.77993612346524
5.71185514502465
5.620002280338379
5.563256537585972
5.496722451745796
5.413480785520918
5.369568332523573
5.381119541550586
5.397417240726666
5.345212966339036
5.1940161214841885
5.020322195097206
4.968278963339284
5.035860957329858
4.988323729183104
4.767887754875584
4.718820651315865
4.814211609178624
4.604004310544196
4.480551821407639
4.605513238445327
4.319236942590607
4.345264705595883
4.298160446098064
4.0697319935397
4.219686729701478
3.8795074640609992
4.102021279520216
3.719590290203479
3.934498838184563
3.5781514670536305
3.684987536491083
3.597191051892072
3.3043819403932875
3.6003378483267836
3.174583398247413
3.118695193718016
3.407911897996098
2.9705888510618013
2.6949527818154815
3.0892738326828098
3.159867525964724
2.582313997952843
2.1845248209283143
2.405841117680029
2.955973108548985
3.249698419495337
3.1090056235911137
2.606999333483209
1.9927063102001925
1.4304854497526425
0.9840377421439532
0.6817076316616681
0.48931118730711326
0.382008661739342
0.3492767113898719
0.37702884555237054
0.4585174124433413
0.5974602437667899
0.7886152123977843
0.9977743074318949
1.1675984311830174
1.2356766846861689
1.1636330118702738
0.9940708999029516
0.8701261259074073
0.9179294400741533
1.0672461307328645
1.0929748629746767
0.9588908846230474
0.9273178333607318
1.0536573697288063
1.0328028329529721
0.9343477114604776
1.0301936204670281
1.0198814463500157
0.9507569725100673
1.046030783782781
0.9663812433213479
1.0133776293409318
1.0000607220151485
0.99475059334698
1.0124904561490622
0.9917445809729315
1.00232601937758
1.0031177590952676
0.9870480605940742
1.025437630184936
0.97198041120629
1.0179427377453718
1.0020818092164532
0.9807362765971394
1.0190529731378721
1.0030279200008219
0.9788419616556637
1.0074905261637364
1.018713696552545
0.9917791749256638
0.9842258701994261
0.9963571822354831
1.0162182802965645
1.0123931770464982
1.003820992476
0.988928915827118
0.987130311779799
0.9861145707708613