14.58104786678319
15.440011234708571
15.033675285721085
15.514164559441664
15.045886198922359
15.23554023984115
15.268327330982427
15.136215292236013
15.170456715209893
15.116675956831
14.972481283303006
14.887412580771718
14.874509495323412
14.872782733464788
14.845548669592425
14.791738080157812
14.727607084533899
14.66927028638261
14.608184017310492
14.503192032337685
14.364780802406358
14.331385377561102
14.38443953709646
14.209069833464307
14.009167703356736
14.061778516845335
13.904526174003541
13.764000870913629
13.73865265692656
13.528465464937012
13.53912033575218
13.259422344559718
13.317062345174639
13.08797295730945
12.916620512045471
12.918520021174816
12.734106533699132
12.531720046145706
12.443840137517622
12.369284859597004
12.237724553042506
12.067839816481797
11.895014148910098
11.735937345680222
11.59128183600472
11.453184653698056
11.311160231858368
11.158274160626949
10.980199644673018
10.74490179431991
10.511527985232076
10.449998800637452
10.353255825755966
10.003716984201148
9.944457442504822
9.779895116057604
9.506686634446318
9.469488768036756
9.134323068548778
9.11537648790712
8.80748615912063
8.64489079670178
8.604630079884728
8.234509263957117
8.046318879940864
8.022007240476405
7.8513035509558815
7.557199616435723
7.282688160991018
7.070181064609172
6.889596936852625
6.706806226858549
6.506886250807318
6.296527630899868
6.107103324373541
5.9870230147470345
5.949616418633009
5.876286885362525
5.554347915585864
5.133279303317015
5.178699087199327
5.137891717357019
4.528957894985256
4.8042154081633175
4.257944073134079
4.365626386182391
3.8733717346138405
4.164460784568359
3.2894866775077025
3.879217827891158
3.4843135542483674
2.573513614707356
3.13018032396008
3.8960825927659135
3.5884295033443725
2.552136690142885
1.5258117234649344
0.8314510458053854
0.45511243897661396
0.29378176976668574
0.27210837482548594
0.3605562629964078
0.556070800577056
0.8424788092500094
1.135645770662808
1.2654927379217344
1.111486404378892
0.8692041765675581
0.9334469673607616
1.1265079562010127
0.9636922172025839
0.963340690160091
1.0716803048013894
0.9295034794819951
1.0665441467914962
0.9419236237881983
1.0506455823675696
0.9712002414993711
0.9931588187672942
1.041900668201001
0.9714899939824283
0.9759214752557962
1.0253832854534655
1.0282592210066757
1.0000793491377573
0.9790426270495753
0.9732855217499531
0.9748461280999476
0.976624433978653
0.9764979645529089
0.9765644884893232
0.9815864891697237
0.9948903066697491
1.0115580356739444
1.0165995304623614
0.9994024650810468
0.9836156635036933
1.0058807663684388
1.0104964130464895
0.9838522027279805
1.013939682725637
0.9902289637335377
1.0073286364532508
0.9931798456676882
1.0082540992540858
0.989533360353956
1.0105318294901144
0.9972668169474301
0.9902201848831633
1.007692726560204
1.0091703226639777