21.059421225391347
18.390705099220224
18.23085260162852
18.056284522078766
17.878395318073096
17.84655036238281
18.03937690580595
18.111531928801156
17.809221799169443
17.824705280946066
17.950767126704136
17.619580848328997
17.846779138886593
17.505979530969398
17.706937590803125
17.391277100240554
17.44337186153506
17.42657837288285
17.14239452031116
17.097786053480093
17.14172629544758
17.0516465535003
16.873281781169403
16.697546603236262
16.550322029661192
16.423356695211282
16.31004380321781
16.21394904039523
16.136469798641727
16.04778809200642
15.879867744746036
15.629784348723986
15.470602355652955
15.439401892086062
15.214240583066147
15.010406490714127
14.955874934840176
14.657071721335655
14.617448908726379
14.317009093690073
14.24168678959643
14.020742004930144
13.780658105634183
13.695618810108412
13.49754914979472
13.223929331385856
13.008291241822882
12.845855362501853
12.68622819124333
12.50781713612163
12.31062347523793
12.095578496847788
11.857775579018695
11.597776847994218
11.350917870245079
11.187170505108961
11.081241193834359
10.824110049668223
10.477709571759746
10.410193477397861
10.138594822379156
9.865912660059752
9.755531180473028
9.411839841649995
9.269785349865867
9.069729322373295
8.683239868868911
8.664970781729838
8.424811025506607
8.018471785656743
7.789267993624718
7.688808784499419
7.566122508169815
7.38421041814555
7.172384808814087
6.956636641977537
6.734770014686302
6.470593751262047
6.117084844918037
5.7226008955386325
5.531592830528892
5.628342320716611
5.379646834153186
4.773900725361593
5.007280732761535
4.562450690488256
4.360455070471842
4.25069880717844
4.0285739658930195
3.533146248523148
4.117659379033423
3.00051816568775
2.8377766942878644
3.854789943742743
3.9285592691000417
2.8955799316719855
1.706083518259832
0.8861865206859738
0.45453422224887463
0.27934651293003915
0.26207221026126887
0.3654764952314669
0.586748145828819
0.9031633855990573
1.1967851519120478
1.2516927865780048
1.0056438843011775
0.8469627798080044
1.058295607985125
1.0680568082201372
0.9044888426953179
1.086941909024798
0.9338046480945065
1.0620495681900135
0.9396205353539752
1.0577118662713634
0.9708021848971901
0.980806213006058
1.0458003449459792
1.0024700588230158
0.9620942424396125
0.9767851292404776
1.0064249307888302
1.0235165825794332
1.0283755129432943
1.0279107420147628
1.0249983982864654
1.0176471496587787
1.002443643568814
0.9832999013241577
0.9795245242260023
1.0045949290304954
1.019309504158933
0.9887998199499748
0.9938002199360476
1.0154074720265942
0.9835472526374448
1.0154123515869218
0.9853557662503705
1.0143179238111435
0.9887624441192078
1.0026123794430482
1.0091694792592896
0.9898540182411881
0.9947031554631572
1.0082731314098063
1.009454333478005
1.0028970405891997
0.9971081250152505
0.994386059107058
0.9939083528806095