22.973927044811028
20.034267145133352
19.441433979351427
19.52813216583201
19.558716299389868
19.431770704088425
19.567087575111675
19.38312882547066
19.420145630949055
19.382178380110147
19.323748900399938
19.449005606954522
19.328549600556435
19.07130668992751
19.087255113407878
19.025493764533078
18.866948594909548
18.92632201888125
18.68003867174103
18.70152727656594
18.478228458204644
18.34553384188286
18.338115264788737
18.15608624343251
17.99500094465245
17.878145109227244
17.812226975645558
17.717016048947208
17.496976680641808
17.392025513345462
17.18165444804404
17.087026958073984
16.875729509784097
16.68611111120271
16.449365627284806
16.21623366130258
16.140805776450826
15.9708037060262
15.67875595517268
15.628207919520062
15.30965798407468
15.195626638738561
14.899185533494586
14.8199821495351
14.45774168174713
14.340442124031698
14.140498669148755
13.799743299893581
13.589692381028216
13.4378832679521
13.2555716992216
13.073905102398522
12.815373866420762
12.608580541614392
12.354364691182342
12.135058472464054
11.82154112837301
11.492886664154653
11.247773169441555
11.132140072619878
10.901739412957816
10.486419492691521
10.415902718377064
10.10061722697729
9.863152124787883
9.628001625150802
9.416004312742293
9.029171258823782
8.99946450204349
8.603341446115426
8.267382959286156
8.188449214537433
8.040988282766614
7.764478826771617
7.445128327609925
7.130185551910328
6.884363501684102
6.657683185678225
6.511558486337206
6.379730882848839
6.161939257273767
5.716054580577508
5.269834004813868
5.354395598676304
5.219089160853613
4.516166455361344
4.89115053569281
4.078669135671909
4.4875221092386335
3.491078065513496
4.204143850644602
3.3542831701999436
2.7529872318006223
3.7774457584031023
4.07587382656349
3.0705924977492383
1.80558121574095
0.9145686688298521
0.4538703467711314
0.2702236877724076
0.2563673309039981
0.36630190461084006
0.6051542773652807
0.935749762224489
1.2243797513985262
1.2339896030083013
0.9511328703169665
0.8656761533728141
1.1075990261975122
1.0006061300369746
0.9506881646580014
1.071881047931626
0.9389037479523277
1.0522473125661265
0.9810191969796549
0.9816330499510557
1.0498248414216211
0.9754077578031035
0.9642815347245461
1.015844387269983
1.0361898075932336
1.0266726331609808
1.0118554222952136
1.0004745443358962
1.0024875349592874
1.006594752707124
1.0189344866318346
1.024430066577013
1.0096347747647372
0.9851179159173442
0.9875613445609682
1.017171038989651
0.9970423717265454
0.9881642421700968
1.0148342600986742
0.9839368393226958
1.014718927885764
0.986869078698856
1.0048474359166983
1.004487428009883
0.9867165375324172
1.0039852655136943
1.0124830259328734
1.0011555746337943
0.9928112556898839
0.9893162668615687
0.9892942550589452
0.9917050888143276
0.9900203203085634
0.990844553638328
0.9929015351349664