1.3351289065635363
1.3467647220187826
1.3858252328150014
1.4583522690521353
1.5593800571113698
1.6667323899200432
1.7492529490329092
1.7844191554728923
1.7716961605139379
1.7311940578429175
1.6891210017865734
1.6615996280615746
1.6483257049149413
1.638437245637556
1.6215094422793914
1.5946740548334626
1.5625695649351723
1.5335441726378696
1.5169360371688396
1.522303130578297
1.5575637020739626
1.6238927933084346
1.709983377196292
1.7915142234175234
1.8392207771063787
1.8323598351837078
1.7694406534106584
1.66937613012769
1.5626543651174412
1.4783287498261788
1.4339515265140828
1.4320942010346829
1.462715312826514
1.508779836174603
1.5531485449859017
1.5853450171573107
1.6059517420035867
1.6256397056757625
1.6576891220956955
1.707352614789642
1.7650354526879326
1.809054059362234
1.8174380616465666
1.7813719577704958
1.7110793635746726
1.6300328556688248
1.5615071899806967
1.5164726533493833
1.4902085958169908
1.4686556535782145
1.439427785224833
1.4004657138690286
1.3617420649835634
1.3397292659263973
1.3479513805178858
1.3887071868475578
1.4507120664212414
1.5147592990744152
1.5649320680814705
1.5985681084981047
1.6276085762249621
1.6690883152954223
1.7307765349513682
1.8029426770790662
1.8637208684556046
1.8950144025789577
1.8965420394203376
1.8860193848060727
1.8844554313997497
1.898399034825149
1.9143125930206903
1.9103258397582776
1.8754994724691207
1.8197702660132324
1.7656467331951546
1.7288902861660438
1.7054032261278944
1.6760591047997746
1.6249639965314573
1.5543918640842522
1.4827710791339825
1.4278382561562806
1.390823165951213
1.35638123598339
1.3080025555238979
1.2439946966385176
1.1788202506626921
1.1288556700143542
1.0967009792313689
1.06935244583472
1.0317129437407004
0.9817312695199757
0.9320390310754065
0.8967293553326484
0.8769959221000395
0.8603594495585314
0.8340481644276224
0.7983648112045226
0.7659815539200467
0.7480865120965314
0.7423673098169766
0.735818733061614
0.719218770920194
0.6972679792269023
0.683113271770218
0.6833951155978517
0.6907454100747907
0.6923675848523425
0.6849189502791777
0.6784091077473721
0.6843768564866944
0.7021250701622572
0.7194566175903084
0.7273227020204417
0.7308661950223211
0.7432072468686594
0.7691812910631398
0.7990060321271446
0.8201378479475312
0.8329042121137673
0.8501157883717977
0.8805926691404335
0.9173057858069612
0.9457173765743855
0.9621491248403807
0.9783686683900147
1.0058254952811527
1.0398188685799703
1.064824659026789
1.0745356431665107
1.0799457505444767
1.0941021954421035
1.1137724110514249
1.1232594636806794
1.1156711647846025
1.1023885584455866
1.0972002738064706
1.0970595317904717
1.0868054614412068
1.0614627421630423
1.034181043362864
1.0180863540255498
1.0083097013239761
0.9906672596009094
0.9642560184328981
0.9441257104175028
0.9397296246617671
0.9416995055411956
0.937273791980922
0.9306990803849917
0.9367065762912055