0.9361410258078094
1.040879302426554
1.3351334545429792
1.7298438840054455
2.0560607696686892
2.1602509461154966
2.02664770030211
1.7810191865370846
1.578246703646708
1.5060092296727083
1.571422972531843
1.7228045528285238
1.8710848667441524
1.9340335828567088
1.8938244475189234
1.8040581318900113
1.7308786775073355
1.6979374259289903
1.6895042157088231
1.6847246667458826
1.6775943871692927
1.6797476596370313
1.7142616127930737
1.7917282511053936
1.8810812218463786
1.9185885310019517
1.8627980163512723
1.737881949970541
1.6156584405129384
1.5589378555765563
1.5822854294340138
1.653021210373692
1.7208742730164746
1.757020377980067
1.7747802259502667
1.8062160122144866
1.8531820522214009
1.8730700088810306
1.8241008535789989
1.7170216403121448
1.6097889823375444
1.5538384933571296
1.5536002703153848
1.5755957384367065
1.5894598272227387
1.599807181706682
1.6386603036196516
1.7222910657961665
1.818478165005286
1.870764763846744
1.8593245210983982
1.8210569777087284
1.7980546218011322
1.7824601044591866
1.7330783569477946
1.6386296682054085
1.5393999812513885
1.4806381403892344
1.462781200131381
1.450997973213889
1.4264178007010184
1.4124217972256325
1.4438023154838315
1.5180081920838995
1.5933476269085414
1.6416715109821067
1.685053292447197
1.7591224048862668
1.8520045621887453
1.9142851165834225
1.9313510358354318
1.9446838547453684
1.9829893973836452
2.0129388081546895
1.9932787954784685
1.9442609352231572
1.9145554408346004
1.9004498731674029
1.8554119551172528
1.7731825359656332
1.6999035474619741
1.6551951045707942
1.6016655467310907
1.514990935720198
1.4281099428242365
1.3721048670898268
1.3226905868719276
1.2479219827339623
1.1672069494905433
1.1142116144662377
1.0753328624154606
1.017818588277793
0.9518297571886664
0.9094055933982214
0.883175950100901
0.842418026675257
0.7929784723053983
0.7642340050635129
0.7508041052080673
0.7245004152600091
0.6909954403245648
0.6772105214320543
0.676247057308381
0.662338660128382
0.6442457118372045
0.6463918688648534
0.6574814346412539
0.6547293843450447
0.6524808220877242
0.6713039356293717
0.6933652448497438
0.700982947751205
0.7153781563873644
0.7499520254001361
0.7798275352662395
0.7964016677106015
0.8265183124603683
0.8714893555361615
0.9023444630449344
0.9243001775255163
0.9642105302174004
1.0072273147982298
1.0284637287016036
1.048977073534124
1.0853202192205227
1.108445259499708
1.1097585852481087
1.1200490262176936
1.1351023272136886
1.1247948667838032
1.105167998131106
1.0999304874102385
1.084213965258911
1.0479140082038088
1.023090709641405
1.0077837206925053
0.9758871457166001
0.9475173124286658
0.9418118026928376
0.9324396278349496
0.9192271830353878
0.9303087309066593
0.9488769346531799
0.956125375179836
0.9777988556178735
1.0107402617625292
1.024750514676691
1.0366440926513683
1.0584234082456054
1.059074798890623
1.0449978137374023