1.8310164061877034
1.8204399817812476
1.859285214162339
1.9511530218149893
1.970652978094459
1.9319738766220729
1.9229157732217
1.911879179211553
1.8680660719549291
1.8326131034397928
1.844342147812809
1.926606025543108
2.0246038606025922
2.007717246231603
1.859508729212199
1.7252810891992227
1.743333673130467
1.9106990581817347
2.065760005217462
2.043815787269834
1.8823066771836132
1.7573773869759706
1.7590739355158185
1.834246553612928
1.8900331209422039
1.9097373135114812
1.9459434343776
1.9822654318747
1.9279486455247594
1.788654233561349
1.6938960921725958
1.733106106901272
1.8512745915136402
1.926208616630747
1.9302641728712417
1.9347000455456596
1.9411384044668003
1.871099791689599
1.7397655706580033
1.666354551445337
1.7038133841235112
1.7786379344925958
1.8195011535855452
1.862228667885197
1.943307136953733
1.9796644335577664
1.9043152690018672
1.7990524473186882
1.744017821395643
1.6959447518546757
1.6231331875246098
1.5974311939397703
1.6650424154639185
1.752493992733939
1.7970587572966152
1.8516758767520423
1.9369218624480464
1.959112342856251
1.9000078846593864
1.8514114772950716
1.8090025908373035
1.70534292646669
1.5921822409025992
1.5425233815964516
1.5104455234047138
1.4620895928509539
1.4636604405415743
1.5296832499039439
1.584602565810851
1.6328600304451795
1.735728725231024
1.840090068096145
1.8905199457490882
1.9569767814940968
2.0398057329324284
2.0552240136747897
2.0512543926108697
2.0759128542669454
2.04720684908935
1.9801236568646663
1.9484450401654603
1.887859836110058
1.7844847655091571
1.7177899283492817
1.6440833005086073
1.5309937948081496
1.4522435554908641
1.3806532336786626
1.2754150333557255
1.2008679943075027
1.1400717870014545
1.0509389521631827
0.9893024254339073
0.9425251750738818
0.8716029969500909
0.8263650108732121
0.7936477049156703
0.740249530784848
0.7122986906667733
0.6923831106082883
0.6553867473367027
0.6447625430067546
0.6362036323736554
0.6153227424451809
0.6218903508958993
0.6235208255871839
0.6196574063227532
0.642798055572436
0.6537523595128509
0.6684216842438103
0.7059025691472944
0.7253093413144347
0.758928596909743
0.8053362705309347
0.8316652327159969
0.8806844608763426
0.9263608743508801
0.9564019898788653
1.0102685549737467
1.0423763660733167
1.0701605501470441
1.110958487283029
1.118238904645334
1.1350709404022827
1.1438888037576571
1.1244930216738502
1.1221801411598746
1.0932750476811817
1.0605164677997503
1.0388076991133828
0.9927485479255244
0.9704157071890194
0.944031127237823
0.9207491261584952
0.9251652888726047
0.9183872197399993
0.9406873703348041
0.9629838939264926
0.985052733409313
1.0240252229854188
1.0364333192255881
1.060702038866574
1.0621497937856363
1.050710366445204
1.041379703082567
1.0054393303767446
0.9897561737352973
0.9618567796006351
0.9524334667371207
0.9568398502672903
0.9628806664211405