2.122467829493658
2.066288238454468
2.091576090002461
2.1192056741517966
2.030278394574949
1.9905185177517657
2.054425113178295
2.1679384845743788
2.1075013811387593
1.93797950749612
1.9358978746537185
2.138385339551445
2.2288178045034126
2.024390127299727
1.8551927625914295
1.9819809710172331
2.1933397142029953
2.154265944257824
1.9810361442134932
1.9405639976744276
1.9988442417599661
2.033322035719021
2.0802239152870596
2.1348789618733814
2.035210652192256
1.8765462314907126
1.9091132258458143
2.074682768344279
2.1160478569537338
2.0534547209980483
2.0180399257168964
1.937285972286433
1.855972291794391
1.9387700890925526
2.0880871563829317
2.0878236405787023
2.025710621250015
1.9846523540182963
1.876569423106503
1.8129775171066682
1.9129331795013813
2.0139440802463593
2.0311982430724584
2.066006847169366
2.0167542981203526
1.8656756462560125
1.806747378737532
1.8094987349435026
1.8097978459704116
1.9114979382754447
2.0240936821574227
2.0208705523793213
2.020081718924286
1.9665956622084417
1.8225052729016953
1.75395070960407
1.7139081564930603
1.6812682213658048
1.7647832138863835
1.8530012197485888
1.9114805689915975
2.014154307494304
2.020007940884759
1.9796825124469604
1.943000521144949
1.811355802837782
1.7140545021328346
1.6318895766451205
1.533565702602797
1.529310867635362
1.5325449193686003
1.5678125634910076
1.6751695113167147
1.7453037196814005
1.8630788481619474
1.967983854852998
2.0277330619502765
2.1205833053124934
2.128173227736494
2.1492519299523174
2.1328483468690043
2.0693534889327716
2.0314400246794833
1.920845177257298
1.8471164600978458
1.7345022986401166
1.6238187502442145
1.5290747905467286
1.401724427084766
1.3204350550722987
1.203226318728532
1.1249275501259528
1.0346062619446459
0.9559752557703821
0.894613836907323
0.8206100310166724
0.7811351494136574
0.7196175090024064
0.6934608866122058
0.6503010832744435
0.6319196029318142
0.6093893512651088
0.5970634432191153
0.5946480795560323
0.5892926115372996
0.6051085438451091
0.6087395818856176
0.640409071168208
0.6549395536537473
0.6996813003143454
0.7260025570124816
0.7801877374711945
0.817327778620079
0.875870527114546
0.9202317090212154
0.9761905887063452
1.0211999862146033
1.0660192237423438
1.1027648594306794
1.127627135792867
1.147010213332691
1.145574558812608
1.1419820351514358
1.1140769015116476
1.0894812166042707
1.0441065432627339
1.0101547524430206
0.9650373330921929
0.9401351712126522
0.9154447777065755
0.9155961050736978
0.9226422896986575
0.9495596759522893
0.9808419340797505
1.0162936956286353
1.046891641643619
1.0623565496222267
1.0676354187275918
1.0475959863373974
1.0267806372710249
0.9867834256518845
0.9681458454606732
0.9439921802384154
0.9570480143204623
0.9668530466252475
1.0046136348100199
1.0248180649087053
1.045540360992981
1.0403861518280857
1.0203716850750397
0.9959641510436691