3.0030177700611715
2.4823863922683556
2.0164322282358373
2.1682782330174706
2.3929621373335537
2.2279017899508684
2.1464937618196123
2.2289679588104634
2.256854090258296
2.2599480505951486
2.2148704581848024
2.1300484289967305
2.240505027495308
2.3577232073025076
2.141873982462978
2.068127990639952
2.3202021516101956
2.3130349938902195
2.105889441797038
2.1394778130402057
2.224162884628633
2.246125685392213
2.2571432611830824
2.099418854316456
2.07826801906297
2.281794810183087
2.2594358429507486
2.1387647757090416
2.1074219820409494
2.0831703860937654
2.219196716562041
2.2818275378584243
2.1159443191669594
2.0675734377130386
2.064490316170697
2.1365714482861278
2.2669487747855337
2.1602886051499484
2.0665703691876374
2.014219324998685
2.016420971776217
2.177684089009351
2.1898615445260314
2.1522351167378893
2.050169626959754
1.9279921176169896
1.9905128109198005
2.0414720867976976
2.1588339431432035
2.170101036818558
2.074139165360066
1.9888767671731669
1.862499693448033
1.90223437019539
1.9473952743241951
2.070343750943896
2.130492373267491
2.1083618715478627
2.0415611391390565
1.8904248824358505
1.8220369458844268
1.7460636219062582
1.8131743708831456
1.87220670845995
2.0045261625516466
2.0664511363424283
2.1079995674176395
2.059324983688776
1.9689029912908529
1.8425349605050991
1.71322881464655
1.6229017338306133
1.5640996818202901
1.5829593751897977
1.6272860039754475
1.740666429599198
1.8436252419389108
1.9826449364789138
2.0754456174512503
2.1721285909746033
2.207979387017961
2.2271613168718223
2.1957751543680937
2.1371502900736337
2.0547774039792093
1.9393455696467272
1.831420660017104
1.686843579097262
1.5748969273690139
1.4262980518688568
1.3225559673882998
1.1887519892343072
1.0969110780505948
0.9896016023498115
0.9088479718129343
0.8326989893212602
0.7623407442557629
0.7153645651016399
0.6580160248563176
0.63295763760316
0.5947232439066196
0.5825148653088226
0.569636250541231
0.5647608358848284
0.5783552031834971
0.5833043814073947
0.6164525446364716
0.640463163683458
0.6820278206547441
0.7317790439568063
0.7757040650712316
0.8440448142512844
0.8940565915769823
0.9597768800849542
1.0192518429758177
1.0629963499647994
1.1176431570902257
1.1370041977178587
1.1571387652555833
1.1582504875602595
1.1303300694327176
1.1084910889613948
1.0571290850177553
1.0083522443797481
0.9699059511676189
0.9244114419841268
0.9110901012371566
0.9141362747472579
0.9267502002618501
0.9710174396025738
1.0107786734652215
1.0418613386061966
1.0730138112209495
1.067685537170571
1.0431260367566142
1.0158999697030493
0.9723094864922799
0.945865113315255
0.9509755917062185
0.9657194712171818
0.9977725359542088
1.0378548706839923
1.0473243493791482
1.0334299898323371
1.0115032402771538
0.9764123531200883
0.9553010809704646
0.9713635814382606
1.0009530911664364
1.0230649657072886
1.0361602448828582