5.352980799008343
3.107958240043287
3.7931801989696408
3.8957671380566885
3.3839349950099096
3.7495666098368376
3.7693812666295856
3.5270596117485193
3.698252087180807
3.616832511156086
3.729713436234822
3.5968577217196924
3.5286217764332517
3.7894049628907363
3.551650540376218
3.644952473603896
3.517537756499692
3.6633419327443937
3.6411051260644447
3.544030847465141
3.569515088931529
3.49357156077419
3.656978242094941
3.515117549672784
3.6070808040409905
3.416412408987195
3.5471120001071124
3.434379147442066
3.5715806121789293
3.469653208158263
3.499410108790375
3.439878870463409
3.373792416792738
3.4468595883013378
3.30270128812207
3.48544727799134
3.298997140782532
3.444276882381089
3.3550686329221517
3.2971205929948955
3.4090867443763817
3.189313824312436
3.3213940654511322
3.2531034133343253
3.1241884430515663
3.2947105510494668
3.1231475216960223
3.0922591085689564
3.239900329809631
3.037971764280411
3.0334176949175435
3.182712052856796
2.9886375688891187
2.932222048681745
3.113360601934028
2.992833492926721
2.820862862662043
2.9774948171273135
3.040731430634019
2.8138089605156664
2.7591398986881304
2.9543346850735284
2.948686208741601
2.697397865741933
2.619165212127034
2.7972727866263507
2.8663962876874893
2.658889389706015
2.4500811739039747
2.510999063144087
2.7286123687665818
2.78639976792263
2.5765023224968813
2.3030057835657405
2.222372080223488
2.384214515538347
2.615792874132531
2.6945214584293935
2.535505651461266
2.239063155945964
1.9812919450054742
1.8859900094087318
1.975539562550426
2.192049755968268
2.4538885274148123
2.6820996930484515
2.793695420438688
2.7495086869493353
2.5935757887968096
2.3731655714129016
2.092055561889908
1.7851883743945312
1.509711525445577
1.2639901084434206
1.0372602076359245
0.8579336375189865
0.7223332424351852
0.6062362423985379
0.5250347930940594
0.4772611774810966
0.4419940181724081
0.43518492788559404
0.453882996619612
0.48308019548415804
0.5433007431417173
0.6214738426026054
0.7096965636325107
0.8252633229368174
0.934925021524688
1.0420342936491427
1.1396120513306072
1.1873503008376878
1.2068610897601386
1.168264622555945
1.088752509458377
1.0005021178060285
0.9120648833987979
0.8850915178292194
0.9033642118804375
0.9822024082249164
1.056153429530523
1.0949094191897712
1.0633175023706474
0.9888580063072804
0.9331388611387655
0.9404767609762429
1.0073765613104606
1.0597321429278324
1.0456373648291761
0.9791373892274885
0.9454068862384575
0.9886061889943648
1.0420559339992166
1.0349759755190553
0.9690879915490966
0.9664917014522084
1.0152765749605417
1.0396851346300366
0.9847210655931488
0.9658092079515819
1.020127472896095
1.0247000734179397
0.9797095299258682
0.9818425097706251
1.0277950797008581
1.0047197585606635
0.969913561806101
1.0175319407148578
1.0152629598114464
0.9712823378293994
1.0122044033006274