3.2738903759608826
4.4601252617057625
4.615218749328894
4.7140951892929674
4.788650064851433
4.835252670624329
4.840108967520529
4.792387280620387
4.698282397031332
4.590376660561665
4.520449062997235
4.528948306537463
4.605444648600475
4.67956860553213
4.675833056441227
4.60132959508808
4.559792958523359
4.625772246028122
4.70897493556447
4.646931490436931
4.476340151522862
4.437908907191285
4.577003377657573
4.617066303115439
4.4764547792642215
4.440995116708266
4.516483819530687
4.431405320032049
4.378656879396396
4.500101999256017
4.389969309678675
4.263400645957663
4.442689086169763
4.339232058929236
4.211499509241627
4.365158511692325
4.211477771755951
4.23434130580487
4.222588972139652
4.128482111431827
4.231028977531551
4.017643681348412
4.200120900109381
3.9798645859132527
4.090334855527882
3.9801004096782537
3.982563934952528
3.940499396494461
3.9218571555843114
3.8522040209829194
3.8955548375657028
3.7364939136911266
3.880965652256352
3.6198788929335786
3.8407285938978477
3.5547880164449195
3.7110841159836165
3.593825340897603
3.490076045975664
3.644304285661053
3.3783556745248617
3.4645002829604366
3.5009615635982243
3.222851908831978
3.385937033892695
3.386696094623031
3.068184352623782
3.2468199225041583
3.3127006048654635
2.972076751386034
2.9804027123669963
3.205495528054396
3.053147384521177
2.744964341520932
2.798048500341656
3.054188033013953
2.9817127614670405
2.6017986521234784
2.4321795691454278
2.6592151300392963
2.924653922851147
2.8672509904411605
2.5132816111066694
2.1506357997573744
2.0284204872582663
2.2005290090443816
2.5451642012318176
2.8713703914788153
3.0278947919986763
2.9599108346335075
2.701545890718885
2.331386320006677
1.928309476819909
1.548034426076595
1.2198292270360616
0.9533952670521769
0.7473295129977335
0.5953907707498902
0.4901968341567982
0.4251481394613055
0.3953170955024281
0.39769781025421436
0.4309528780339618
0.494655334912161
0.587968824057207
0.7077512539072165
0.846274747122592
0.9891943181777559
1.1150282549426864
1.1979302237666858
1.215250842285555
1.159395971762609
1.049426906043156
0.933308647350551
0.8712871768807787
0.9003523794083573
0.9992985771459133
1.0894638832027497
1.0918690798136221
1.0066632972277503
0.928800360282235
0.94997061953717
1.037173302332798
1.0622077704607498
0.987725495033189
0.9405821091808726
1.0046649854641096
1.0572986901656316
0.9947485205808528
0.9515453023501704
1.0188661728716133
1.0341256614083767
0.9672647682165744
0.994812099173995
1.0335300285806661
0.9738125683243313
0.9961961934884824
1.0307370847117683
0.968928786336665
1.0095574636454427
1.0165815854129863
0.971425697053842
1.0258953457622624
0.985696586920704
1.002877112831618
1.006415280505383
0.9872653032979283
1.017895401243716
0.9788856297483417
1.0231549561972748
0.9770411326691646