3.738597409914696
4.365599429464681
4.524825499713397
4.536040123709205
4.390048868375729
4.183155451493485
4.08907215760936
4.19707918735794
4.3745697865992375
4.399312013805842
4.279261412188217
4.260172607937898
4.399269215091
4.429261226504373
4.276453027215033
4.249961337067231
4.383051916810223
4.3284108191670265
4.189381725803954
4.293145220819607
4.325849718895225
4.158452943756026
4.230180039730471
4.271184175206909
4.088561786821905
4.176624762632404
4.148063629871641
3.995769993554615
4.137618682002041
3.999461438904814
4.034762690152843
4.104051125953676
3.9632883777051706
4.117419760137703
3.903846591915154
4.00222833960189
3.866710751517655
3.926427120288127
3.905341172694679
3.8853205165488625
3.860776797477871
3.7807466384771238
3.798559289007652
3.784010855410328
3.75360082782456
3.7350423108867354
3.6216142519420544
3.7586631734863962
3.5508392379445546
3.703117349368339
3.4749288418407813
3.626225462125455
3.5257152483641976
3.3981706896573933
3.592873307460398
3.3261434543584625
3.406793615438734
3.454783941159364
3.1978744860283093
3.3650948274502683
3.332494704539063
3.0766151463248494
3.2705836320556685
3.259955885114038
2.958915389027507
3.095762826487024
3.207823978144891
2.956023086147536
2.814944477135809
3.029299197495608
3.0789496830007588
2.759187703855129
2.631401803368582
2.818099746672293
2.9935258949888928
2.770114692300308
2.4622845300806033
2.3782928121171105
2.624430393940116
2.833494736074125
2.7898018956765473
2.471978515946412
2.119632726992752
1.9793802918402241
2.08386285412225
2.399181736755343
2.7042498692944976
2.910160411778726
2.9392019343187594
2.766521015594219
2.4936551095859754
2.1457243103005754
1.7725980473834002
1.4455533987939562
1.157604296943706
0.9129234876113257
0.7326045717174745
0.599509086841774
0.49840190556784614
0.43641274673905106
0.4114871476593724
0.41107437687098514
0.4337626970277498
0.4879035697929388
0.5732578719380259
0.6787909501957404
0.7983259139250788
0.9313928823935472
1.0640539318305544
1.1659782910172822
1.2125264071776318
1.197666925202916
1.127991427017015
1.022938604135333
0.9223464574905685
0.8754800566924004
0.9089909452599407
1.0005735956450874
1.0836231095637594
1.0914236248996116
1.0183830586840565
0.9383972350904779
0.937429876770253
1.0130656440740038
1.0655805159864267
1.0224695760935192
0.9483085615957356
0.9590416709982851
1.0338734971394272
1.0393278742868952
0.9696755556267486
0.9669424761873172
1.0347130204884851
1.0230187298775666
0.9633594207976623
1.000172673920785
1.0365190837045446
0.9786477046864522
0.9856112023590626
1.0322246539717668
0.9815113041010683
0.9868777701065472
1.0254956237812238
0.9741120263291873
1.0023460671062332
1.0133451049506215
0.9762748016467455
1.024892406475291
0.9893668164607217
1.0036910407068695
1.0094483631170839