2.5507197808659887
4.400610279878041
4.293825669104283
3.776316001984803
3.77577528427357
4.106973828393465
4.089902326635712
3.914778363095696
3.986066474826333
3.9498638817173024
3.8178501850022686
4.011748321350671
4.095112895832424
3.8847946525815473
3.9516402516404874
3.926712183654377
3.767015184484093
3.949631330990826
3.8952219374901755
3.8693899596284465
4.014193467065949
3.8245508616493638
3.942997207119976
3.8437674981139436
3.797620240132812
3.8634088370772166
3.696260929724407
3.849138951233104
3.653982792188304
3.809537112338955
3.63844772162457
3.763495727518682
3.621481968599577
3.7234779283789217
3.590887684831767
3.695478788445827
3.5465236739828323
3.6809416491665705
3.4981975453150906
3.6720904137366968
3.4666783098268383
3.6418694703100285
3.476389223318776
3.5487339482089477
3.5233722815609627
3.3928851993590587
3.5340346364447766
3.2926844442908703
3.412440673413708
3.3735816486423897
3.2357374768321643
3.436328787016749
3.2525367764242583
3.1985596519171793
3.3389030168779503
3.1096450270150084
3.1154531872624953
3.2938534486192457
3.071776160360665
2.978109470634142
3.1690677751610723
3.0635524081944405
2.85792904805789
2.989383364791821
3.078477150482571
2.8498331594619724
2.7184705182010704
2.8904543405008467
2.9771477246839457
2.764361791100301
2.5464382784063555
2.6247458792414973
2.8495925353689437
2.8411046862659193
2.5395900044260196
2.3102586309688866
2.3752484880951674
2.5995429663199165
2.7657290534838554
2.6860906448930733
2.3689079428107127
2.0731107961687285
1.9301934730929848
2.009376512157146
2.2818954645350167
2.562163692856572
2.7957099562273373
2.866094723260821
2.783976967628541
2.580723375666486
2.2792515065478103
1.9657727324897907
1.6319378500738413
1.3508754175581579
1.0881193936337978
0.8915773628563612
0.7199738101865236
0.6047412193084332
0.5099926823488607
0.45837555402855257
0.4241817153109043
0.4230780913336155
0.4418998662752504
0.48598723047788156
0.5567754176785381
0.6427380520406822
0.759068618447234
0.8727965625628039
1.0035382535840385
1.1052734228419845
1.1844918090168313
1.2134198303241046
1.1790230147668301
1.108864714320841
0.9984146838571408
0.9131366365600139
0.8805645470915412
0.9091372386832701
0.9992133284764201
1.0780555014081354
1.0896020470643273
1.0389521843385126
0.9563244944515942
0.9221751591807615
0.9784486640825975
1.0533641712514838
1.0549114937970474
0.9909574423460354
0.9475386102486745
0.9830287631974731
1.042182619558278
1.029967328343694
0.9682291184504017
0.9704457033835466
1.0293471980380726
1.02452425818913
0.9696784493155354
0.9886194385738253
1.0338479918742196
0.9940503999180693
0.9694775039357235
1.0249415817142165
1.0152965180020517
0.9701341949263037
1.0118458525361567
1.0110423025939592
0.9729136448647925
1.0190691915449828
1.007223637651663
0.981857077201642
1.0236211200816794