1.4654891134203107
1.465456368806568
1.4653581253550705
1.4651943542593862
1.4649650075900256
1.4646700184162675
1.4643093009766666
1.4638827508981855
1.4633902454639007
1.4628316439291826
1.4622067878862806
1.4615155016771646
1.4607575928545289
1.4599328526907753
1.4590410567348313
1.4580819654165909
1.4570553246987858
1.4559608667760329
1.4547983108207978
1.4535673637759958
1.452267721193897
1.450899068120997
1.4494610800284666
1.447953423787764
1.446375758690963
1.4447277375153011
1.4430090076314142
1.4412192121546843
1.4393579911390906
1.4374249828128756
1.435419824855328
1.4333421557138952
1.431191615960816
1.4289678496883762
1.42667050594185
1.4242992401891228
1.4218537158259157
1.4193336057154855
1.416738593761584
1.4140683765133821
1.411322664801036
1.4085011854004168
1.4056036827255258
1.4026299205469783
1.399579683734882
1.3964527800243371
1.3932490418017136
1.389968327909739
1.3866105254693795
1.3831755517163649
1.3796633558501414
1.376073920892911
1.3724072655563555
1.368663446113504
1.364842558273136
1.360944739053986
1.3569701823621703
1.3529190856597304
1.3487917351719514
1.3445884517949909
1.340309607000801
1.3359556246473974
1.3315269827670642
1.3270242153289955
1.3224479139727627
1.3177987297088987
1.3130773745828268
1.3082846232982428
1.3034213147960032
1.2984883537844836
1.2934867122172953
1.288417430714185
1.2832816199208719
1.2780804618035242
1.2728152108735113
1.2674871953380453
1.2620978181722575
1.2566485581082396
1.2511409705365577
1.245576688315729
1.2399574224851153
1.2342849628767543
1.2285611786215862
1.2227880185456048
1.2169675114514877
1.2111017662812793
1.2051929721557935
1.1992433982864243
1.193255393755188
1.1872313871588598
1.1811738861132108
1.1750854766134529
1.1689688222471475
1.162826663255963
1.1566618154428476
1.1504771689213609
1.1442756867040882
1.1380604031272898
1.1318344221091428
1.1256009152392086
1.1193631196969644
1.113124335997582
1.1068879255633493
1.1006573081195161
1.0944359589136006
1.0882274057575934
1.0820352258928019
1.0758630426774882
1.0697145220978195
1.0635933691030741
1.0575033237664406
1.0514481572732073
1.0454316638265144
1.039457671897197
1.0335300164169265
1.0276525495369173
1.021829131966829
1.0160636279908175
1.0103599003367558
1.004721804904342
0.9991531853583321
0.9936578675937193
0.9882396540801777
0.982902318093678
0.9776495913870056
0.9724851850180639
0.9674127417291875
0.9624358583860421
0.9575580664584297
0.9527828533279088
0.94811361319667
0.9435536563144522
0.9391062212320211
0.9347744651933241
0.9305614314235764
0.9264700650508605
0.9225031913482801
0.9186635477414113
0.9149537229283313
0.9113761856098671
0.9079332702495211
0.9046271712330434
0.9014599371627808
0.8984334653038291
0.8955494961992023
0.8928095989323022
0.8902152035931273
0.8877675413585687
0.8854676760279333
0.8833164909011154
0.8813146847752775