2.3678938282525124
2.3665610409770794
2.3625733587475684
2.3559627105159997
2.3467819462457324
2.3351042935626616
2.3210226051945453
2.304648405222099
2.28611074431081
2.2655548761291735
2.243140769066657
2.219041469121642
2.19344133141874
2.1665341392185726
2.1385211304871667
2.1096089530838293
2.0800075703956655
2.0499281397858002
2.0195808865250835
1.98917299594137
1.9589065463447308
1.9289765048740102
1.8995688077635167
1.8708584218641822
1.843008163762706
1.8161663675236763
1.7904660342892948
1.76602348135915
1.7429373169385636
1.721287613996366
1.701135211533829
1.6825216700251728
1.6654684611680415
1.649977672527217
1.6360315234058296
1.6235937378193666
1.6126094275556555
1.6030066771602858
1.5946970537926641
1.5875772234646508
1.5815302679942664
1.576427544155601
1.5721300679374193
1.5684906173278717
1.56535563659718
1.5625672717134926
1.5599654554939684
1.5573900178613205
1.554682795950027
1.5516897184474812
1.548262814461171
1.5442622668376398
1.5395581182763591
1.534032098863666
1.5275791796513327
1.5201089962992647
1.5115470010649412
1.5018355716568956
1.490934726225436
1.4788226874126182
1.4654961808691709
1.450970478623321
1.4352791832310356
1.418473752029722
1.400622764342803
1.3818109381011345
1.3621379060149648
1.3417167571205058
1.3206724078643282
1.2991397103569062
1.2772614674926401
1.2551862782557452
1.233066264416026
1.21105482275912
1.1893041192088336
1.167962878098778
1.1471738357334473
1.127071731405367
1.107781038012314
1.0894139237477698
1.0720685064103768
1.0558272156358006
1.0407555744732995
1.0269009744846294
1.0142920332177852
1.0029381435373244
0.9928293882622531
0.9839368033176106
0.9762129920874156
0.9695930871752573
0.9639960490691242
0.9593262843897301
0.95547553666326
0.9523251567959433
0.9497483710386331
0.9476129638620684
0.945783982533857
0.9441265486357225
0.9425086974206391
0.9408041863156603
0.9388952125107932
0.9366749794632931
0.9340500533659617
0.930942453226194
0.9272914221989363
0.9230548331978196
0.9182101885259478
0.9127551837682985
0.9067077962589943
0.9001059296989815
0.8930065481724332
0.885484360844523
0.8776300556838129
0.8695481187090617
0.8613542781019248
0.8531726563818811
0.845132617543354
0.8373655226665401
0.8300012308694629
0.8231648515160329
0.8169732635657184
0.8115320576960503
0.806932558391562
0.8032492891253149
0.8005378031094588
0.7988330564821884
0.7981482329440813
0.7984742480203886
0.7997798280637234
0.802012228698809
0.8050985788499275
0.8089478264491303
0.8134532433307323
0.8184954287004376
0.8239457335082978
0.8296700126411599
0.8355325986505926
0.8414003802800554
0.8471468618256478
0.8526560757578975
0.8578262213509472
0.8625729065022132
0.8668318785449
0.8705611425854725
0.873742382521854
0.8763816200531565
0.8785090701715402
0.8801781771906713
0.8814638425497211
0.8824598835734873
0.8832757901247881