6.323549527167019
8.578278153861465
8.826097523007306
8.711836414672074
8.456902289499425
8.397497940231503
8.535110254475747
8.493354359633221
8.299881366098116
8.387082045477985
8.471998353755035
8.293386764547867
8.410296667976679
8.416946106513898
8.279279738396111
8.400156559106623
8.1541867396063
8.247172920256958
8.07742946245779
8.231372605075064
8.091367949526319
8.170417387509776
7.9209207836409785
8.076404359036726
7.960771325051941
7.894006257036103
7.923741143823813
7.78747689819567
7.784866452865921
7.796584789773732
7.644050244213929
7.563943558757238
7.684725529691082
7.541049123563046
7.420228025125201
7.323275172618898
7.3858739234401325
7.352690973060591
7.32240060600514
7.153588775970328
7.0731986152157615
6.942108142562676
6.867040962307032
6.828502363683336
6.729572056790846
6.6781211967459475
6.624677606037871
6.514757442432995
6.4225611159499465
6.36637771310084
6.307332589813305
6.253392171492504
6.234339227836292
6.227935125404432
6.160026352052664
5.98908120404406
5.798493391350104
5.742941862984525
5.8031532065704265
5.717091080557253
5.445258033483822
5.382879020707443
5.486911814145985
5.238983760150751
5.082681961243603
5.234669535550807
4.911454977078879
4.922673330858302
4.9058224661747865
4.602565067036207
4.79189963113789
4.352500697840391
4.611603430583612
4.152044093265935
4.444657028282211
3.9769657107152128
4.155306488259424
3.948875853326179
3.7130853043556034
4.008620585118035
3.4463177866387933
3.510717292241967
3.764073015289223
3.1768740995071214
2.9907694679456576
3.4688393470855523
3.4077291655629107
2.690715599191178
2.3511414727432642
2.7256309181630756
3.3459117607513607
3.5735537666135793
3.28637453528058
2.6601581393223426
1.9483456295843655
1.3489328997272987
0.8976759994036728
0.5963470023089363
0.4214861779047714
0.33267148277460873
0.3097476459512908
0.34865387248367863
0.4471947282276537
0.5991966987344041
0.7944347040124897
1.0093819902161472
1.1886490379489836
1.2546286918418827
1.1652004027268539
0.9797486859118812
0.8562807694735529
0.9186513839486918
1.0782882707960886
1.0957134094669585
0.9521335168245685
0.9327280451256009
1.0667179616977345
1.0288882571900881
0.933963692941257
1.042584297034561
1.0133638768881943
0.9543321044266553
1.0507292901583587
0.9576524537939933
1.0233249777243232
0.9892669566256408
1.0056108288126295
1.0020014217145288
1.0014584556876536
0.990774518565172
1.0158551961982913
0.9782036168577327
1.0291616197884996
0.9725972857345164
1.0119547224908345
1.0125547413883722
0.9734314419985708
1.01561015459277
1.0123851203852774
0.9789169031945797
0.9968078212070449
1.0183893014360614
1.0078918996814854
0.9816158768284187
0.9882171027743297
1.003010504487164
1.0183322040632377
1.0121927992809563
1.004009895505865
0.9931162853795388
0.9861318609145246