9.77311560893393
9.982011340146782
10.032694959517674
9.939847302336924
9.793822804649997
9.8452180544973
10.020544816829716
9.960924127638922
9.825909012898906
9.923270059789209
9.849293464651838
9.736180238929213
9.844947148624266
9.749171826511843
9.891600361224246
9.835590176249493
9.801354052375215
9.610405751463755
9.626551380733632
9.632080993577004
9.680848618521448
9.4202427399101
9.481587710572995
9.533386119342708
9.266981158819505
9.36340705701991
9.323802789938291
9.129319563253961
9.201266645471412
9.02413452712587
9.137675097525992
8.878540023927826
8.9451517536025
8.728305750292614
8.766957442091742
8.693859113067148
8.54327816091705
8.627036878865246
8.438824404894001
8.320111379351026
8.378745272163727
8.250426203259567
8.039587179548104
7.982724308045348
7.993893108879791
7.914718794257407
7.7521160209929
7.596623641471004
7.487976520841228
7.401314104579908
7.316409887915874
7.2521209098576955
7.200242246546243
7.100757847538581
6.97110681547661
6.870768759607844
6.726506706727948
6.5606037553722105
6.4531492963404515
6.343554530944731
6.347149319780022
6.332398880891996
6.23437345271888
5.964587047613036
5.770816292026411
5.7991668457727625
5.822927246790417
5.467209123610838
5.360509864515207
5.495181046339725
5.100860049995103
5.082237322762441
5.102857954102291
4.682429355711526
4.931585293957897
4.424393842393227
4.7281306157433285
4.162055479447288
4.500501219851797
3.919454752894231
4.165132726124988
3.9389111522232123
3.5502581506232
4.00319519556432
3.471592683223786
3.112660841240663
3.6483682806204283
3.527493490518675
2.7055547031995424
2.4731530178187415
3.0613797590474783
3.654729949163664
3.6458169277544377
3.0653832734885404
2.2547744892290744
1.512841785601981
0.9680117977066278
0.6139504072684091
0.40541854237839364
0.3094333102003257
0.2949261567462268
0.34312274718991936
0.46181876865114635
0.6430554576657154
0.8679703464025617
1.1015672328589274
1.2420885030803037
1.2254417296996307
1.048409899709601
0.8727549855166338
0.8924175552071404
1.0679983623021099
1.1000212320485785
0.9454869531053063
0.9416453295443086
1.0823516274405147
0.9852795066371826
0.9546354165123864
1.0665150350488541
0.9510944145101572
1.026081514338803
0.9922950713428775
0.9984003837071483
1.0103451650690494
0.9930235555528425
0.9976000807926211
1.0107758060674672
0.9758881611596918
1.0344751619593997
0.9736908824632668
1.0097582617331289
1.021652993356266
0.975503932124702
1.003074475257856
1.0267732542343502
0.9956480174512021
0.9788963435071547
0.9998525519790271
1.0190669786717694
1.0143183253018462
0.9976912312440915
0.9861331172346854
0.9836083999978075
0.9850822795064333
0.987699212589874
0.9929231163438716
0.9973008690543264
0.9951025445911921
0.9926155813568988
0.9923410680998271
0.9865038707998308