11.708773378098886
9.58834993331918
9.47706593332174
9.407369590806592
9.326246170365973
9.221646718479308
9.112422779211848
9.048051255618066
9.075726718343898
9.171547803338052
9.214721180395783
9.115605694616251
8.992792568248245
9.029706090895624
9.095889917720244
8.974358121630239
8.908677662019924
8.989223784699293
8.869790661056426
8.834473485423322
8.86534384672258
8.72029595511199
8.786952307453635
8.641956361360672
8.68683689449469
8.551105221467704
8.592548746988198
8.441519663782136
8.491588054148645
8.34504306498615
8.338041486033234
8.2986848171155
8.153394757697038
8.181057800859563
8.109745628345722
7.959518283776012
7.950552945550921
7.943763140433189
7.812869144619638
7.676743957376938
7.633650891467701
7.631323429364829
7.587022807906366
7.483803699391151
7.353874963332176
7.230038870797934
7.124681498291228
7.034393874046663
6.9505913878580365
6.866017509483071
6.776810637814295
6.682873154119255
6.588485427953432
6.503103963543723
6.439685363185584
6.405729879153707
6.385460520184375
6.327748748776248
6.176394306621866
5.957278606451397
5.819298729922487
5.855205219168941
5.857890702116241
5.602704675005822
5.40985341556511
5.529014620908516
5.373548356220253
5.080356476607568
5.252223322931974
4.972213684579092
4.860092240815515
4.929149677268943
4.536208561490695
4.778941297940014
4.289312007196541
4.5841027191378565
4.068754094359411
4.338082853434574
3.9580817044093553
3.902794758654409
4.0515353137217085
3.4335329225133298
3.7684372956703482
3.71480095360957
3.0442356724705193
3.2743814527840964
3.650879285195052
3.116137079418974
2.4449109651604335
2.5670412550640123
3.2245213317801342
3.649805971665389
3.4804079153133523
2.8597495781577664
2.099985969160884
1.4275703914965208
0.9298424982372375
0.603631463388437
0.4124610637663296
0.3199364865490452
0.301913792268596
0.34737043804421613
0.4541480501593321
0.6210129772807087
0.8354212318871688
1.059003492385699
1.2215723829649756
1.244738330884688
1.1079894743994572
0.9165969545127006
0.8588534841687617
0.9964212417059762
1.1190045439347354
1.0224038194834433
0.9068945591121516
1.0178128401898177
1.0692693385881915
0.9375626003435589
1.008327489419755
1.0423549362952276
0.9429161337452224
1.0509129875511964
0.967228829091737
1.0187924760591143
0.9919246764455188
1.0055612484924936
0.9933989740178543
1.0137400566855015
0.9778446874861547
1.031357570740739
0.9669133245436677
1.0235764192160035
0.9998776920119241
0.9769082828962256
1.0260198855841878
1.0006392625490983
0.9750080584425431
1.0095253572642755
1.0223157162602914
0.9936130126743226
0.9777849455995079
0.99341450704132
1.014586511374795
1.020037528401534
1.010882692350508
0.99781202930992
0.9882690359323258
0.9838408823874923
0.9829472113325637
0.9835291263583935
0.9842273994299692