5.447966355177771
7.620373663383155
6.796530941027963
7.44941635298917
6.961634163789665
7.227455501152421
7.115530323762285
7.174279237329006
6.988739179364687
7.260463126210195
7.047397496462554
6.97706879826368
7.177876523419834
7.015658656892658
7.0300972985603245
7.016682191910174
6.8837126310905425
6.989002318986392
7.071217292943795
6.909522587192285
6.788362441028292
6.83915659839772
6.870533145876948
6.781443298451095
6.675873104453868
6.654196372084057
6.697888917734352
6.73268381211023
6.714185961468457
6.646345258956323
6.555459672857456
6.464498541126444
6.384612220206092
6.318548116715314
6.266345418817717
6.227543041763606
6.198818946892397
6.170513743358723
6.129420736832452
6.072778525261759
6.0225988769110055
6.0120894009183425
6.037157836888472
6.034230432824959
5.9504703407017745
5.820819120909903
5.70472168974458
5.614977386596215
5.603654292440468
5.672103996170399
5.59354587567312
5.3617572541897145
5.328864263812593
5.413660790913248
5.300838855404546
5.098053463488083
5.143521405285193
5.161825675569235
4.861647986588486
4.995398042301048
4.875607866866074
4.690245203935049
4.831566795285852
4.525119679916632
4.656646082302722
4.424256922015883
4.472704667795579
4.289257727440168
4.329626889552745
4.110820572738049
4.219683529152463
3.891548567788418
4.142489247078604
3.6922844894113025
3.907319217712802
3.77874440291678
3.434312945168307
3.7712852104659427
3.4635808003988293
3.170641425698026
3.5362261618359003
3.391058447646923
2.8446012051217666
2.9340945275288575
3.3480292588601226
3.1971175640096994
2.58426010392015
2.25689457957733
2.528255564383533
3.0696666917633006
3.407047127600656
3.3234684317879837
2.88756043345298
2.2893501070934152
1.6970421922198016
1.2038278165569152
0.8372797728999815
0.5881616194637045
0.4344233598635493
0.35452788331068846
0.3327103615992127
0.3601670175860537
0.43447256015819685
0.5568550952548672
0.7251258815499658
0.9221829931035629
1.1074983066654276
1.2245134610952697
1.2278079963083803
1.115912120751857
0.9528933184547679
0.8592658435466304
0.9253261413396785
1.0736983424571416
1.1027104101130334
0.9794775405406148
0.916969524295005
1.016878240976978
1.0721343860976564
0.9631616725082754
0.9608211166029812
1.0628157829659832
0.9790394657866937
0.9738322567655302
1.0472485777228016
0.9642260728495987
1.0124911305667383
1.0114913966331327
0.9743884570719903
1.033185604679886
0.966536643366649
1.0323079126604828
0.9703232271611594
1.0289782117139559
0.9718960735347218
1.026332856351946
0.9814368213264941
1.005600581569745
1.0098691983862171
0.9804799105538197
1.0209799655572764
0.9871092528147409
0.9960040386779848
1.0207774357098733
0.9856936539290739
0.9884795277195036
1.0179056207864596
1.0041361203343724
0.9846662230729057
0.9990386024655871
1.0158462740019274