4.308145887863175
5.8150230380272365
6.408863582915134
6.007155282578429
5.894849872296158
6.082318678142722
6.040244455669752
6.165158741327937
5.961907621729924
5.86762550813947
6.031273057739984
5.986786784674041
6.1390395843934655
5.95630240539074
5.986556931821947
5.8125153581564915
5.876815636619062
5.772073018288447
5.877185137201479
5.792094905791924
5.879930877205956
5.815304858698365
5.825314703615312
5.827503739108095
5.738604210097362
5.772827533936412
5.689643457346492
5.6200455450641185
5.620361904479432
5.526067275164171
5.467699255454184
5.505123023580659
5.5136682903598615
5.503364910477657
5.5240899976602815
5.493056144447731
5.3575140536923085
5.229349326459891
5.236642223861476
5.330206187435955
5.319218651669215
5.15315835528218
5.048661317898121
5.119300980766644
5.109883746184276
4.925695313963276
4.9189627626466415
5.026546711573469
4.849104996944187
4.777645670377875
4.8968620643138845
4.674350327882937
4.679821531565399
4.718320430634849
4.476022630542979
4.643976064548039
4.401995401985294
4.47578314861722
4.35802677405859
4.302077352963527
4.27402736484392
4.155317230551989
4.145516409238265
4.063439131069937
3.990328434768467
4.0425689878712205
3.792624236609708
4.000049292078849
3.614188243154975
3.8067716773221885
3.6900880610737232
3.4524251989228643
3.7158745019540484
3.3971480414776725
3.2671402816388793
3.5617922967615563
3.2639131871198708
2.9719508657856966
3.269733516114286
3.3196679578989965
2.8690980392052863
2.6634025380014177
2.9714226052198214
3.2125838869871255
2.8974024232257785
2.3784520990127955
2.160814239636176
2.4014700697225306
2.8761594308440124
3.201440398462229
3.2357166819740995
2.941088274386848
2.479502727519094
1.9547383972564019
1.476015147577988
1.089262822572225
0.7898271211074188
0.59048352679388
0.4532698178928529
0.37945405571787616
0.3558429748803405
0.36871684231975554
0.4291593457381561
0.5297881387182338
0.6622132388806403
0.8317049527209828
1.0077358391628564
1.1491500761157902
1.2309189911219898
1.2135906232047347
1.0934778987634588
0.9445845569999985
0.8666847256685625
0.915194056698185
1.039910496994629
1.1058324546966973
1.0357183302125748
0.9292044216364931
0.9497169930712851
1.057194867106881
1.0494292657741409
0.9462226185440872
0.9700591742852828
1.0557640799788182
0.9924642302492407
0.9585471134733016
1.045495665407347
0.9975495324143944
0.9725784296316986
1.0443581104554391
0.9742031647810205
1.009520533767935
1.0163923297630044
0.9766027820841077
1.033438511417807
0.9705781354238423
1.0294330477482527
0.9733677505926226
1.0223818368016917
0.9745041643453782
1.0217880102840338
0.9764065825140378
1.0255469856832382
0.9810530298266772
1.0160433508990412
0.9920255800512615
0.9926224688832299
1.0171230592541975
0.9832182768002516
1.0104677111253655
1.002988979644416