7.224259647721683
7.975741618886102
7.830428138967886
7.5577879255843445
7.881662373474181
7.947473155560601
7.607099761177516
7.766517774368636
7.623497441409333
7.799041096267841
7.7668110545486
7.759394092690142
7.706793490533938
7.6617944871753565
7.584283747623798
7.622308786079737
7.47080881762131
7.604899243207018
7.418950563686249
7.493116129217893
7.4902290992012635
7.343173332825117
7.459521045436296
7.443252288283144
7.295716846135357
7.3306932297074265
7.356838244150323
7.201385635071507
7.06608071219246
7.101669628497333
7.184428294340594
7.1415858205973235
6.990197442574255
6.878693868966826
6.840555455770339
6.784158749754646
6.740791077085919
6.768625322066775
6.7334112960822345
6.667670669140842
6.663441959690613
6.5721280590752915
6.5227870959533085
6.456443084906659
6.349807022566833
6.279332586801976
6.135542080599681
6.063104714662649
5.9597134058213905
5.969834585818003
5.974212822651758
5.964927447447782
5.845332210765053
5.624589702447601
5.5706657940078586
5.623961599755453
5.585053220847798
5.362572302808283
5.268022689668094
5.370396376846612
5.180169239048451
5.020298743658069
5.151076290901441
4.864114550554406
4.8531070732967505
4.888670077936461
4.572778487255564
4.768645235861829
4.367322560486343
4.595359421926839
4.1969693279158085
4.449043436685597
4.009085177864272
4.299996295760656
3.859112513407137
4.022969487995587
3.8946464490992008
3.563963680638651
3.911192117878594
3.4782411660287256
3.297956253096363
3.6777654508656297
3.3132112420115925
2.8582263874559963
3.1895020469264934
3.47010885699625
3.002589177428522
2.3894336234476774
2.379050164893448
2.907134211458684
3.4074715737028685
3.464194900461529
3.080793423056589
2.4708001568995264
1.8180460906969944
1.2687980653814932
0.869762532051281
0.5921830219497222
0.42878151153875976
0.3429208761623781
0.3198644982802881
0.35504370642740873
0.43775744085370066
0.5798229742709563
0.7580951588205842
0.969454279572781
1.1453167696291702
1.2476951755550167
1.2022350157345114
1.0531702654543076
0.8896245710200936
0.8725232982837384
1.006768422653812
1.1113764957247507
1.040281071185543
0.9143772188588711
0.9760299023200095
1.082055092427957
0.986609195456443
0.9437654776971033
1.0575987509883258
0.9937448893603523
0.9661831532306085
1.0482468597530439
0.9575619826209212
1.026162110365407
0.9967150156027283
0.9946506188036957
1.0132206340777594
0.981881865364533
1.0132850842056107
0.987356671514428
1.0029406570993957
1.0057228603824309
0.9830029314843917
1.0253555382877764
0.9749222091190061
1.0127126928559904
1.006705057461275
0.9764658575100693
1.013587649961187
1.0067027305102625
0.9785826025160825
1.0011848998412938
1.020923755086261
1.0007201856393082
0.9821868231929063
0.9923517245683221
1.011720095530721
1.0165193307037603
1.004220320327269