31.99500398147914
27.21891583448369
27.86703565105009
27.537620614853036
27.45166329458738
27.658571713503203
27.537066881192924
27.346570020241458
27.259692636476977
27.216161693623157
27.15609735842213
27.06686303333751
26.954172801941127
26.830514833320517
26.717866690988902
26.630956076663217
26.524441478877826
26.325995774867202
26.145957845403355
26.066712511054394
25.813346385462424
25.68559151696413
25.46871919688064
25.309690387582158
25.03305226084528
24.948972179542356
24.610287996261327
24.38315781388417
24.271938492300276
24.033957676939657
23.706815009815127
23.393784887372362
23.113471107391263
22.844344686227092
22.573486528093742
22.31094988103753
22.085551261325353
21.900905994800922
21.65148000868824
21.21538030909774
20.84171668938576
20.74069799608737
20.29443533409631
19.988959660145916
19.739681969748542
19.335726031859473
19.03287268875321
18.80099897752716
18.25692476552497
18.06973742232011
17.830429242271425
17.365498548627773
16.91088394058908
16.55098600981624
16.230499451905228
15.898283564477207
15.537450261893625
15.156194702424598
14.795141487208213
14.521809253400999
14.317315029120314
13.94901895782983
13.383049231109686
13.15509030495753
12.884263344638708
12.307876717545078
12.22635004414229
11.591896928823399
11.493289738435198
11.00283547269293
10.56541285702824
10.477279729796983
10.059342113878486
9.507736310631078
9.126462636478383
8.867693648115496
8.612482728837795
8.312230874552123
7.955289473012443
7.534541950241309
7.08297974904291
6.757748927113921
6.7317748390723375
6.640726033281791
5.874580505192796
5.578656005505761
5.783588440853757
4.710076951327176
5.3188342990399455
4.029329521238251
4.790959961767711
3.9158346932916337
3.08299775982999
4.318504734867791
4.580026599091746
3.266165051851346
1.764406296860928
0.8092434271939819
0.36234672823559144
0.2117681957382508
0.2255597789924321
0.3637207685611518
0.6283725186931867
0.9845954231365446
1.2621800376654158
1.20586761958001
0.8967994914518832
0.907975737807492
1.1363817168284915
0.9295543056495241
1.0259949277986915
0.9968840312256524
1.0137509192347305
0.965250790378583
1.0601513003708287
0.9525205374141408
0.9882504447096409
1.0486248322033893
1.0180679538650776
0.9744273965461634
0.9614500929529957
0.9663077246665182
0.971952190950966
0.9724960658066052
0.9702102933891902
0.9737696901536322
0.9936129975367259
1.0213329568544498
1.0165835764769748
0.9799376886789256
0.9983394342299012
1.016977570381952
0.9797898009330107
1.01945895564537
0.9815315637047796
1.0176391366668558
0.9878146344160204
0.9989608854013088
1.014741449400254
0.9929932118007081
0.9865736585129773
0.9989499238197588
1.0092869527697805
1.0123267494148998
1.0120216425079136
1.0114909584882739
1.0108801520439352
1.0078978606417366
1.0000823330000979
0.99135259091499
0.9946291363289076