13.645983869322794
16.185765665774678
16.741344008172
16.756963026541474
16.6187061885662
16.82361373096633
16.653894563069596
16.62783913577916
16.647624127207074
16.525814583619642
16.51616468951379
16.36776602938417
16.19107744328874
16.231198763884507
16.178264960583476
16.193714392706525
16.054907982307192
15.936062032566811
15.93994740274488
15.709291778883616
15.770401232168558
15.666545862137612
15.574017596339488
15.476274198358052
15.392383499610782
15.198852029181394
15.23514374422764
14.966159864552665
14.869741765250485
14.828874283959554
14.586230897225391
14.390075998007875
14.348900876347741
14.28555817000362
14.138317464069633
14.021870238622224
13.852035039574819
13.648455988693973
13.542409344496024
13.351178608834502
13.264096825003795
13.070555809621997
12.920913631608899
12.629235124182975
12.399121637442551
12.315411043224888
12.227117867988735
11.956717612278265
11.715854860241329
11.711781467367501
11.37312033967694
11.210934482280244
11.071619140421921
10.79855622982797
10.701210041319092
10.463421975131268
10.224224116729859
10.181505883428908
9.770518705641352
9.662636834401047
9.603182515797611
9.27148256546341
8.967655193345733
8.831953603163857
8.749336045247688
8.623594780082641
8.405781746036007
8.16334507881346
7.961710512297985
7.743851285347427
7.588804833674359
7.4043876348563185
7.212922362700089
6.882227295761919
6.507733988386775
6.253674136550786
6.29622341565738
6.219774227056646
5.655795280738776
5.560327468105073
5.632881587641457
4.943263433059828
5.277645722774195
4.588027868489131
4.887825400624104
4.106495419798528
4.648380491892563
3.6749191861091943
3.9344151794349935
4.148194376117907
2.9880264834072037
2.9117104590498206
3.8902113162225334
4.180967046829982
3.388232750347367
2.222047308904713
1.276462916911852
0.6812378222812093
0.3766687274849029
0.25548426062614366
0.2521728590977326
0.34487712702396234
0.5308434499856656
0.8023659451703344
1.09736280538232
1.2691514246465243
1.1864120911042453
0.9244783207868974
0.8613043215782255
1.07825324273757
1.0756559108693982
0.8978375245697907
1.0558631552048214
1.0022814571377658
0.9738634415063839
1.0422078992289754
0.9650210078664289
1.0258881321632514
0.9979940779721115
0.9765953352477482
1.0455678834791748
0.9715713689335816
0.987332513998217
1.0364486103252681
1.0070489298590106
0.9703335245906511
0.9772165515348856
1.0012904261243345
1.0171356945611325
1.0262590876176814
1.0251818945776578
1.0226351326068617
1.0240508707144966
1.0197489871272258
1.0173018569525931
1.0026251237132424
0.9883124575348504
0.9829523016240754
0.9976462183997175
1.0178034009538988
1.0008026297813344
0.9839660778194758
1.010635893220404
1.0008474959086435
0.9933814038816824
1.0123518309167376
0.9873149795253876
1.0113241483561595
0.9879110155781893
1.0070606827960655
0.996933042384898