1.7859912855433326
1.7766856777985809
1.7501077624836971
1.7099845194579941
1.6616383839204372
1.6109000120321202
1.563007767779473
1.5217697639554775
1.4891817639738734
1.4655620872496296
1.4501153890758811
1.441717767794731
1.4396649693391947
1.4441383615944499
1.4562402256327998
1.4775807723425007
1.5095373336379543
1.5524078005289086
1.6047183987559197
1.6629085490356839
1.7215177280172551
1.7738672528759778
1.8130972217397854
1.8333316017038284
1.8307129023876423
1.80408510507452
1.7551938822265096
1.6883889332745816
1.6099228212717986
1.5270162165876553
1.4468843943126828
1.375895089027297
1.3189688683812353
1.2792558108226197
1.258063202094545
1.2549698962512887
1.2680601764851183
1.294230594886321
1.3295534307408388
1.3697019068913667
1.4104418081164865
1.4481710204040281
1.4804449666087607
1.5063912566165443
1.5268972092590323
1.5444727020595435
1.5627514667300575
1.5856804624110845
1.6165412213645223
1.6570181925550815
1.7065495811321534
1.7621569684107097
1.8188459259151906
1.8705324156893874
1.9113069483790355
1.9367452350013867
1.9449386935826933
1.9369699850064173
1.9166864562391688
1.8897996491333557
1.8625167036673225
1.840037849880802
1.8253035134194115
1.818317839077047
1.8162304638742295
1.8141633978514695
1.80656997194544
1.7887673251261298
1.7582337895952915
1.715322005935036
1.6631947228837987
1.6070015875213943
1.552523079870331
1.5046553502461357
1.466157165303168
1.4370014782499922
1.4145117273466132
1.394235767381833
1.3713033244271182
1.3418742485846633
1.3042595309200178
1.2593929005661704
1.210521486851124
1.1622142563823215
1.1189898910228913
1.0839791048271723
1.0580260815675948
1.0395000901262235
1.0248704786465077
1.009861917694141
0.9908249996050318
0.9658881964634669
0.9355249014541663
0.9023552009213905
0.8702487829461909
0.8430246959321612
0.8231787621791623
0.8110646171143773
0.8048057065993331
0.8009704521614747
0.795781259923083
0.7864399310679729
0.7721051043059897
0.7541728486436433
0.7357541526611755
0.7205301919753636
0.7113963455177426
0.7093915456890765
0.7133148658256859
0.7201830753347758
0.726368912750358
0.7289961928005247
0.7270578649329923
0.7218161398600768
0.7163126795981326
0.714163722447569
0.7181057983555271
0.728872498973624
0.7448674049526615
0.7627874177829375
0.7789635311869818
0.79087903223737
0.7982312822011347
0.8030733506923685
0.8089472999444605
0.8193514218442994
0.8361856759592459
0.8588541398010446
0.8844406701342964
0.9089143955944838
0.9288597360647306
0.9429693454018544
0.9526154271870519
0.9612085050621733
0.9725990933984269
0.9892316278180938
1.0109040890347138
1.0347361087367022
1.056400167963439
1.0720707872825124
1.0801810476378253
1.082134434669948
1.0815967174757548
1.0826749658850792
1.0878514848268466
1.0966932487290142
1.1060046307235627
1.1113858845331117
1.109444100048377
1.099544471155198
1.0841908523300867