1.0731398223957993
1.1328094700796265
1.3101012988169078
1.5802977872345882
1.869230913382662
2.0724750018771885
2.1192009021396654
2.0208053406840802
1.8558531661233133
1.709822405328871
1.6284861557329846
1.615580470703816
1.6539675285912323
1.7187892336126998
1.7808937195525831
1.8171398205057665
1.8264743028956716
1.8302214634074752
1.8482436647491316
1.8740244375912587
1.8770787125227233
1.8311658124482761
1.739460597489104
1.6349913175086033
1.5617652576600043
1.5541345914979456
1.6224856792277125
1.7453246343257651
1.873114213930973
1.9510266708701898
1.9517472082944949
1.892242466313337
1.817082039003696
1.761974731223091
1.7302944480378484
1.7007238591346967
1.6538128489169377
1.5921620918624861
1.5407777439594985
1.5313537152220695
1.581257628125311
1.6785633999628546
1.78435980258129
1.8562371860452953
1.878497928520126
1.8719676698479342
1.8705289933512559
1.884937093883802
1.8906730299237315
1.8532901422705077
1.765224453199129
1.6562984449964753
1.5685475090072591
1.5218937525649516
1.503078493788056
1.4847943003350503
1.454496797680497
1.427021774456196
1.4311336405539545
1.4820076091109655
1.5641924851318183
1.6428347804077068
1.6956785574535216
1.7345242670385224
1.7905626390604175
1.875830257514549
1.963983429941006
2.016158013643139
2.024646570216992
2.021596531297995
2.0393667589193756
2.0698013616465274
2.074014047911277
2.031796782709455
1.9681089114886823
1.9220569307155273
1.8980320687909567
1.8624878194230885
1.7901978119132835
1.6985778648453562
1.6249113043936456
1.5778614650781289
1.5285670162441216
1.4521550932953025
1.3621184174753576
1.2911159575852034
1.2462546178020928
1.2012577931574488
1.1350520222773792
1.0612936254335656
1.0077065600315456
0.9763027711410096
0.941918763346517
0.8898619861612813
0.8367978579316225
0.8048875449276083
0.7887373728500193
0.764542341192644
0.7266083383588704
0.6952881698253827
0.6848019226810566
0.6813294373264949
0.6653470176339171
0.6425631125113301
0.6342790383007971
0.6428215943347645
0.6479798423143487
0.6403263634081884
0.63676006118916
0.6522672715918809
0.674644792219059
0.6849569668949138
0.6897811621673496
0.7101080562433975
0.7449432590090025
0.7723406625038748
0.7872438470731965
0.810452755953629
0.8516966261816785
0.8912391896807155
0.913881251310047
0.9357740767759212
0.9748879984200668
1.017061825114103
1.0400197766843156
1.0530815429209854
1.0792844100517243
1.111428796864692
1.1238403795679632
1.1193398351162425
1.12333263227417
1.1351079131951762
1.1288412168333362
1.1032923507288461
1.084697571553505
1.0767336527311548
1.0551650665251397
1.017947692347415
0.9914277284411168
0.980052261594901
0.9607310328284898
0.9331202858195059
0.9226779712977141
0.9298664759306907
0.9308802692207837
0.9284867504982384
0.9456226604637793
0.9746869108761005
0.9909541856270037
1.0023508648441186
1.0281987267275607