1.0025759314285556
1.1572939470436017
1.5830193374711423
2.0927181205877616
2.3747147403331055
2.270744850330173
1.9380610671249368
1.6594225716930824
1.6022319217551295
1.76885513831502
2.028406389064191
2.1830029073117188
2.124043720767011
1.9318477165139256
1.771526673752056
1.7348468465014177
1.8062740263050219
1.909922488591756
1.9691829605208682
1.9719222473647675
1.9689811772629329
1.9821862530880587
1.9633291635796226
1.8744712635845422
1.7581333886558945
1.703536810841997
1.7677650992702623
1.9198313133209144
2.0483954134670994
2.059193263531471
1.972168966196149
1.8823891503092396
1.8370926401942906
1.8041429757283494
1.750850061118367
1.7044566959548562
1.7266673546180762
1.8375086698713587
1.9693237980454597
2.0248926746665457
1.9894502708251462
1.936046964176955
1.9077660078262908
1.8626430450268696
1.7623573600667253
1.6521136308991653
1.6114612524982466
1.6571095313401758
1.729158053884663
1.774216183615143
1.8146411833044542
1.898161757917655
1.995792481385067
2.024098096024983
1.9724347055377502
1.9156400308549877
1.8839655438529859
1.8218486204442705
1.7039600514955093
1.5938739815684386
1.5465131099792904
1.5315422111797914
1.5017985315230964
1.4808800462781833
1.5226069028401714
1.6127924977265509
1.6858386063015138
1.7360719084299192
1.8210416167082986
1.9386056452008626
2.0150212772563636
2.0418012286234815
2.087801139795256
2.1510884790361304
2.157315362536688
2.1151958558944988
2.098573821178854
2.08967458391141
2.0223408918984713
1.9305576465580998
1.8761686183871271
1.8179772782229833
1.7114448279517636
1.6113092449401105
1.5494895245093592
1.4693562745983195
1.3605942440827992
1.2819579642034666
1.2264523928798217
1.1432901604217316
1.0579185664100312
1.009258406720465
0.9594292968799408
0.8874060637908585
0.8373083872520581
0.8099613148377836
0.7635194960603501
0.7162768747983488
0.6987519003267738
0.6782957747317362
0.6423975206538165
0.6286811767605249
0.6283800323615646
0.6099977080161755
0.600326545162475
0.6139795222786334
0.615540663059622
0.6129874941069129
0.6363310959041587
0.6574762860208861
0.6651634340465344
0.6954057612307468
0.7336659193351427
0.7530185786975067
0.787318533347725
0.8378005887195353
0.8671821926371143
0.9011083935770716
0.9558290303697438
0.9895074043455976
1.0161472093465724
1.0641990353173714
1.0925932810941246
1.1032701624701113
1.1330960408333552
1.1456668043195213
1.1333237191555954
1.1377457747906983
1.1288877303850229
1.0938658997577204
1.0764018649159914
1.0517990379987412
1.006525215826089
0.9841142683292374
0.9614811655840444
0.9276024645820556
0.9232959132216081
0.9216841883184546
0.9158177033317958
0.9408713987910792
0.9619901065952998
0.9782941711338458
1.0173388385073259
1.0372525153222414
1.047931608190176
1.0691610101328513
1.059451871692984
1.044775086760516
1.0359334736285692
1.0009170039108688
0.9797293146170223