1.3852468137264211
1.5687255242290101
2.045259826554693
2.402829269432534
2.2936484786596485
1.9982228826388424
1.8839076523779916
1.9862135939531849
2.1478638801230834
2.176898960899357
2.102820067531102
2.06134988072281
2.036392593146407
1.9979763121321736
1.9899035843930653
2.072556660216557
2.2020588197996247
2.1885794923964936
1.9975208772652953
1.853499378768397
1.930415164498383
2.135859935962942
2.218676684748808
2.114249348662496
2.0009876232707677
1.9681956575219437
1.9514305471295048
1.9364985251325444
2.003689407973676
2.150198461372889
2.195320868251332
2.0589089345275786
1.9147799269050954
1.890217405291652
1.9160284732361768
1.9298815919606052
1.997337839381456
2.12856371001136
2.1614818084676206
2.0432242473093813
1.9336207502883098
1.891388457709265
1.8368416661554354
1.8000563220011652
1.8839351585299975
2.0256532166898866
2.0747453610070483
2.0688242288633636
2.0842209639756555
2.0215105629212284
1.869814299762288
1.779112532175417
1.7595964459254798
1.7268902964198354
1.738886087704116
1.8549381788333879
1.9584845128084971
1.997949308943496
2.067449934454829
2.1072313332071424
2.0303555948244143
1.9511809919169187
1.887984506297036
1.7546664024096197
1.639842322713405
1.6019090794731805
1.553847194986499
1.5281072859181857
1.5946367344678025
1.6647772461765664
1.723935736138944
1.852330982571459
1.963362376766607
2.02471367064902
2.1310323844590227
2.195731294568376
2.19592951904306
2.2337143226630816
2.2164436956464266
2.148008967595469
2.1202014435151724
2.033584230473712
1.9259282077570319
1.8585447361683975
1.7352218660412542
1.6238699229531417
1.5412541316911084
1.4127189622700533
1.321033128856777
1.2369926553550865
1.125853015325897
1.060891276886135
0.9816590022409162
0.9010929830336886
0.8575235453579542
0.7883461684807493
0.742518657026913
0.7100485762171252
0.6592564026903169
0.6430515696134523
0.6151549299632217
0.5922904391143906
0.5931186548542047
0.5738954006692545
0.5821777049453754
0.5877161935454862
0.5907040689712314
0.620442472453122
0.6303322067356694
0.6649961697387294
0.6989389031508757
0.7272900855523455
0.7825543105419157
0.8140350886240897
0.8696111353480825
0.9179953582997307
0.9578985435867163
1.018322838146519
1.0456884031057112
1.0944917634375186
1.1198800776708688
1.1366234572039995
1.1584424305623107
1.1428740979326877
1.1462697044556245
1.1135355975369443
1.0880032637480226
1.0539016072959935
1.007375783048609
0.9820338647436436
0.9372424541847977
0.9276330474489722
0.9073136076609013
0.9171923516608432
0.9309283671274495
0.9553183996272671
0.993808636676624
1.0168642506728904
1.055687299061566
1.0588769394357378
1.0732590756126785
1.0499425872641404
1.0340816142798648
0.9987359192876046
0.9725959775348074
0.9534548559978604
0.9450237763159703
0.9601939888594921
0.9757413518895514
1.012364635587603
1.0269449989578996