4.718944375545399
4.658644563596772
4.630728724695902
4.592277628519756
4.552019581636387
4.521219358170695
4.511528184820236
4.529824692178568
4.5719146457263875
4.619869833798783
4.649122031786973
4.6464589798322296
4.627293388316164
4.629644824779335
4.6739884705862424
4.720914702496226
4.692123059793697
4.569876837496877
4.462169170244798
4.495156851352588
4.621870415422427
4.651517361459752
4.531801799120999
4.435305651641772
4.464910616990976
4.515140954600692
4.504261184791542
4.440648296398774
4.363388595621016
4.4030420498382865
4.469020840829395
4.317506624144025
4.273363402295216
4.423870981416517
4.26517959653274
4.20224374505668
4.346951350125444
4.170036617653596
4.173343191906413
4.23669967162128
4.079937933778285
4.136715021726525
4.114557446674488
3.9910366968076394
4.11402831875822
3.9119582348700854
4.043455179653146
3.8762880447514143
3.9509194684572444
3.8363232912515373
3.870835297693775
3.773399724596419
3.8086766404531174
3.691120153311343
3.756922659601873
3.5967666298635237
3.7122470734938675
3.4925097379054084
3.66265098446686
3.419720726930878
3.5269312776105046
3.4724619595421373
3.280676596529371
3.505438365736042
3.2444647710835426
3.2132080552287725
3.391798253118021
3.0915514757532563
3.0889963684985147
3.26996743334535
3.0009786427764857
2.8874887719356015
3.1209425303243
3.0223214081732483
2.697049058853236
2.755048266999424
3.0081910548758715
2.8964758250829603
2.5202242697052237
2.4024550672556555
2.653470248272167
2.8822993581870913
2.7599409757529294
2.371340555941574
2.0484779690718895
2.0268886696470516
2.2900923505203994
2.6492910377456234
2.9038311819553075
2.9452188700876625
2.771254330299259
2.446119020162717
2.052017231423477
1.6573456639832356
1.305087438949727
1.0146792407496588
0.7893580040152922
0.623747115219494
0.5094816142487304
0.43859294956045963
0.4051614173025278
0.4058269998346649
0.43951813022377517
0.506459550665258
0.6063208564295285
0.735435532451035
0.8835250823091526
1.031309897687463
1.1513382131457428
1.2143136266586838
1.2010847095560229
1.1163362814300861
0.9959395961673703
0.8990429219235669
0.8806915211677616
0.9525650873916642
1.0581821646209322
1.1013746333751189
1.0361005861861143
0.937565818573632
0.932785742117248
1.025402629288115
1.069679738648294
0.9968681279932451
0.9419628995925355
1.0026085127954076
1.050703459615358
0.9899483205016869
0.9595712912209782
1.027060469819025
1.0232489527546702
0.9601001934847785
1.0124632428332712
1.0259612983965223
0.9624301665888645
1.0214769309827756
1.0068850497474775
0.973966811088987
1.0305380356218903
0.9786769661137145
1.0073724460372158
1.0064761066449845
0.9843156331960711
1.0208922659558481
0.9778991903023572
1.0218202384540442
0.9796332392077236
1.0196330514155019
0.9809893440777543
1.019537612006476
0.9801403060863844