2.9182454300641276
3.95169840231203
3.723280081521182
3.525587377675286
3.674701184157161
3.6722393429825058
3.6482858005360783
3.7371155526328392
3.5506935466045153
3.546491287243279
3.8060296981983606
3.6328349018937165
3.5513027403595774
3.6480938184963296
3.5188041008652666
3.6945011952251567
3.6668169790841483
3.536445023921856
3.6339306125809148
3.4486327510840855
3.606822345932642
3.545731313319181
3.583290372661293
3.6091050808158807
3.494899929306482
3.580246366878572
3.404488257758024
3.540530216490455
3.3636530839691385
3.5273869289851874
3.3553110439566107
3.524711799315028
3.349292381598587
3.5112376459545853
3.338619678475332
3.474065233764231
3.336554474848388
3.4038281109029787
3.357821504599953
3.3027252431505496
3.390276803132106
3.209508459758561
3.3730499233091473
3.196438271983435
3.245462785245789
3.2666250242098176
3.0882651487727415
3.2488787369640675
3.1004485848071597
3.0453342682937907
3.186020626799221
2.9854312406120695
3.0144740307179525
3.1425415266417493
2.936809324744375
2.9558370645112624
3.0937005754992035
2.8863594654070672
2.797138640057508
2.9753653332437895
2.905235241814905
2.7016295546436453
2.8003906377746723
2.9336108770789417
2.7457613483062264
2.550664992784996
2.675033991456801
2.8461164360302864
2.7116248628700745
2.4466724651567135
2.426348088992446
2.6404277424658606
2.7424593445706376
2.5529251529143093
2.2803844865038108
2.204694901678628
2.3605172963391947
2.560977367156759
2.6239502671880657
2.4714465628997266
2.1672295914811275
1.917863718649916
1.8660655071800347
1.992338671894403
2.2304403089262044
2.5073363207678314
2.6838880806725536
2.722998801080097
2.653812721719362
2.4447603782696032
2.1831134523961064
1.8958722387386056
1.5921544066876139
1.3366330469048207
1.0955793267078962
0.9054416789853658
0.7519852212778793
0.628350238354281
0.5474827637190951
0.48216235937608437
0.4560629726451027
0.44141183725359695
0.46153783825245404
0.49431926666360004
0.5586403020031708
0.6367943139683045
0.7399727711344427
0.8511036702138781
0.9698066119521207
1.0762268175367968
1.1594764387484815
1.2000104936976097
1.1919695928199086
1.1307375537668745
1.0419309385965285
0.9439540721418826
0.8921314893802959
0.8889325059559052
0.9588121655991155
1.0364542471865437
1.0921933570152538
1.0729108746641667
0.9982601626439934
0.9396545467115108
0.9359844877528867
1.00643435359012
1.0611382545256671
1.038578777282582
0.9770735611776733
0.946544682747513
0.9972790261697397
1.051662988825685
1.0157330158159381
0.9599016695340207
0.9815507615783894
1.0333324515096298
1.0181666641594522
0.9697659730006808
0.9886579466300586
1.0311101115437067
1.0002971715373699
0.9722836137401707
1.0155617404204254
1.015588058327079
0.9743037692868378
1.007605266293374
1.0196481621110685
0.9736655522939447
1.0055382326653888
1.019793603540073
0.9773739152379903