3.8980020057435616
2.8715225152889374
3.327056596307832
2.900305551948466
3.3029274140740474
2.9137076765215784
3.2583310464866426
2.96634382937915
3.1716776608346704
3.0480803080548307
3.0874611786152033
3.0858946944784327
3.087742225316518
3.017990775655874
3.17559814597613
2.917707699309396
3.2086269954238276
2.9412719757760026
3.092553493332557
3.0588558691265253
2.979290583829047
3.0829016885262095
2.9725475633236322
3.0611147435237083
2.9380756488965214
3.06000309428889
2.9755160323510075
2.9066514400808403
3.0953421238742767
2.8733888324070067
2.934640523538392
3.0386871741166117
2.8383813940214266
2.944005834884564
2.9438844196504066
2.8339658227937607
2.946439602210256
2.8566126324841425
2.791883492698893
2.949337602768944
2.8346821370308146
2.7045420702840373
2.8833569495501523
2.872631604070801
2.6736991274944
2.7471235325544217
2.84945914700108
2.70112471625183
2.648345379046452
2.7802660949136735
2.7366906085962666
2.5633457650702516
2.6086660582131156
2.765318783961151
2.69095864644393
2.4841477608032325
2.4831505042808337
2.6520825045273355
2.6735533606157955
2.4931770174413246
2.3772060993178936
2.4732155479794566
2.6046541148750397
2.551189329854364
2.351640183363303
2.232882453564334
2.3178493294886238
2.4936601507860225
2.555647759262611
2.423506928519536
2.2028794305023998
2.068573223760364
2.1103344828985273
2.275115101250991
2.426284404428783
2.448149880924238
2.314595763156323
2.089291666317535
1.8768116128613295
1.7652116315461406
1.7910550278757076
1.9357363264818548
2.1443029993690232
2.3516543008684696
2.5039372822450434
2.5696442686076857
2.5407957750528154
2.4277023637261976
2.2512891830898067
2.035934656668614
1.80432102300164
1.5745992076502249
1.3594706399634755
1.1665361943823127
0.9992973737764073
0.8583583479406043
0.742559756999955
0.649919907847451
0.5783486450614007
0.5261384072173241
0.4922408648310614
0.47632579007890247
0.4786129978200959
0.4994877557505417
0.5389638319843871
0.5961324958257685
0.6687861053251242
0.7533683246132057
0.8452407227741684
0.9390185674369992
1.0285961878136558
1.1066924404632374
1.1643776803986137
1.1917498923648004
1.1809285305425727
1.1311520701364806
1.0533728513415321
0.9702367378507057
0.9089975793827021
0.8898093587063827
0.9162476883235032
0.9739965914558067
1.0373673677247175
1.0785398398186221
1.076980224129911
1.0308280441554778
0.9663385776619089
0.9296270968997086
0.9520180706336699
1.0148615404490098
1.059272133218893
1.044047794628697
0.9895722808265384
0.9537347687346103
0.9698048104830099
1.0167479874335659
1.0427106567769762
1.01608075064619
0.9679439099292727
0.9665605661558067
1.0177232127202707
1.0393074651071228
0.9947222057530537
0.9642003814357257
0.9993937346301952
1.0307540951897283
1.0044651698841829
0.9741741779506566
0.9944252875853524
1.0254425289811238
1.0034827902816286