3.7592600610415436
2.694498857857505
1.973970396201115
2.60709976328522
2.6270525491049925
2.145268805527852
2.470278053905727
2.6084929460534814
2.259605574800498
2.3861198101564876
2.534432182271426
2.3856902442079333
2.3678173965090665
2.3875808002385828
2.4774522281687488
2.441231103994452
2.248638317635889
2.4517770344997114
2.5235102691365223
2.2715753678980595
2.345588848946517
2.4354008630246184
2.437875232993985
2.3561243949785684
2.23551095220694
2.445162971539895
2.4501641052722705
2.3006094118578213
2.2818773963812413
2.3063440978414427
2.475695724592188
2.3474868091565257
2.231493539972514
2.262517758085336
2.3398181389072623
2.446002314942811
2.267436365175295
2.2114202491435773
2.1992269675470033
2.3437189374996232
2.3871818714528925
2.2750005890341116
2.175654416035076
2.116836915166348
2.269140991723898
2.3147823896350723
2.3481096188783503
2.170768512634935
2.103820137964105
2.062390188518071
2.202468776921347
2.2737455725988602
2.3119105312317343
2.18130262686911
2.0685372996414215
1.9705731112820561
2.024832758712984
2.1155135265085265
2.2431524919801658
2.2466044431103716
2.1993092968132815
2.033659765159943
1.9320173782993566
1.8387294791821185
1.9000026367408585
1.9690579232487204
2.127203703337628
2.1831524884961433
2.23107620818257
2.1418241617503266
2.0302954540546834
1.8714482804979584
1.7315936246952899
1.6565054128187953
1.6188273501007042
1.6917871191137566
1.7695759112046707
1.9313415416685398
2.056119045750853
2.191878684687565
2.2932019092457767
2.3246232596212963
2.355045180527698
2.288582088827328
2.2210457116682227
2.1110154428402934
1.9605930145938826
1.8356021077982365
1.6649229730439308
1.5190756429164958
1.3812626849757623
1.228555210931581
1.1185597355333028
1.0004231780448256
0.8954263195857145
0.8217149589685664
0.7374912819650701
0.6782514695009495
0.6355515603006884
0.5864771147640979
0.5639879875521411
0.5493423518171568
0.5325947542903192
0.5415382262884004
0.5548154994193298
0.5683352637347012
0.607119128477644
0.6485552663167018
0.6895208526857046
0.7544269493397014
0.8186835799060019
0.8764045249250286
0.9522421797803657
1.0200630950815723
1.068322281971683
1.1225495004057116
1.1598360914116268
1.1631321782809265
1.1603624263506118
1.1422542297477332
1.0913401945334094
1.0368069371224784
0.9911346168363427
0.9412715407801084
0.9042768391222628
0.9028212374234393
0.9250272171981057
0.9556424050429453
1.0004186185224457
1.051275044035086
1.0767847012499923
1.0680869767578014
1.0430893379954176
1.008093802320626
0.9653915067495851
0.9375152978360626
0.9464631298818784
0.9845350405514808
1.0233776931301535
1.0441348580094183
1.043916106611672
1.0217820197105951
0.9841272643683564
0.9555590917079858
0.9608486867443412
0.9976232017583231
1.0344655724310479
1.0397503298405593
1.0121445815261967
0.9784228756174026
0.966966296612969