4.050373590137173
2.62417344298868
2.9516413061846545
2.8441051882711466
2.789751007156746
2.9744801941799666
2.6825213916029105
3.047231119228814
2.6492791886048095
3.0202475094797583
2.7207489766118425
2.8944142633773398
2.846461261502527
2.7758479854097593
2.888852990079972
2.7934262965317087
2.7911068497106295
2.8885511322744972
2.728685371007691
2.835729974431144
2.8537116475030397
2.667200447499414
2.924094013109857
2.7104220440278075
2.74696215335819
2.8520382161662376
2.699929400746145
2.7353560039246525
2.801965228456291
2.725735901883693
2.6519975367514905
2.8133095409880244
2.715427526103595
2.5874863613350865
2.795997403374789
2.7131041669928635
2.559678388483863
2.7041921930905883
2.7248389309607832
2.5925710255332577
2.569179879935473
2.6692499576585895
2.6851307770343187
2.5206001710077115
2.5011926097542094
2.678819038581205
2.6347556951466373
2.431334956074851
2.463969703304549
2.6175851789319853
2.5874570844423372
2.436724640838682
2.374257892427088
2.45570516640931
2.563156677386188
2.5192469319683797
2.335607136299509
2.2533106235271614
2.385071227122209
2.5280402246282376
2.472293842292706
2.283289526988526
2.1647486383110763
2.203267773020386
2.330739061613373
2.4282933554501422
2.406962469031364
2.2570364578678905
2.0700046139225274
1.9810525427344803
2.0544483589206974
2.2269889951858675
2.367691479396095
2.383112046118966
2.267997097989249
2.080803508171133
1.8942252207895574
1.7655159645712608
1.7293070293151387
1.7957881827937936
1.947740073950774
2.1432521628815775
2.3291292148027694
2.4595575252803132
2.50953300618645
2.4770420305052436
2.3759926387137993
2.226331830850641
2.046801574089028
1.852092676475579
1.6531383817456227
1.4584034970116975
1.2747445982539947
1.107534466702832
0.9604238859571588
0.8352077667635156
0.7320213221573358
0.6498219858604314
0.5869754783839806
0.541768749038332
0.5127510936844483
0.49888794364748695
0.49956233087812346
0.5144721212375641
0.5434599464024367
0.5862941887038668
0.6424061313416745
0.7105873533242476
0.7886647646979807
0.8731971138173878
0.9592719378808958
1.040517036568589
1.1094610028845795
1.1583623133959338
1.180552182129181
1.1721852859200435
1.1340693391122851
1.0729963266104057
1.0018284659283516
0.9376522526120705
0.8977535354007924
0.8940315306516358
0.9275755058732238
0.985980402186615
1.045859432599539
1.0813305053899507
1.0761109873734027
1.0335365328341364
0.9776653050680136
0.9418336851963652
0.9485684121058435
0.9927842897338035
1.0420040919325448
1.0580533535536087
1.0274772310717144
0.9758271604282528
0.948675130523204
0.9704000183783542
1.0181553012805862
1.0419932404172574
1.0175536886496153
0.975650016355342
0.9684780345391659
1.0047896794597277
1.0352444824084155
1.0164391207410082
0.973883333261086
0.9696429084793247
1.010225251205926
1.032905927044427
1.003378429438751