1.49905275184505
1.4990119371907402
1.4988894839399796
1.4986853642629416
1.4983995318887897
1.4980319222739193
1.4975824528373936
1.4970510232634204
1.4964375158707413
1.4957417960487227
1.4949637127599225
1.4941030991088649
1.4931597729767132
1.4921335377214815
1.4910241829434043
1.4898314853150139
1.4885552094754448
1.4871951089884254
1.4857509273633736
1.4842223991389614
1.4826092510284337
1.4809112031259501
1.4791279701731137
1.4772592628848127
1.475304789333429
1.4732642563903857
1.4711373712239482
1.4689238428521076
1.466623383749288
1.4642357115055602
1.4617605505369304
1.4591976338451906
1.4565467048257388
1.4538075191216677
1.4509798465223076
1.4480634729043398
1.4450582022134564
1.441963858484458
1.4387802878975449
1.4355073608684683
1.4321449741700678
1.4286930530826005
1.4251515535701715
1.4215204644804122
1.417799809764438
1.4139896507140075
1.4100900882126401
1.4061012649973443
1.4020233679274379
1.3978566302568678
1.3936013339062165
1.3892578117305419
1.3848264497789597
1.3803077029794992
1.3757020432048228
1.3710100433485073
1.3662323245186667
1.361369572041188
1.3564225375776104
1.3513920412027953
1.3462789734372858
1.3410842972292116
1.3358090498804023
1.3304543449113284
1.325021373859363
1.3195114080047783
1.3139258000187908
1.3082659855279049
1.302533484588747
1.2967299030674893
1.2908569339179616
1.284916358352461
1.2789100468992984
1.2728399603410487
1.266708150527523
1.2605167610574581
1.2542680278229668
1.2479642794108137
1.2416079373546716
1.2352015162325403
1.2287476236036556
1.2222489597792756
1.2157083174218954
1.2091285809675594
1.2025127258661303
1.1958638176345469
1.1891850107182989
1.1824795471566087
1.1757507550470159
1.1690020468053728
1.162236917217516
1.1554589412792342
1.1486717718214563
1.141879136917965
1.135084837073334
1.128292742189179
1.121506788307259
1.1147309741284135
1.1079693573068168
1.1012260505194962
1.094505217311646
1.0878110677187527
1.0811478536671617
1.0745198641552989
1.067931416237692
1.061386865659082
1.0548905776736355
1.0484469371050325
1.042060338585815
1.035735180504371
1.0294758587661563
1.0232867603767393
1.0171722568550023
1.0111366974855567
1.0051844024201972
0.9993196492649272
0.9935466924912153
0.9878697147559382
0.9822928480584288
0.9768201547011123
0.9714556400346945
0.9662032223412176
0.9610666891570379
0.9560497908889165
0.9511561629205865
0.9463893096960225
0.9417526150352182
0.9372493652967023
0.9328826852343506
0.9286555663460602
0.9245708510064912
0.9206312252208702
0.9168392115269668
0.9131971620673363
0.9097072421429432
0.9063714617390015
0.9031916133721574
0.9001693025251455
0.8973059329946351
0.8946027014637947
0.8920605924057414
0.8896803733408721
0.8874625904708379
0.8854075647116445
0.8835153881479658
0.8817859209303205
0.8802187886361575
0.878813380115311
0.8775688458394872
0.876484096774648
0.8755578037942112