5.503174493480895
5.522727597704915
5.652296791444961
5.582768889900184
5.3786918557703425
5.559011649332169
5.748225984931034
5.4883865474652325
5.451633645118541
5.476271531706492
5.428933415942689
5.6236803384407725
5.535771629079019
5.5723851828834325
5.484147553415169
5.423095109929022
5.395425902686578
5.331964227547107
5.3423813755271325
5.299378439267195
5.300101425494887
5.285433112073046
5.2418201755600675
5.2659100235993
5.177805057054837
5.22266364456888
5.158712111236117
5.163820835947014
5.207299149123487
5.169924067855186
5.21672643354769
5.21323991300299
5.102028616586457
5.028419173968282
4.973813446258649
4.930160386888242
4.972377641186608
5.024988135963826
4.9366624571817335
4.778810075071636
4.763933642344217
4.860916377403397
4.813242374676867
4.652504074346492
4.6684030957610965
4.713189374719713
4.534340545482704
4.502159442993244
4.615740916066381
4.433452604159428
4.427363200740881
4.491788457618376
4.26042062530471
4.386146544292595
4.236289760084922
4.195137928059198
4.226763343848988
4.035777373767555
4.174804274875091
3.917395032658343
4.095009512712089
3.8155374628904886
3.9955187110851993
3.7242367945605417
3.848907247943968
3.672971704122254
3.6241964196021357
3.6938761785209757
3.4004352266839284
3.6519115223401375
3.3929399783263916
3.3065372561632347
3.502121918676828
3.1470632334263193
3.145205390455798
3.3773160774608066
3.0343870951596204
2.833579747656851
3.141627154229474
3.1331730927530224
2.6878696913880975
2.5556212249090278
2.8689918547340567
3.0410968020681857
2.7587797564380554
2.2735704703278596
2.0761649277322887
2.3155001788658196
2.7304262061893994
3.0608240183421835
3.087600344505871
2.847387645404584
2.41920762562185
1.940747902308236
1.4871092645553357
1.1154117374772983
0.8247350203768918
0.6242349409255148
0.483562531705661
0.4092600240698084
0.3737445447651786
0.38711345255352314
0.43900745063127566
0.5280730143678283
0.662794629837828
0.8170116584861118
0.988275395811711
1.1379085300805762
1.2167428131203817
1.2130156132485375
1.1103234693962807
0.9626593845273755
0.8740203131062466
0.9033657813436113
1.0177489632455812
1.1012608892250653
1.0579480242523465
0.9457596919448896
0.931790241853577
1.0325832826839803
1.0633424807498582
0.9704301465885972
0.956134341850318
1.046052527735385
1.0165660283482763
0.9476722077597391
1.022595758793812
1.0224676186203572
0.9598326206568334
1.033091527920145
1.0004589573714169
0.9808278810347111
1.0352734438670579
0.9690713769781515
1.02614353284798
0.9861332831784729
1.0075173509587358
1.0014004230965445
0.9980690584768098
1.007114800095863
0.9981647889516869
1.0040153313333577
1.0044814178999149
0.9924928931756934
1.0134058460674646
0.979236496604015
1.0180372110209013
0.9843981344410521
1.005984012005353
1.0109044265613432
0.983365056297591