11.511908788421044
9.684725179395922
9.341449492669424
9.047232809438304
9.004200076387848
9.139476330461402
9.118661931531319
8.974738935582765
9.048298609749429
9.091708969185945
8.96288329810316
9.075258847107937
9.064464044121761
9.073199674788858
9.132634583108231
8.982581481471383
8.94540490446217
8.804750825806119
8.92112504712854
8.912038105676842
8.782191604020031
8.726548958282299
8.743880376389818
8.716931485844674
8.579117468224943
8.623790242084828
8.499390152262924
8.521216059603766
8.442541917813998
8.30834758426825
8.357998870519229
8.241432870684733
8.25386611946794
8.13928942449488
8.034615580652885
8.052001167235415
7.8393319990006844
7.8956016921274434
7.81387248996995
7.631167922169888
7.666049905860815
7.636165221759619
7.446625162335359
7.3390990925220825
7.362687512872954
7.366585000138258
7.2671200607111
7.1015609005749685
6.940387617570009
6.830824506534714
6.774380445242883
6.719417727172432
6.626675699145687
6.538487775890263
6.466860318967033
6.342244843240606
6.216341215178973
6.122198765344198
6.00544300888689
5.980930505782473
5.965552639142251
5.942820863162629
5.788619655788929
5.548551741559722
5.413573017191205
5.5004916746532455
5.415528241076975
5.116067389165629
5.079427975143773
5.145959071101606
4.786837926823732
4.834629936133647
4.748411830615707
4.460418590745512
4.656913049817995
4.183126675154808
4.455176309041977
3.946862346900997
4.256373268330732
3.776568915932212
3.913365543744828
3.8133645042983244
3.356105436397657
3.782738680292749
3.3804600350242793
2.949850878110503
3.4255451969551074
3.4262125127961482
2.6769480432800905
2.365468044619991
2.8626445638343574
3.455580537738415
3.515071825030935
3.021730204780661
2.2818921102980174
1.5686397578096598
1.0170497875549074
0.6544145282939454
0.4423484498490889
0.3336766532889195
0.3096256864896026
0.35644539402331576
0.4644174210041699
0.6429420866796974
0.8669261425969705
1.090217389482813
1.2399402663079897
1.2176259830795158
1.0508929358964259
0.8738430234854488
0.8971767119469344
1.0628966065723398
1.1011741972138211
0.9428540075048404
0.9458136975393815
1.0806808451277563
0.9819406931046158
0.959622702559128
1.0645987461461124
0.9487967126499302
1.0277517792412347
0.9933793639190241
0.9996949965214484
1.0055628262358054
0.994016758092136
0.996895734414262
1.0147442084358207
0.9767483960456844
1.0346079723244057
0.9753271892519115
1.0061849652035213
1.0216136386217918
0.9758765903796452
0.9993402452637172
1.025654460402694
0.9981462331983038
0.9795392410997811
0.9979910788135775
1.0183151390353071
1.016123454857978
1.000348905587216
0.9878605946673878
0.984238956476431
0.9848995035782305
0.9861789635816082
0.9900288979643762
0.9943936338659526
0.9926115679114759
0.9899812600556391
0.9903442444786786
0.9859147527229533