8.930589677735187
9.933954893212361
10.276917755521568
9.845404929516501
9.886544467860034
10.149383319033356
9.99962694802119
10.047574657699299
9.794497952857085
9.892703702134469
9.791709735787604
9.871916375998639
9.87691060305838
9.798264760617855
9.872120607934573
9.771930522263027
9.684520141361228
9.69242068850191
9.614696128515437
9.498248296965222
9.481501020606197
9.551705485953201
9.585755499806952
9.485444833162395
9.310106820883588
9.250330810055942
9.297225444952796
9.187072930654397
9.034808397752771
9.103013874047209
8.990560116239092
8.868585403056057
8.934564637973107
8.724843707313912
8.820436369539605
8.619690604454563
8.681785442165246
8.433416863099149
8.493197349570428
8.279426618917228
8.325491868517148
8.222178976856547
8.003789995476993
8.087524218223223
7.9727068639647465
7.738141931144235
7.748468333752846
7.728511147390742
7.61170180143555
7.406997492162621
7.276788751461141
7.219702509643065
7.193166701967942
7.130307617765916
7.075313074057561
6.952737516294738
6.871522416370683
6.765973251580449
6.644482112205813
6.552186053167976
6.4249219315740715
6.2410258705733
6.044430818039801
5.886422587476527
5.823692649640182
5.848258536431004
5.792766524195243
5.52059120912963
5.28941308336601
5.375180137861732
5.304849058964004
4.93020189196384
5.027599429983791
4.911058020953513
4.5783547748899105
4.797551233816547
4.3022125590494396
4.575553359845056
4.065238850019544
4.37407161326542
3.774292752886448
4.132773237839254
3.6448333263005863
3.603113008496174
3.8443658917531014
3.1250025636974947
3.2290721413361854
3.6422902819009924
3.0643529700819463
2.417883153669207
2.6871284199870313
3.396749271423981
3.6343625766774776
3.2272551442996287
2.4443977310426623
1.6677503921037606
1.065582028520193
0.6637269868307814
0.43619428041437774
0.32459923918378175
0.30002306831453546
0.35303031776029414
0.47679904738135853
0.6651942862054453
0.9034975206189927
1.134978000136396
1.2554450940551305
1.1860316347165276
0.981348168392362
0.8520826139581331
0.9563880405523602
1.1146801792426702
1.035317267437614
0.9097155801124166
1.0344431334236242
1.0515231263904947
0.9323886383131451
1.052830880016613
0.9866116437513801
0.9928895265168992
1.0239191876742797
0.9714661043222305
1.024453011243367
0.9804912149395224
1.009259158186889
1.0110574721534078
0.9731653619641424
1.0321404747345884
0.9812752286000528
0.9914818191753956
1.0267590684195407
0.9923879286254194
0.976511773321242
1.0100851326072027
1.0241143407745095
1.0002250112310085
0.983194575872364
0.9795125134117135
0.9946628634944517
1.0047245825334499
1.0140024218539465
1.0170262628543947
1.0154562332164756
1.0180324522179185
1.0154007955404367
1.0129959167989704
1.0122796735726713
1.0055152295351972
0.9942807845676711
0.98679745471892
0.9893432006045121