4.85489240733727
6.987697000732132
6.276879199179887
6.785815668576111
6.452951061490939
6.578602952533566
6.605180899302485
6.4809495653948055
6.569813074798657
6.512703042714046
6.564042664433262
6.405247917631976
6.531221292888635
6.569132276469503
6.334567354565443
6.403339804388194
6.536286263301611
6.406229401246262
6.306780414517306
6.361768364971291
6.364224584980319
6.271920782064582
6.226563205769739
6.272802650433736
6.321417783373952
6.296272337044979
6.206316334576561
6.104718920417246
6.031253703345674
5.993952696393939
5.980945354187402
5.976852074030145
5.971129824569559
5.958634217924155
5.936776254333826
5.902788296343215
5.853069950245545
5.785492569399763
5.703853205871097
5.620628204990267
5.552354734663379
5.507510638685822
5.480002152115078
5.462600226234793
5.461282189004214
5.46557697139649
5.408945359688481
5.252039896324888
5.124424819066738
5.171148328938066
5.231067399035469
5.0825409765066505
4.918136122994755
4.959536658488042
4.983575224149682
4.797168730406322
4.71638186680816
4.827061836076027
4.60014444339636
4.564750462515195
4.638790027397392
4.340060762270197
4.5256823230224175
4.257796822213515
4.323689948274475
4.197035250786764
4.1358104707985675
4.0958023166784985
3.9965099759773075
3.9280342512213617
3.932665904728622
3.680013170656663
3.9076683914976433
3.479018235179941
3.7038343273871512
3.545519456514395
3.2753044779633735
3.5762500205299688
3.263158635966851
3.0219157571022297
3.3648744602262344
3.218659461810834
2.717172559436619
2.8025553192871926
3.1902402439177022
3.0646204994548563
2.4989097563915625
2.172479984331345
2.3969795981074515
2.8951712048165907
3.231389349425142
3.1876252595193053
2.8089729153721805
2.2633241080623914
1.7083084595462814
1.236308535443205
0.8784554723350401
0.6295393476576071
0.4705998168431997
0.38244356428363474
0.3515036397616853
0.37109333218186485
0.43994808109391015
0.558389703755702
0.7218082527411646
0.91239475204829
1.0933439334473154
1.2129996805216834
1.2251408125708705
1.1224295217299707
0.9645380683545085
0.8665700357110603
0.9162602832443982
1.0580883040063032
1.107701389795798
0.9943968808889606
0.9132760299391622
1.0068002529405078
1.072584861821339
0.9754830315109655
0.9542189674402903
1.0512815903346553
1.000120708627084
0.9580887668063973
1.0494395768330018
0.9740166353783706
0.9978744576498659
1.0246869752584207
0.9659773826170094
1.0361689790031812
0.9674663761672929
1.0290148727747084
0.9743902624518468
1.0251391660672302
0.9741651654922773
1.0282068650058307
0.9718891970281197
1.0239968864140274
0.9875236310136756
0.9971455026175677
1.016652115753297
0.9795686945501892
1.012392146398481
1.0040070864082649
0.9830115113833822
1.0127204750346053
1.009370057958919
0.9821367276875614
0.9947128682715354
1.0173410483838237
1.007912557414949