2.1035144744086716
2.1023771839582497
2.0989777162953085
2.09335311759782
2.0855645841003305
2.0756966487685973
2.0638560580717358
2.050170354029482
2.0347861806955785
2.0178673379629357
1.9995926089932683
1.9801533906363298
1.9597511588716585
1.938594803542701
1.9168978684299491
1.8948757340027098
1.8727427809811044
1.8507095731211072
1.8289800974016996
1.8077490990483314
1.7871995475806433
1.7675002683412513
1.7488037717690794
1.7312442087987767
1.7149361025662235
1.699972280269053
1.6864232115196964
1.6743360876879425
1.6637342697762612
1.654617467783999
1.646961362237932
1.640718587378111
1.6358193393526461
1.6321725606272632
1.6296676669677606
1.628175828784639
1.6275521850750612
1.6276382065930117
1.628263804740174
1.6292501083739646
1.6304121252829094
1.6315615425003969
1.6325095784941166
1.6330698466299591
1.6330611887467854
1.6323104376639876
1.6306550679873444
1.627945695684582
1.6240483885683816
1.6188467520426906
1.6122437572229067
1.604163281810064
1.5945513378546363
1.5833769647513916
1.570632770420403
1.5563351086013668
1.5405238854628245
1.5232619942420529
1.5046343823165993
1.4847467608899327
1.4637239732717455
1.4417080281036494
1.4188559161015342
1.3953370177379316
1.3713304345273292
1.3470220694736876
1.3226015872745431
1.298259267789707
1.2741829507562352
1.250554787793431
1.2275480427201415
1.205324661063478
1.1840319589640702
1.1638005686565929
1.1447419354777024
1.1269465560950258
1.1104825899703041
1.0953945782569727
1.0817029268901344
1.0694036945595489
1.0584688834355402
1.048847205966994
1.0404653215145698
1.0332295268438114
1.0270278746677706
1.0217326847018466
1.0172033771135849
1.013289726233565
1.0098350923489392
1.0066800708758166
1.0036661024391453
1.000639117440846
0.997453107692004
0.9939735421239434
0.9900805444844858
0.9856717538104037
0.9806647933888971
0.9749992883202638
0.9686383266945691
0.96156943814563
0.953804886058839
0.9453813838002025
0.9363591741632569
0.9268204913516908
0.9168674317608
0.9066192722003743
0.8962093192623946
0.8857812948896001
0.8754854736725491
0.8654744653683473
0.8558990440666241
0.8469038171575745
0.838623140614629
0.8311771589588937
0.8246682876340963
0.8191781163265357
0.8147649405747162
0.8114618530631454
0.8092756599794348
0.8081865323384696
0.8081484760694231
0.809090616762441
0.8109192783920752
0.8135208094464947
0.8167650843725114
0.8205095839610425
0.8246039361221217
0.828894779293263
0.8332307952998542
0.8374677475714541
0.8414733548288876
0.8451318301669043
0.8483479211665955
0.8510502983888344
0.8531941572183708
0.8547629212220756
0.85576896339841
0.8562532941554247
0.856284200579487
0.8559548593825881
0.8553799845281876
0.8546916085102034
0.8540341321129886
0.8535588097216686
0.853417864446249
0.8537584450629337
0.8547166731221759
0.8564119585882387
0.8589419033791974
0.8623778894390716
0.8667617040203551