31.643442783244794
27.531078069783998
27.261463250882034
27.45317572049295
27.595571636732902
27.341533300896092
27.57989733395011
27.44589988612707
27.409859565923302
27.082244803057282
27.290687251319074
27.060037796949107
26.83155687526868
26.98591239564151
26.761290796219324
26.67751071820347
26.415879682995055
26.230570642507395
26.157375115195368
25.991395563468163
25.821101124191646
25.68936858658367
25.4879619593983
25.18414359450729
25.01556520105144
24.917809611418026
24.528212130926608
24.44062455111643
24.142722024422735
24.04516935582079
23.603436148859476
23.501702685127437
23.24644722237199
22.81589289331317
22.65837695602817
22.41554894324723
22.216432165893092
21.897509472803378
21.587323752218644
21.33413993678607
21.038952465180937
20.676104665430213
20.257773464433626
19.889282529060452
19.695158523726114
19.403029112353536
18.921230972292634
18.78129771548159
18.31313926090678
18.126480720093276
17.588642547468776
17.439650504836678
17.01485296160818
16.55462804001425
16.365796256878816
16.063364923760055
15.704900331372514
15.269156622576748
14.895234044735268
14.55707159558081
14.225447888724059
13.927050301462149
13.608446818231158
13.155811130384569
12.662327964093018
12.45604858741269
12.17424280868652
11.582315590525948
11.503407699858405
10.881768420558688
10.835509133328086
10.196747378649176
9.991450383862897
9.79575811164485
9.200371619667107
8.791091277451848
8.56275142809213
8.376086188405521
8.105238668436167
7.79286720521952
7.4496563263399205
7.016477990463066
6.488538617560744
6.081331796760862
6.106271352223067
6.013679495236865
5.122110934903116
5.25428360254544
4.870521569601997
4.498165408881152
4.205141247004563
4.437107367509501
2.993714606655351
3.7879963323015966
4.578625269695662
3.561388409390612
2.0037225192652834
0.9226840098881262
0.40600946125008436
0.22645716357080403
0.23044541539987384
0.37080886065127483
0.6498578920864038
1.022252291476659
1.2796993057613333
1.1547706496490087
0.8547777198491697
0.9869352617069058
1.1112329621587127
0.89609690030954
1.0928454095094213
0.9190544617679548
1.073570504293146
0.958819806837917
0.9853580663191344
1.0552951522674294
0.9974627333510385
0.9575801117451929
0.967572188491563
0.9931448122974293
1.0033636022492758
1.0048779877009477
0.9981353737571186
0.9826880035127782
0.9723646656526382
0.9889294736042398
1.020328608285336
1.0048347191464608
0.9777942059309559
1.0176663392540393
0.9883349166496536
1.0107542152072275
0.989011135383411
1.0145795742796686
0.9854198435033173
1.0019660474977028
1.013522523968736
0.9991642238406092
0.9859353866532297
0.9891974776239603
0.994170894572067
0.9954430935839547
0.9962749300571606
0.9933034191876959
0.9892031825889116
0.9924251608236205
1.0047693842572853
1.0068559157135786
0.9909568990554619
0.9995493705081129
1.0042501134797317