16.444615401400824
14.39398834587679
14.22187761519195
14.044103791429311
13.921931986228637
13.928406275300613
13.972073023559666
13.876005121732256
13.809625910488771
14.003675721900391
13.962219445982496
13.692992024433384
13.795477861791145
13.767688893228218
13.686070427724859
13.567192800294542
13.6813012713995
13.395088162816721
13.556713267004719
13.319109965868297
13.341844871576725
13.221884789297315
13.190146274237094
13.120731975201835
12.893157255858657
12.922672934570258
12.929023150368465
12.745740043889466
12.584353042307342
12.528740917811797
12.49575039679812
12.423535408307279
12.315185120868671
12.19329361579266
12.069045824096404
11.94119739424464
11.811146325464987
11.695518837574534
11.601319084878808
11.47087936064374
11.242358956658153
11.035528609551058
10.993259855710997
10.941287983896174
10.743714583616756
10.515284773022833
10.494374814164308
10.327044188975574
10.089700503927695
10.10002178014033
9.77652423394088
9.791189315331003
9.479780876499412
9.485051077806554
9.197225859759737
9.05731671160594
9.046263171844483
8.709234276953913
8.544887158886844
8.531614553394478
8.345849405091156
8.053091620011621
7.832464711823206
7.706279606917503
7.60946642935192
7.495922795933504
7.357227415798072
7.20072853051029
7.028286152980984
6.8254435345750455
6.57394550516677
6.301260749140127
6.112106885289524
6.083056065683038
6.081968272203282
5.832276610750495
5.40724252502771
5.40592522948758
5.430970314046461
4.850543974493292
5.043642148552663
4.6843696245761315
4.540770424146378
4.435376199932971
4.224714089645512
3.941490812920996
4.19995612277914
3.3130555415597684
3.7991579496565646
3.7468579885066897
2.7267613817410483
2.8177438419139054
3.6966998419468604
3.910452173842388
3.2012403195686003
2.163092274433491
1.289991442330183
0.725100946206621
0.4186068364332681
0.2858550650139381
0.2704266046276737
0.35032943341112255
0.5226135795782512
0.7767228467252426
1.0594538242664544
1.2506418050570438
1.2115157148656768
0.9708519098234669
0.8474302883894503
1.0276672986549606
1.1094664513883106
0.9252216779797497
0.9946618343038163
1.0625541724472611
0.9270547856283947
1.0702020696384194
0.9402971181319258
1.0557287346481996
0.949950707827183
1.0439873033607026
0.9749232011389614
0.9927878952473975
1.0384580225614473
0.9751546660793459
0.9779235067671045
1.0245851280317388
1.0221200009885172
0.9901062274371137
0.9733728291938846
0.9778645340712304
0.9897632313163637
0.9990914833660666
1.0034754241240043
1.0040095745224467
1.0017308447965245
0.9961307696701761
0.9870558132876872
0.9807673124317516
0.989296941788969
1.0095679141155083
1.014779731170505
0.9966879216732555
0.9871059835342061
1.0074885806504135
1.0066707065563356
0.9860129386145757
1.0136098086831749
0.9902088953414168
1.0063199825267906
0.9958009223604704
1.0043090131870294