10.535212631919931
12.918680400845398
13.17287955875786
13.16584888622351
12.951338846360859
12.8567150201764
13.00932767230581
12.944178398687384
12.723509042326416
12.821127837455785
12.647444731907266
12.653166856938894
12.735933350601286
12.645679230509643
12.586138077205392
12.50018088162362
12.497300735562494
12.500052996040315
12.281096885776622
12.37058595447442
12.286461256447195
12.182822409136145
12.024603151045941
12.126454120649646
12.021094108296323
11.962193577004566
11.78327660279562
11.652041754873954
11.607045637810423
11.482765950655953
11.37605870242829
11.31873621763774
11.233850519561553
11.11704484614665
11.021474395544733
10.97275576320522
10.932992481009288
10.819887785640466
10.616425407229782
10.47289216991342
10.476106312483827
10.357988959522444
10.096618522834468
10.094433987007793
9.94905498215488
9.764900915475963
9.79002267932861
9.492451922125278
9.507480248082345
9.216234988306491
9.240903076730639
9.020307255032018
8.828072203004961
8.868816391514116
8.559402831006489
8.410459074898833
8.396593569389577
8.276056535201242
7.981799207274669
7.797747408591581
7.671590465854338
7.6181388073983385
7.532974403322661
7.39527683791357
7.268030626804745
7.130019739622165
6.963065704075811
6.7787596708358135
6.569801657923631
6.324608251488009
6.088231546964019
5.971777283656439
6.000325452112115
5.922518000083421
5.535673509094217
5.310048380125
5.468855836118698
5.109610504628053
4.852063951357629
5.026840619325554
4.417935235890985
4.755011976901153
4.096716608527551
4.490340625401506
3.7265090815493807
4.150778054712965
3.7030502713947864
3.27772518684812
3.897779330846562
3.3400020879819543
2.5504116590860155
2.961933066976836
3.756717906968937
3.75937285522791
3.0028644244021896
2.0266445270300415
1.2219329782326331
0.7059932159952773
0.4228925972393513
0.2956920580277696
0.27738477802450195
0.34899173813876333
0.5084801756906784
0.748604841742756
1.0248809131633587
1.2310187167520414
1.234961565585615
1.0269873530687421
0.8495245942586713
0.9553376402274832
1.1207392993296992
0.9881220776008203
0.9235181841499852
1.0838321293332673
0.9598848937728421
1.0074165024916675
1.0198500463441018
0.9731183123114351
1.0231626942485315
0.9896728355474195
0.9954045427663758
1.0255184066790786
0.9621872107263758
1.0275974818664146
1.0094647698195252
0.9674824758476873
1.0039260876087635
1.0310776369969643
1.0040725706667233
0.9777366505223731
0.9772319951998736
0.9889093473338542
1.006073893877474
1.0132739351257638
1.0146219119133677
1.0167662757897828
1.0157545971939612
1.0092913215223842
0.9992649898631702
0.9886081941921648
0.9831345721761117
0.9907751826225575
1.008998700637191
1.0151512748834093
0.9964539055923413
0.9891832792840024
1.011018416570497
1.0023795922978394
0.9886044784785524
1.010601259875595
0.989693302628063