21.423645334314926
17.622611751572716
18.094680352508785
18.157577920160218
18.13619878838351
18.12236994270388
17.93484648112796
17.90115015387025
17.92049156605855
17.718634299243607
17.85184049992017
17.817141092119677
17.66828148676873
17.6606440886509
17.66176969115891
17.55919019250061
17.47594921847943
17.43912000782346
17.27224466742457
17.163704724769673
17.146776594077142
16.99006462075714
16.98016395733405
16.751935420450355
16.61711757737341
16.415993968136394
16.403028330701364
16.34599642473023
16.02860494952223
15.984182334308978
15.857733251478846
15.679818244220924
15.611299037166326
15.351491689279959
15.237426109191018
15.089235144375907
14.815267827039262
14.795468512700712
14.603760355479919
14.328884332475047
14.189250668350917
14.080909022403896
13.911701359618865
13.72545609174102
13.523009201747456
13.278070209215596
13.099604557296415
12.929933187849475
12.744028049954856
12.589138334861936
12.32068285527467
12.024781697370393
11.777572133449224
11.68514075267291
11.525235615727599
11.133742218909106
11.05203708875764
10.794345657120155
10.545564300832009
10.424043445959805
10.11382180543313
9.923402208046996
9.774389295660498
9.36039580741368
9.330288881257301
9.124500370773564
8.71341669376279
8.476063306358355
8.379628917317252
8.257524544753913
8.06275501061433
7.809391844892367
7.562373812646713
7.364612541203014
7.160412063681797
6.9752711986817255
6.695762898487222
6.3073849158477655
5.912231196642698
5.866339224706659
5.918486157394316
5.393462330219932
5.09741901315869
5.323584785220356
4.528778039649393
4.901392026705193
4.085253290743662
4.592265891042037
3.559982378103277
4.093324214805928
3.8325843763386316
2.7425496213623544
3.2941996744579414
4.152136415385405
3.7956670647365214
2.629510456702519
1.5068295944123744
0.7828477439983361
0.4112150909313285
0.2605057850727021
0.254580517358958
0.35421691383099974
0.5654938476364751
0.8654002877737821
1.1659880676924137
1.2715371705087608
1.0794230144122088
0.846970240757235
0.9752315124369555
1.1266388914303118
0.9233771012086202
1.0103527765327813
1.0345078206236547
0.9585530516391626
1.043484152132211
0.9747238546211715
1.000113085275093
1.0324513894028562
0.9524905936617817
1.0184124930374179
1.0349770056252754
0.9810123853394935
0.9673088487313914
0.9933079162362153
1.018310667591612
1.0297167616971534
1.0285752383304363
1.0244137946642449
1.0263760316254489
1.0225599847445883
1.0177955250573243
1.0009642079986045
0.9844590455582406
0.9827722851194862
1.0107670068755563
1.0137520714240702
0.9844205861530504
1.0020951877719604
1.0109004479183972
0.9851483816307821
1.0132211898220354
0.9852437749413412
1.0131453891635633
0.9902218589820727
1.003777116411003
1.007692099102385
0.988513331375318
0.9999513904465915
1.0098025351216766
1.001253076455824
0.9924898290954353