23.202839392347347
19.797685317481253
19.543237540477303
19.516760975903924
19.72114105464917
19.82683047604919
19.60610698258388
19.56935158590667
19.534667654796895
19.29305815188389
19.56001329831858
19.25769833550847
19.30645210584882
19.19682327241982
19.07395770781021
19.158474579891244
18.841480840016295
18.852124896325574
18.7682641537178
18.75206331173778
18.603140090524057
18.368228019037982
18.237952994689802
18.151324056354476
18.033651013101867
17.902196690089102
17.789768007167634
17.686735389377812
17.529716262427215
17.283807150167867
17.091919643662536
17.072291680350364
16.899138391136002
16.596383323151397
16.546336230204478
16.22773244781536
16.21790395247587
15.852796642383682
15.825211328438284
15.498661296595014
15.34021575540892
15.249486564618826
14.881211888607057
14.672032079154004
14.557790404523226
14.38179677636358
14.193082867914063
13.95331016647373
13.689635947262296
13.456189280805964
13.258029868619772
13.070142961652385
12.85087666138884
12.553082885470486
12.207522967468222
11.985135161775728
11.896733008626395
11.572549365839789
11.225200976135664
11.204214273102648
10.762856141981793
10.684758021025331
10.259860661948801
10.242693750352318
9.739251159293223
9.696006361400876
9.44306762339595
9.012133971940244
8.836858848537755
8.774477366993862
8.52284670734245
8.17857344829812
7.857700650799843
7.5630572159370315
7.295705415658461
7.068413487066021
6.897784962809863
6.787609829088539
6.659392986607904
6.325598496704851
5.7941073977281
5.607017384077114
5.761878178265365
5.158995969371209
4.96786209098899
5.043261396822419
4.303209855635222
4.670791047607432
3.937908891355855
3.898853795970613
4.202924119761967
2.9282718606351263
3.1431341649638282
4.156746522647637
3.984240309539668
2.8018074823027668
1.5920048272374634
0.8059786435612379
0.40866374294750213
0.25489369804333173
0.24931243696341873
0.358252254663868
0.5806074316515306
0.896190868792149
1.1933580822022858
1.2615060681580936
1.0232867664961574
0.8398220319370053
1.037666969634173
1.0934297058064908
0.8998660432330758
1.0751070816281834
0.953241349898456
1.0401332388129816
0.9585575385393549
1.0534583825486974
0.9487743166858672
1.021363141165983
1.0315468175194322
0.9615484855813405
0.9797233642856132
1.0233320215461919
1.0334815168907094
1.022443212021569
1.0063445214431148
0.9962465665469972
0.995663954859039
1.0026409807357497
1.0140688099162438
1.0235524845232666
1.0188758882209408
0.9954760186014447
0.9816342134850591
1.0061467254669716
1.0139934850809833
0.9821016448589276
1.0082791174932595
0.9996825880104148
0.9986278993331756
1.000190432079472
1.0033709754397413
0.9912529525600844
1.01272521125406
0.9925697618556745
0.9929985763073798
1.0104468094180743
1.0078071816385832
0.9937116195755193
0.9902723398869245
0.9915636125362658
0.992779823601557