17.890096234217086
15.540663276607777
15.1166314811859
15.24499608805966
15.090301696199047
15.165062828861762
15.286438580402239
15.181556190184812
15.263310161255852
15.146251227510986
15.093287373500688
15.064654637551618
14.851402679636013
14.860530653624535
14.906255545825871
14.866375980751172
14.751117924757537
14.611299948290625
14.657295102891286
14.654739292798034
14.412745281065959
14.452803020851109
14.271366983181258
14.232719877606748
14.107813682191114
14.082942693408445
13.884525954639765
13.912931838818723
13.645014303607852
13.531678966750698
13.5582112920823
13.394196812486154
13.152869586975415
13.066821768113055
13.062490388063988
12.921525206154282
12.81897800209715
12.63941095441019
12.505803938832456
12.343216432864153
12.245373100970431
12.081727254628687
11.977306972424964
11.783914142589737
11.520094238675282
11.334338765176927
11.27590636095572
11.195368605912666
10.897168274113476
10.695313979449537
10.692381380649776
10.365693996595933
10.3092807985744
10.08706488240799
9.936815824099199
9.719911725643259
9.62844082460217
9.288817504424381
9.316838971654652
9.038835833678231
8.773214030597435
8.743929490936734
8.58958738191685
8.284439308360843
8.001970640397463
7.856169182410323
7.756402596961023
7.620315632409299
7.484550853361581
7.292869722467215
7.1040919462475545
6.866955849277156
6.585596264069287
6.314967813407557
6.112518766419503
6.092316398038571
6.085695164220331
5.719492799444759
5.31758966919287
5.471041848847785
5.195226106992183
4.760072333451394
5.0403264637480385
4.305590189825636
4.721599951844215
3.89133030117882
4.398005948341677
3.6567056177288135
3.6065717209097006
4.047072824354329
3.0218875685570814
2.701573232342319
3.595300136353026
4.0273104170017895
3.395580194757
2.310271264849049
1.3528624087149255
0.743450631505699
0.41322944427000813
0.2787725125199347
0.26495147954668835
0.3510479273898722
0.5363264288549572
0.8032695424015593
1.0985968164248225
1.2681206459905525
1.1705563661620553
0.9171830140973716
0.8729163593860232
1.0878142627131808
1.0597840896652049
0.9008210750518078
1.0668089450004383
0.978778276354582
0.991610266262267
1.0174669850346523
0.9844800602922523
0.9993245638972841
1.0211734541985154
0.9594502885363406
1.0427569931277074
0.9958324280446331
0.9646431028296639
1.0176338926794397
1.0323370881005203
0.9959675757949821
0.9720330331902557
0.9763976311667102
0.9862948883479843
1.0006698774171303
1.0031547937085399
1.0066311602274007
0.9994507193382085
0.9940487556497332
0.9842586272107038
0.9799505379690012
0.993869940149169
1.013387411696425
1.0124118968313172
0.9888145669993486
0.9910716168653163
1.016029685663786
0.9948315932091552
0.9979214853361194
1.0096554511324751
0.9895978901405139
1.011959628729841
0.9909489230899768
1.0086343691170934
0.9994962200838633
0.9940264002362907