26.017058680544334
29.481097046595497
29.746229254876955
29.98331239735491
29.90783980596092
29.811718839861342
30.091168745789435
29.818301237768253
29.676102175006626
29.5976199885179
29.693155531749774
29.2995506923938
29.396128755372498
29.189104408005434
29.136670707466685
28.955669697212144
28.62911557269122
28.54058036025204
28.468216133353703
28.288758309269454
28.078810745712612
27.892740090766033
27.695996808381544
27.447925963859422
27.25657296552731
27.099686583126182
26.699125389089865
26.42360539066408
26.244772192547494
26.03398484152078
25.58969820052609
25.503433655307735
25.077125899217936
24.891797616963856
24.504926964166046
24.134145740895775
23.97007664955859
23.66358024324814
23.245680868952515
22.851332439368758
22.502674125431056
22.182924827185794
21.862882093117538
21.505544882143433
21.19121889483008
20.96954318161359
20.569568200440887
20.086612000412913
19.758293452791225
19.50325182752432
18.93639175548956
18.75042621232648
18.208140973922315
17.96509345281169
17.564596062686803
17.020393257883704
16.736468513894724
16.45926573312666
16.060660461438964
15.623827799281049
15.209473587112694
14.818575121614584
14.452360736714054
14.135068453475526
13.77115416731679
13.223607791742806
12.747432885077854
12.553255364069603
12.14399594193023
11.608993596415045
11.45818045213793
10.84656431087195
10.654060781871273
10.259582936502785
9.656668775516248
9.513158017730955
9.283873891889566
8.808158800066545
8.304214099377823
7.874868450330264
7.5081608680525855
7.191173007540644
6.968008019334414
6.859562269028925
6.5769609374349365
5.827869917772188
5.424653310927511
5.728773479858359
4.689376973526016
5.030211715594136
4.043979205548618
4.742694890414752
3.1773856601091386
3.6337067677569994
4.666649015146516
3.7677004234444467
2.119933140901684
0.9577983761429202
0.4057584665704563
0.2196978164538211
0.22677463201113437
0.37519290632017016
0.6702848118512775
1.0532932655947962
1.2854166831081875
1.1123392598714763
0.8352216586197746
1.0439440058295189
1.0591370180960114
0.9207889194356252
1.0803082951689147
0.9436277364651734
1.0174528421276667
1.0376676933256728
0.9454817234547157
0.9939539283369626
1.0457840857069067
1.0377824208352977
1.0124059064445727
0.9971058364551246
0.9960092828914184
1.007418153252394
1.0227702226850928
1.0268780132847022
1.0057385675988868
0.9743855693727864
1.0047970706798903
1.0146213701043507
0.9803988213049832
1.0199454759142856
0.9797897505106465
1.0180712525485316
0.9912169140610954
0.9948469797023327
1.0162007776319253
1.0029764359595694
0.9880386485835856
0.9873769347473569
0.9922095019647491
0.9944342895386679
0.9921532837669912
0.9891111581885955
0.9898515977533255
0.9959589065731321
1.0095817129193003
1.0037755627846647
0.9902876685840913
1.0065797946688249
0.997674188101649
1.001508681460976
0.9958792512151367