2.9207765793914353
2.7602449502081456
2.3610108028940746
1.9072160992530434
1.5627015837362657
1.403752563414912
1.4318982050744582
1.6027860123103566
1.8314816745153513
2.0073732886609976
2.0483306599387716
1.9539096569038246
1.7979352836074378
1.6669135565562563
1.6074649513701416
1.619989512611877
1.6781415501334493
1.7454935329206847
1.7907160638508515
1.8065441194054734
1.8138192690397286
1.8354191235532629
1.8641287304660932
1.8640168998063231
1.806705357583159
1.7027410154978213
1.5979258689638656
1.5442251828103104
1.5709336463569408
1.6687642121235613
1.7911438797351253
1.8784983599079144
1.8975787437444243
1.8638450019331927
1.8210913333713783
1.7962312060247667
1.7765996214121298
1.7316444957524646
1.6517681536545934
1.5636732438574055
1.5115329332033594
1.5243323145466454
1.59462455727128
1.6830042934596074
1.7475955005688761
1.7777382041273986
1.799191515940507
1.8400778401206581
1.8916952321100424
1.9112892851497096
1.867746383040272
1.7778053584660272
1.689638077264385
1.6335358643597253
1.5968801509509982
1.5485068997062468
1.4803464177680037
1.4196127144275303
1.4013745594383322
1.432697430633612
1.4857807446373443
1.527697988090707
1.5561556730132866
1.600451530882788
1.6824629719284747
1.782738883688467
1.8579021784971725
1.89254637311719
1.9176852519897887
1.9664968233330486
2.0251456248512754
2.049088926068141
2.025036068667304
1.990287224603173
1.979529284538089
1.9755062831781225
1.9364124685246955
1.8596871473905985
1.7868807069108872
1.7426468304613312
1.7005148676378736
1.626653002197055
1.5332384971541861
1.4595766712506029
1.4121329190643697
1.3574876630623565
1.2773282990819312
1.1972082148057261
1.1447960996620885
1.106509306587017
1.051830995969607
0.9836272355848245
0.9319913600379985
0.9037956647604695
0.8725846784044268
0.8241841969690815
0.7798890940534605
0.7588185341512685
0.7452954398378357
0.7171489459012639
0.684445223107768
0.6706965237688236
0.6707405386182176
0.6606668285554275
0.6413778136561188
0.6364869414898091
0.6485519798394026
0.6545085484262754
0.6489930083958497
0.6544468669771474
0.6784030458403777
0.6988167577685248
0.706289615557847
0.7224160291315849
0.7576564601751955
0.7900443206962475
0.8076887379133875
0.8322636352961047
0.8755124712362428
0.9142907047938994
0.9356635175845299
0.9624690721106628
1.0060100899824753
1.0409441938749193
1.0553888168995063
1.0743635950746893
1.1065925653150135
1.1244027361734523
1.1202539025073595
1.1218012677151326
1.132530329759542
1.1239898230371357
1.0972067604504987
1.0811214372821487
1.070984720356654
1.041322802016237
1.0049925059133722
0.9872403066714819
0.9727004287133895
0.9444197673358296
0.9258704536385863
0.929610991978081
0.9306775056581329
0.9263169631449459
0.9422715401294819
0.9702104300621512
0.984446793996247
0.9992287189418341
1.0295286871330172
1.049109045978776
1.0485500538416965