1.440725247515341
1.6408176771968008
2.1397307385723887
2.4157603850883174
2.1652173048640253
1.8436371425730003
1.8590976238148222
2.1594125814951126
2.3258442806578
2.113204906911809
1.8489174201688783
1.8848105939345827
2.150803871226832
2.269848224468279
2.0969300134451245
1.91747142268134
1.9370883238846592
2.0585541395429123
2.1082964978522925
2.0980932734309574
2.1038096649834164
2.0436776676742494
1.9175544449381217
1.9005610901647316
2.062598839770221
2.197478388908647
2.1172980075235457
1.970671017170982
1.9299201963594297
1.9392194607359712
1.9437643810640404
2.0200065758919807
2.1480392184157706
2.131277038969814
1.974901793001484
1.8878492949603083
1.8918026671092523
1.8915369708704612
1.9357561483864898
2.0716351469829584
2.1320119688238717
2.0408861293312066
1.958580565630173
1.9040116616672405
1.8071656314563997
1.7783381638379503
1.8840417689324231
1.9774142681348867
2.0105698598163366
2.074593203406404
2.07195452377779
1.9465519616317997
1.8548860666746347
1.795147954818044
1.7045922238734335
1.698067079207221
1.7862361990091367
1.8437543334166575
1.919951915357092
2.0354829023307834
2.0490565550827626
2.0213792018526093
2.005244349274943
1.8914630605515477
1.7716172550711866
1.7014676672929778
1.5931354132130164
1.532583873288789
1.5491510222963807
1.550493727028037
1.6083462247502374
1.7215129554930724
1.792055332915015
1.905107809685641
2.0206384341036636
2.068056674191756
2.1528956162825357
2.1856567706791603
2.1691814624938544
2.1836513306269563
2.117487522020826
2.0558986391560787
1.9963529731599141
1.874565387823146
1.7977067732862544
1.684848355016919
1.5660449310231987
1.4821995488733328
1.3550314469624931
1.2698900978294394
1.1762927010893363
1.0769056597336124
1.0158064783611649
0.9253053448810282
0.8704975361867934
0.8117272132987383
0.7521800653304617
0.7221627898285763
0.669872500626517
0.6505334183936627
0.6209665688143684
0.6008728050314704
0.5970530105799132
0.5792887476376772
0.5924374805552816
0.5878788049362553
0.6070134292731599
0.624151561376972
0.6440186052191104
0.6831658225631752
0.7060886290582185
0.759473174292123
0.7917511240924192
0.8476690527942657
0.8933651722205795
0.9413575551346408
0.9971784028453388
1.0311896354874668
1.085646379812003
1.103771457959738
1.1414375326909103
1.1436575219424958
1.1523176375905337
1.139297031211111
1.1162373750977679
1.0910015512797824
1.045408696424922
1.016309563684146
0.9665937203537758
0.9474108128205134
0.9139028725784968
0.9180097302059709
0.9130313240858977
0.9434832638448992
0.9631347656724069
1.0061386406245363
1.0302514785459624
1.0604772489996994
1.0650257516847013
1.0636778995787335
1.040544647127384
1.0136694714581294
0.9811816797076102
0.9584628649705002
0.9469892631842576
0.9544181320898943
0.9739897584567863
1.0039311313193184
1.028416006270235
1.0451901113919804
1.0404443090533164