3.507821406896079
2.763365067804816
1.8814044383281392
1.9939488983833198
2.5238554221090794
2.3985335613733407
2.0134264586155277
2.122118733706277
2.4117585444960787
2.3059460621751153
2.120075747533847
2.1730232395893445
2.266593291599537
2.264033844172228
2.269934302807032
2.178031107130739
2.0974405870294697
2.2539770150185516
2.381294749230605
2.1732176141756834
2.0446190917086073
2.207502544602864
2.297150256896979
2.236918880774721
2.1991659140810627
2.096423417548117
2.0831373094432246
2.2745383377140493
2.3056218661947683
2.141594482401471
2.0924544426915577
2.082159393682145
2.1246930519619265
2.2822972365695806
2.2475277590864717
2.0904392362508992
2.0550749681227547
2.028408532054136
2.1031473025310343
2.2557629069518
2.2051616336984172
2.122012880308057
2.038443253583062
1.9347257464215835
2.0235951810252386
2.126934514487125
2.169797393229423
2.2157430056631005
2.081589223124727
1.974172822090832
1.9169031926911664
1.880304915726671
2.004106475246826
2.0828658980630905
2.1518424050108638
2.173432590397167
2.052419365238145
1.974173325923472
1.8333680435640454
1.7839123207932195
1.8089612790016845
1.8547980949697558
1.9990012165067634
2.059298324303274
2.1430553819289746
2.1211912005900815
2.053500329466087
1.9555486214542783
1.8014589412713526
1.713551139436612
1.5985801844628282
1.5934552883219464
1.5909935486839144
1.6728266532287974
1.7701398296265476
1.8873517327618388
2.0207406365065728
2.1104488541736472
2.215900793662854
2.238339838834216
2.280854944025853
2.2286253056174887
2.2050056970339376
2.094139167964586
2.0211762714984194
1.8769540729856704
1.7777209830131815
1.6238145313702328
1.518565144965608
1.3719304408268571
1.2744665798664676
1.1447436730221139
1.0624726342423336
0.9536771645655933
0.8892820141048738
0.8020679871204148
0.7553991073902993
0.6889928155673627
0.6585531764454895
0.6120659288786854
0.5959644511926874
0.5690834884172433
0.5655607949657965
0.5586807010547523
0.566362807433719
0.5801795254805256
0.5981685372312548
0.632728785055659
0.6605376466670504
0.7138168896248298
0.7510264970552182
0.8173683420729294
0.8627977960921395
0.9319660903427731
0.9822548409570483
1.0402138130396479
1.088224438135466
1.1206158965424426
1.1550064448887483
1.153126861535645
1.161222052306355
1.128125802036753
1.1033719578581225
1.0557675238577975
1.007120270280298
0.969325677185164
0.9240947028390121
0.9150203590667371
0.9054362881041215
0.9261742801044579
0.9616669545509664
0.9936484562316679
1.0427356907562135
1.0601655737336644
1.0725109037514784
1.0618718240646916
1.023971558675363
0.996764974152919
0.9573227592186674
0.9431679899453008
0.9553412558874542
0.972302916318794
1.0144913872792165
1.040610971191764
1.044020852031196
1.0385736723653978
1.0011363980424814
0.9713632881938329
0.9634396725630602
0.9651470338017525
0.9971314546297076