2.3695928109049493
2.4675403523079282
2.8441489400189317
2.817599306764923
2.6238141169141476
2.6102476226016686
2.6764755290973854
2.698861724322229
2.7533778166231095
2.6876883562717957
2.522131104337111
2.608064508699583
2.877584968800627
2.7456994022836443
2.4107950849355593
2.5417264462571674
2.887248146685087
2.7588926901554403
2.4830908979338475
2.5321525362806647
2.6616177314097973
2.6927688594139365
2.7468934282775765
2.6016644664657167
2.394830101305199
2.5554623845631834
2.7937746990044277
2.684779682672237
2.553527581089929
2.4887355747883175
2.422176101113333
2.58899802454407
2.7764170527150127
2.6224882020170117
2.477899983623431
2.420489343834567
2.3724232900000457
2.554480405625716
2.712971528297503
2.6014634109927184
2.5163778392473173
2.364460576017856
2.2579601105693823
2.4199191808392047
2.5351288593827
2.6013872440159935
2.6365084654536313
2.4256992481534736
2.293930731138494
2.222280413393788
2.194902523802276
2.3805740266297897
2.4865403286944012
2.5626482756191336
2.5781372590426765
2.3914547099239467
2.276710264551713
2.1030095202424897
2.0343779651238796
2.1056893587875916
2.1699397863892074
2.370035454371428
2.4596411867164094
2.530886622759078
2.5165624110783034
2.3726566613611606
2.2561847186323316
2.0300423883542362
1.9164466739150956
1.791482530999052
1.7717367497320202
1.8267933587661396
1.9088779696386908
2.094220049739963
2.2188248670182693
2.425092718921067
2.519811429728053
2.654329939620445
2.6747552839773996
2.6972892292692556
2.637122631958893
2.555651637828177
2.435157789413035
2.283565131404427
2.132413762691957
1.9491086860393174
1.7937901858081609
1.6093167406576938
1.4676694143181246
1.3010129998970235
1.1820372260806262
1.0421176914117014
0.9482779691462366
0.8372983106494094
0.7672599340554089
0.6839284991563865
0.6347401170799094
0.5766023381035765
0.5450908349590994
0.5099051138616846
0.4934084804993195
0.47975467339063294
0.47640619213059265
0.483716651421666
0.4924488165594542
0.5205619542877382
0.540910506409103
0.5891724081962847
0.620875214310355
0.6868325841265236
0.7291650387951868
0.8070642977387452
0.8578753477207828
0.9375298125950177
0.9921065616783288
1.0591193017260068
1.1093677501796715
1.1478818997164524
1.1827964679995149
1.1813325328412831
1.1899652583903186
1.1490020251454012
1.1263867280095177
1.0634690939170037
1.0175075608417825
0.9638341338437756
0.9176123301365645
0.9027411363442862
0.8854711935540417
0.9159651531870872
0.9419737677615485
0.9908222661347906
1.0405804359586823
1.0641383223008587
1.0918448229831041
1.069159299789471
1.045317902757529
1.0034348920285787
0.9555062997389806
0.943574162946086
0.9337367064807386
0.9631627701246388
1.0059644687235871
1.032089916937727
1.0620825358957247
1.0464191299996846
1.0143340727471817
0.9853670845111326
0.9496300874643626
0.9571571701153126
0.9861184179857309