2.6076591066541215
4.065135176559287
3.511433979270397
3.8164874309107097
3.660836434681888
3.6761938917773724
3.7853649265144673
3.5526958063960636
3.8792906677850647
3.48586452444792
3.8773949124404012
3.5420917952244273
3.7334066275778195
3.7172626269819067
3.5226406788196223
3.8609114419413104
3.4435824302254874
3.789235372614776
3.585404573921547
3.575372945444214
3.710466472138579
3.5350646138768336
3.5895627329642608
3.6564767438117
3.5077163384016976
3.5461327292930958
3.6697936845039343
3.4042809837183334
3.5609931846667364
3.637656317173857
3.319847476016783
3.56366365202991
3.584409491566129
3.2809441622556195
3.497580314997179
3.5490440189414647
3.284564276155974
3.3658714673975023
3.499868244646922
3.347864732703427
3.2338661188214766
3.3546674587671443
3.4276290424263514
3.2376738522355404
3.1302620821023406
3.331797379702756
3.383264656237537
3.1030800463118235
3.0256588414996055
3.279210312881489
3.323115967595781
3.039119177000491
2.9104657081877527
3.101131586853083
3.2430397341867545
3.1002045618139045
2.8683145596845385
2.8220968401379842
2.9761531904944953
3.1169728710049327
3.0511336513107645
2.809896211729612
2.624734783211461
2.6814472819768045
2.9102030145743516
3.054826152373991
2.942047018184364
2.6484845489327906
2.4076925222079852
2.389688513104427
2.5763754034482025
2.8106264905659257
2.929540244536786
2.8610385526115327
2.637786529243403
2.3554601541795934
2.1199816303156327
2.0090638489777533
2.053175608657719
2.233533336197863
2.4938919211203054
2.7613510369879486
2.9688519586538975
3.0717871103938723
3.0543981452492415
2.9264142471618797
2.7138567908946927
2.448746760889505
2.1611069664696507
1.8745512270921376
1.6050775760371307
1.3619012014602017
1.1491451571942726
0.9675771777976937
0.8160061121307521
0.6922565991024114
0.5937920646523117
0.5180946546362989
0.4628925497404313
0.42629164896309535
0.4068402668426587
0.40353743046234986
0.4157855605577513
0.44328336455629835
0.4858526481334827
0.5431935358377631
0.6145680624458038
0.6984249487951374
0.7920010979623965
0.8909686200029437
0.9892366414239332
1.079054674826306
1.1515799367379271
1.1980372409534685
1.2114868557254899
1.1890044530378285
1.133784033879323
1.0563762957082827
0.97412296352546
0.9080457569689854
0.8771677536036286
0.8914734697246448
0.9460941923465613
1.0200766612756644
1.082309759640165
1.1042948837854227
1.0750836887512343
1.010140063976542
0.9463623704703898
0.9221019207074677
0.9518011753730036
1.0128168718854786
1.0583412151561284
1.0524930632523977
1.002073172760812
0.954497857403159
0.9560697686066175
1.0048290780715272
1.04797977178248
1.0362391284948151
0.9821918486279013
0.9510488607145723
0.9826350208514786
1.0364226838730846
1.040170587988396
0.9895780236651242
0.9586338465800922
0.9918513835021723
1.0340481218046116
1.0173586576509683
0.9745686828522832