2.2549568825640165
3.5497874850535642
3.5818089018995103
3.089248663608633
3.8205526051129413
3.0725743372210292
3.6106075047937165
3.397652368357878
3.233470035022821
3.6623053080454313
3.169146904167045
3.5071603789246106
3.3965767720635407
3.326972566579297
3.3619942087988637
3.5133669689138056
3.15707524420044
3.5112310740881196
3.3444765654164224
3.243935198576741
3.3989820914427185
3.41218476431203
3.149102785027621
3.412376486654575
3.3531836599593734
3.196882231893402
3.246931311655188
3.4521510188277182
3.1286958380372716
3.213733787338289
3.3146313190431895
3.3107404376660385
3.0286267129174895
3.2534293539830337
3.309852824040552
3.133742180665191
3.0369211112163006
3.1891989120019186
3.3070080174040113
3.009962457630518
2.999420675516393
3.125144116969497
3.2273957201441736
3.0455355228195167
2.846198963872067
3.0392908191496586
3.1429299649898503
3.0775430957905403
2.863002912402158
2.7695135812907847
3.0044366367711586
3.090787506076793
2.9611930524028574
2.771161839158988
2.6480494262130705
2.8224322521658873
3.0147941246373158
2.950910968879321
2.774733181701177
2.569200698652103
2.503992127603385
2.6993853366516696
2.887396271274503
2.8896458599532213
2.764323436954955
2.5263134100328015
2.30887568660634
2.314383691635518
2.485688778164583
2.6641138608544033
2.80343977569328
2.826193150127446
2.6508536287122695
2.3716758620296456
2.1392907208377943
1.9906875424183281
1.9384511246956093
2.0340906163533896
2.2579880237622603
2.504417107429003
2.7075893248788465
2.8696062361143753
2.9732128541758174
2.969085506559736
2.850002793951839
2.6658886031216538
2.458946726008151
2.2296157384955526
1.972085339139347
1.7078924232331858
1.4694371398144321
1.2681642289353283
1.0929883215995437
0.9329944785890397
0.7910238105614599
0.6762694121562502
0.5913558572250117
0.5296754864458872
0.48244389667828763
0.44567934284785726
0.4211356542257035
0.4126383468651737
0.42213461521401846
0.4481639906766761
0.48699341969930593
0.5351884658552177
0.5918042517733543
0.6585697646993569
0.7376566525555858
0.8284144344162998
0.9254346119166441
1.0194439426867385
1.1003925802777765
1.1605153919060314
1.195477762383959
1.2035917023612168
1.184755989156682
1.140765940295293
1.0770606761140107
1.0042925471264978
0.9377479662158428
0.8938393686188145
0.8846569166585918
0.9127600129216775
0.9685365696270993
1.0317826852901302
1.0779454447550532
1.0877362434149187
1.0566990942484156
0.9997509709180926
0.9463888296352917
0.9263456299866656
0.9518766606955584
1.0076372314489295
1.0574334232408187
1.0672573500566218
1.030763316738012
0.9770804422706937
0.9503629023325699
0.9731395319199351
1.0240828100871964
1.0545596674111044
1.0346382448768396
0.9855220918903351
0.9604479168401023
0.9870665828584166
1.0333383715498783
1.0426804870687523
1.0039813106638846
0.9688053496872153
0.984711126935608