1.2434472148659987
1.6618945551732511
2.6311256356177073
3.0847393918935997
2.6058521779310744
2.1190218897850626
2.204842673570666
2.626093278373012
2.757572993440312
2.486040488868406
2.2924818217800293
2.353725092375582
2.4967821900152565
2.528135871129114
2.5216009680056266
2.5223222765476283
2.3997754121945434
2.2658462896911584
2.3522038184290013
2.616935763157515
2.66697716484266
2.3968612724253004
2.2076940629563864
2.3060724913002653
2.4746945230479365
2.5071512989861104
2.5122285374823705
2.505508796771056
2.3377971482293103
2.1701334943255013
2.258946617352901
2.484573819773469
2.5381136037449408
2.4684870639791785
2.43016200614146
2.3043346100923836
2.137744756580689
2.1752407421917765
2.368070222036882
2.4522867480125505
2.46132894084434
2.489660606669573
2.3619203945287937
2.1478096173870433
2.097692271638014
2.1420430581419985
2.170094637092696
2.303692944051173
2.472877731011105
2.4552065057630887
2.384563092152211
2.3247553661482008
2.138485183131339
1.9897606056573425
1.9878409282763239
1.986702804095974
2.0417476284403127
2.223836555889567
2.3294332466978096
2.3794561061504194
2.4600118950329146
2.385704628154347
2.256022262878636
2.163966682351181
1.9754174452641542
1.8331499040261166
1.7799376158849718
1.7025585148744793
1.726183986855032
1.8289056064831084
1.898593490475962
2.059496298161788
2.2188587943025464
2.314703614568708
2.4755371864996984
2.5403989121846733
2.5745159926955643
2.6257202727902764
2.5524475779897124
2.5192163663565807
2.43049501866002
2.2892539635494833
2.2002297173918537
2.024397511916435
1.8951346600936296
1.7546727936172462
1.5863227929108579
1.4797643964686944
1.3218043794648369
1.215282813564807
1.1047780143270032
0.9896817361269252
0.9209313185749711
0.8183480316730678
0.7650898357961085
0.6960290366311117
0.6426342053335592
0.6090408190836364
0.5587658609983576
0.5479105682057328
0.5126787940369977
0.5105187036866572
0.4993541317298992
0.49899588672776335
0.5134603795917958
0.5161572377161318
0.551409333047201
0.5634903276225072
0.611335131535583
0.639985541747874
0.6919743640255339
0.7410947230373316
0.7908735560487123
0.857956354783769
0.9020889437710952
0.9773135650310175
1.0141548242485916
1.0824040848536713
1.1098412198313141
1.155136616157254
1.1692182955441852
1.180088224304727
1.1764372661984583
1.1505225085143918
1.1285848000601997
1.0750079901590932
1.0425456953629282
0.9806462972624446
0.9542300925351763
0.9074346839825952
0.9058311582850531
0.8909744850334771
0.9229313257120919
0.9391609955270399
0.9933345903655075
1.0189084751020794
1.0665354763545314
1.0709252356462053
1.0853703464352125
1.0534400859501412
1.0348355403444645
0.9841004013677006
0.964448024070565
0.9329869268801009
0.9473660953859757
0.9545582585404381
1.0007425778401586
1.0208464809736566
1.0565661852441994
1.0462750463383836
1.0406380722320776