3.4923255092425065
5.661680970715313
5.57143841190349
4.897239434033822
4.827601836209323
5.348683950197039
5.4232343183093406
5.014123391651194
5.009758535693719
5.1815661910207105
5.037449577061516
5.1331945222559945
5.3381041796239845
5.036557731751633
4.979841035945478
5.117807132731154
4.887746913800849
5.051411512262495
5.14311178588034
4.952215623115362
5.182233078868035
4.971281905866997
4.979753863542368
5.017083551647235
4.792666955134646
4.9953230831389375
4.722379283477661
4.91425126209497
4.7222648630789195
4.817769844751985
4.729037458274145
4.732398944314334
4.712631171331319
4.665629559814054
4.667234176183156
4.620488510274808
4.595437709061783
4.603368195198827
4.503546600933955
4.616916841577609
4.40743737274278
4.63470369859745
4.340570040620108
4.578334316571203
4.342053607542082
4.37252257859177
4.395635299017385
4.120119147711426
4.364788600865626
4.115769363010081
4.136401592920603
4.302991582957562
3.9640378140854162
4.098214259908678
4.109111433155806
3.7812968314140103
3.993169962218409
4.048401036955927
3.684175530297382
3.77876671262962
3.9391897132184837
3.6294439888207557
3.529266899549311
3.7875815077882913
3.693868736331295
3.343896601273685
3.379370523246421
3.641059355426243
3.5475959317442736
3.1785572048269857
3.063414533684921
3.3225071846773084
3.516715606872187
3.267955131385596
2.8342259355944135
2.7289807935721524
2.9844622664270255
3.268313982116634
3.3194325097142294
2.99568552128813
2.534693673591063
2.2605517642848825
2.253193801083177
2.5426329250653024
2.947738110818896
3.2639192195525504
3.444018234768521
3.357002683334577
3.132974917651225
2.7438817374044677
2.3342907643728474
1.9017934957150175
1.5254930362141892
1.1938252552109845
0.9336956471751694
0.7251407591408962
0.5760180829618311
0.46337880503048845
0.3964808116214241
0.3506116770132204
0.34371866739880846
0.34886811136550655
0.3917884186298823
0.44490179884684644
0.5335637053059985
0.6353812148020834
0.7590711950380533
0.8964248179556482
1.0213995776105218
1.1454196682335869
1.2106608379789012
1.2416495734565378
1.198091361611477
1.1034929204220443
0.995943477587219
0.8922765717193991
0.8641623028602258
0.9122273337553567
1.0007861455170697
1.0928830565802736
1.1061220295323555
1.0300958258338953
0.9463967069352099
0.9206065866612482
0.9761129802410078
1.0602737494243535
1.0674525077039898
0.9841472445553661
0.9330788404096814
0.9881359218352831
1.0572305106428743
1.026426630822947
0.9545397783908555
0.9728158113496309
1.0435328714206404
1.0231455956308895
0.9563420515477414
0.9887759241779208
1.044979048443125
0.9949208198520051
0.9658403892223223
1.0243962332475012
1.008880300327525
0.9684042480206035
1.0237140191866838
1.0143332510946703
0.9698840776641915
1.0197040534603943
0.9974814259626136
0.9770592954940334
1.0271442490902887