2.4885362495460845
4.686307594486565
3.5497794327547947
4.442547599548295
3.709031190288336
4.264785539924526
3.8622608709840063
4.102354440804978
3.9700494151848957
4.022766751608762
3.965961989110878
4.06216680236537
3.8727267618922534
4.121566101592734
3.848545495586061
4.028422119336384
3.9980219625482163
3.812483250835388
4.134482648088174
3.7480365696677618
4.034940728901577
3.8728200562719803
3.8786979503407593
3.9184348445555495
3.825364051761965
3.9392641836211415
3.7261698630481837
3.9334353882594617
3.8234602614077247
3.66360660226327
3.966250586169831
3.702023279068174
3.662261206622445
3.8949656027706765
3.6366426095533955
3.6666165786780924
3.7798753603548385
3.5725482417798706
3.668628313819898
3.710536257298686
3.468057512994577
3.5932613491798064
3.72577594287164
3.432686756402925
3.3941454679013123
3.6552287577045965
3.5337254060458814
3.2832814781936395
3.420779879602438
3.54318317125319
3.32509509585827
3.2188782774552736
3.4096392982993926
3.4347943694216143
3.1660264210609483
3.0615814176003306
3.2825197903963725
3.408674574717541
3.1823995511745746
2.916382338562175
2.965929539058889
3.202194423107506
3.2448811268684365
3.004457180122131
2.7658496456303685
2.7931161265258924
3.018599221597302
3.153691522813812
3.018153581002239
2.70802567135325
2.4751218313374093
2.4898075598925664
2.7139766569243364
2.95839067909003
3.0364060990140316
2.8834889045406005
2.575303455999445
2.2621960396994734
2.0807965098715764
2.0950079417369896
2.285050261255162
2.573486035469385
2.8649085492887285
3.079392796111129
3.170217974968442
3.126009946549493
2.962719025742836
2.711782985989102
2.409188766926377
2.0877819061442056
1.7732326261652618
1.4829521718303098
1.2268768819049114
1.009126557960641
0.8298310550372702
0.6867258594102357
0.5763580786656065
0.49489846998008546
0.4386358235479323
0.40425934421311915
0.3890305092966082
0.3909173230063977
0.40871367968593797
0.4420987929963852
0.4915223086320265
0.5577652549724633
0.6410755904971188
0.7399480027015827
0.8498896779720355
0.962764173962224
1.0673248094163554
1.1511622834537123
1.203562923778965
1.2181392168995653
1.1941755248806918
1.1366528264146116
1.0561004316750986
0.9692209518132785
0.8989004286991238
0.8696887277678407
0.8962665962688082
0.969695261928429
1.053920100733585
1.102404349271616
1.088258825153188
1.0245563913140272
0.9556316730255398
0.9257933008628517
0.9511602098470224
1.0115654590769483
1.0612061246181026
1.0564508762835978
0.9968966912518054
0.9420082931176323
0.9562944155028849
1.0240443195223423
1.0572661911525958
1.0138552261447773
0.9588919735246897
0.9676963014064608
1.0196284446434878
1.038336875244519
1.000145839782492
0.9634417224324838
0.9889405081812811
1.0363222702921526
1.0152041709833606
0.9637576289378248
0.9901012782026681
1.0365733749695618
1.0007582680203027