6.635487181032933
3.593322947388962
4.892469432324758
4.198955896224235
4.245990240461575
4.659930399898865
4.07199363610988
4.542115736834357
4.297034881385475
4.361038481501782
4.276953604971325
4.471054714024028
4.220912171044887
4.30790843847587
4.427128291013278
4.205883291692497
4.302923929354638
4.302702919730204
4.331261891731903
4.143833983775719
4.303147537838563
4.280339097300175
4.193535313999278
4.183246309671838
4.163053244545447
4.322673064494752
4.033118095341903
4.22428146570804
4.006703154509714
4.265325243514447
4.065369383124489
4.026240127120893
4.101669066144231
3.920634796246781
4.189807902911151
3.948901534429531
3.9402054861676916
4.0211741541601596
3.771822183726773
4.009079589746255
3.9514598935751777
3.7592046527461904
3.967621037652316
3.7744409023913414
3.6335005946436714
3.8751078743621235
3.71867230965698
3.581646108340687
3.8293126362489045
3.7311402734291637
3.4746143669317564
3.642827469560482
3.7096441368180613
3.404036343769091
3.359876258517569
3.5961543113889176
3.505730565778947
3.2101324987329054
3.261293226929234
3.4998506529073636
3.4082872848242447
3.095795607980273
3.0581813288817448
3.305978328588193
3.3867943198675756
3.122050382589759
2.843272441684633
2.883718413210916
3.142072394122516
3.254705263505591
3.047936408916194
2.7045355678316003
2.5332206017523777
2.6601549567213127
2.944113287726718
3.13045087913039
3.0587273491509204
2.757446586400436
2.393853433153602
2.152280325200516
2.1335677277643503
2.3250605835545537
2.6345065333918067
2.947796071957196
3.17231524733603
3.253288346111295
3.1738684202878993
2.952006059386434
2.6339702695780254
2.277708027768836
1.9295178654102523
1.6102973731315928
1.3225164458699297
1.0682768120612607
0.8571912016400938
0.6965820057758877
0.5798722261632216
0.4915606279983727
0.42379883785017886
0.381590752901843
0.3689171679008754
0.3776440217106698
0.39849269615708455
0.4364647161967651
0.5015293573900673
0.5879954472522588
0.681979983185784
0.7857276867783736
0.9071623486354691
1.0287555825646835
1.122957741640761
1.1890221449369582
1.2293387307969155
1.217877536729852
1.147550330073806
1.0562242504539812
0.9665372575626284
0.8882315693759948
0.8663295262378828
0.9157776172414173
0.9916201653247104
1.068116415186253
1.1094318326021193
1.0676987315363053
0.9880855211700863
0.9326420072053548
0.9259481560510733
0.9938748870560603
1.0627192667643521
1.0578358919652873
1.0045065708647525
0.9421108784964255
0.9586722069308714
1.0292533640242933
1.0496684724453293
1.0096405353624356
0.949903766184005
0.9802311950486798
1.036888709179131
1.0291427833183089
0.9732123590905837
0.967300357940463
1.0305869375542156
1.0231522010095269
0.9760441745650908
0.9772745827631509
1.0357611511035043
1.0031663929159191
0.9720614064688624
1.0057103620186454
1.0285617622183745