1.3360651160349526
1.3360530098083563
1.3360166852156465
1.3359561245232896
1.3358712981928345
1.3357621649070746
1.3356286716066885
1.3354707535373591
1.335288334307412
1.3350813259559526
1.3348496290315597
1.3345931326815332
1.3343117147517343
1.3340052418970414
1.3336735697024582
1.3333165428149025
1.3329339950857115
1.3325257497239091
1.3320916194602614
1.3316314067221742
1.3311449038194694
1.3306318931410772
1.3300921473627054
1.3295254296655117
1.3289314939658357
1.3283100851560323
1.3276609393564531
1.3269837841786156
1.3262783389996047
1.325544315247752
1.3247814166996308
1.3239893397883953
1.323167773923519
1.322316401821941
1.3214348998506695
1.3205229383808523
1.3195801821533464
1.3186062906557927
1.3176009185112172
1.3165637158781518
1.3154943288622856
1.3143923999396334
1.3132575683912013
1.312089470749143
1.3108877412543558
1.3096520123254944
1.3083819150393452
1.3070770796225004
1.3057371359542782
1.3043617140807837
1.3029504447400502
1.3015029598981287
1.3000188932960328
1.298497881007396
1.2969395620067077
1.29534357874796
1.2937095777535468
1.2920372102132198
1.2903261325928976
1.2885760072531116
1.2867865030768502
1.2849572961065454
1.2830880701899303
1.2811785176344739
1.2792283398700826
1.277237248119738
1.275204964077719
1.2731312205950325
1.2710157623716667
1.2688583466552408
1.2666587439456214
1.2644167387050405
1.2621321300732362
1.2598047325870996
1.2574343769043033
1.2550209105303587
1.2525641985485134
1.2500641358039648
1.2475206016068225
1.2449335298453315
1.242302863247932
1.2396285657909025
1.2369106234317326
1.2341490448405743
1.2313438621289774
1.228495131575118
1.2256029343446608
1.222667377206414
1.2196885932418753
1.2166667425477644
1.2136020129306033
1.210494620592378
1.2073448108063012
1.2041528585816574
1.2009190693167067
1.1976437794385748
1.194327357029067
1.1909702024352922
1.1875727488639802
1.1841354629583474
1.180658845356354
1.1771434312291664
1.1735897907986357
1.1699985298325728
1.166370290116593
1.162705749901298
1.1590056243235258
1.1552706658004157
1.1515016643950138
1.1476994481521354
1.1438648834031857
1.1399988750386756
1.1361023667471013
1.1321763412189279
1.1282218203143521
1.1242398651935825
1.1202315764083266
1.1161980939532348
1.1121405972760072
1.108060305244939
1.1039584760726393
1.0998364071947218
1.095695435102262
1.0915369351268367
1.0873623211770098
1.0831730454251272
1.0789705979433373
1.0747565062877875
1.0705323350299636
1.0662996852342093
1.0620601938804872
1.057815533231496
1.0535674101433032
1.0493175653187268
1.0450677725027226
1.040819837619132
1.0365755978481763
1.032336920644171
1.0281057026930036
1.023883868808974
1.0196733707707062
1.0154761860958825
1.0112943167546735
1.0071297878217995
1.0029846460672527
0.9988609584858267
0.99476081076566
0.9906863056961374
0.9866395615155755
0.9826227101992291
0.9786378956882762