2.936904179694282
2.9357969680860703
2.9324786141481876
2.9269589488216172
2.919254317979645
2.9093875240108376
2.897387744286002
2.88329042675925
2.8671371630240827
2.8489755392151657
2.828858965216012
2.8068464827009434
2.7830025526071562
2.757396822699074
2.7301038759521417
2.701202960547049
2.6707777023277792
2.638915800637749
2.605708708507738
2.5712512982270077
2.535641513385113
2.4989800085261873
2.4613697776099697
2.4229157725243757
2.3837245129431293
2.343903688868277
2.3035617572420413
2.262807463953282
2.2217497157122716
2.1804967399552435
2.139155959630636
2.097833509984437
2.0566338308400125
2.0156592636710604
1.9750096551121448
1.934781968569048
1.8950699056042242
1.855963538781613
1.8175489576586579
1.7799079296114366
1.7431175771714151
1.7072500137189037
1.67237231082267
1.6385458380899622
1.6058262402925159
1.5742634253204681
1.543900946301925
1.5147759823441143
1.4869194332215077
1.4603557223492973
1.4351025065651406
1.4111707708631003
1.3885650369607214
1.3672830078000375
1.347315871762387
1.3286483421461341
1.3112587894953973
1.2951194095088099
1.2801963750711731
1.2664502776198487
1.2538361013045312
1.242303726800021
1.231798223776106
1.2222602235020013
1.213626321927914
1.2058295115333262
1.1987996399679606
1.1924638932461369
1.1867473009904275
1.181573260958671
1.1768640798321104
1.1725415269944406
1.1685273977949397
1.1647440825665927
1.1611151374655655
1.1575658530147683
1.1540238160749707
1.150419460835406
1.1466866043153545
1.1427629618021857
1.1385906376228545
1.1341165866580543
1.1292930420637053
1.1240779047659462
1.1184350904452407
1.112334829924579
1.1057539191271877
1.0986759150716188
1.0910912747266477
1.0829974339548274
1.0743988242306441
1.0653068253252898
1.0557396527025769
1.0457221789661457
1.035285689332815
1.0244675717757035
1.0133109431780027
1.0018642135574385
0.9901805911552436
0.9783175293937023
0.9663361348761121
0.9543005051966866
0.9422770487848938
0.9303337549871157
0.9185394599175495
0.9069631082273417
0.8956727505883375
0.8847351831513361
0.8742147545779547
0.8641728501023681
0.8546670381636808
0.8457504120002725
0.8374709174818141
0.829870726141438
0.8229857545269077
0.8168450878859246
0.8114706411926429
0.8068768270476462
0.8030703291356945
0.8000499714793065
0.7978066876288211
0.7963235927272979
0.7955761600889478
0.79553250254659
0.796153743864578
0.7973945584394676
0.799203673226012
0.8015245944803369
0.8042963514665588
0.8074543282762808
0.8109311603305783
0.8146576840709585
0.8185639271430949
0.8225801253183086
0.8266377515077377
0.830670541526293
0.8346155007796122
0.8384138757965021
0.8420120745283004
0.8453625195982091
0.84842441921722
0.8511644412937551
0.8535572773518959
0.8555860842335101
0.8572427931828674
0.8585282777833193
0.8594523743136919
0.8600337503912515
0.8602996202371361
0.8602853075028665
0.8600336592919959