3.6511972682050073
5.797813537697936
6.149121773397453
5.975231457887013
5.554112591849455
5.292498449822792
5.383563733711023
5.61779594233295
5.647943085695595
5.493972789243187
5.515284949748777
5.739327496890553
5.748703807571005
5.516770234668123
5.518349270397713
5.689230220526196
5.546508819582255
5.381851692653927
5.560340746930534
5.531865794831199
5.322524607807575
5.4934667755469775
5.480906220667497
5.2827993107540205
5.485768478697915
5.371328154078793
5.263383560527415
5.440343650267759
5.16620047882394
5.272207855938901
5.18774177411706
5.048946456994963
5.206027768987463
4.956621610087506
5.209886018339333
4.967063218948815
5.14487201148143
4.912116085915855
4.987069078220314
4.8192765928688095
4.924898096378645
4.804709470078014
4.90563568782023
4.66731122321375
4.808342237810543
4.5494150651316865
4.822983551538407
4.475080928450423
4.660011431067947
4.448281163093397
4.491565140577859
4.54330994404169
4.21140497381093
4.50523846716125
4.25530356585645
4.176742428848875
4.368695714949607
4.029166899328076
4.114353279738059
4.212082403807513
3.8579077220079556
3.953584745492
4.106687566969469
3.7305914713753627
3.682447376102173
3.9946749496765843
3.7287844739167437
3.404255560485106
3.634814785919891
3.794054765301885
3.492449540207757
3.1361108159008872
3.3377489711659156
3.6114100975950665
3.478304238007923
3.0132213044617027
2.8029362263435167
3.02984102367674
3.376861044527078
3.4081446104170543
3.0591791201792216
2.5583768495726953
2.292181769885384
2.3530481472463234
2.732848121604848
3.1396835484862273
3.462616632068996
3.5209851837647497
3.342181574914399
3.0073224760379786
2.5391353647691504
2.080851776335811
1.6512620235127666
1.2669723163681792
0.9766463593826413
0.7469104221773996
0.5701197540468045
0.4573898351114016
0.3830912681634704
0.33615690045849267
0.3262476517802966
0.3468979185861673
0.3860967742133994
0.4512686577254211
0.5507799128898678
0.6709794109912167
0.8004504318875201
0.9437358068881219
1.086428687947313
1.1906317273107871
1.2358270503869344
1.222666784333814
1.1500012233580141
1.0305591508491798
0.9126256160889098
0.8568109767916586
0.893810573509337
0.9984033934684617
1.0948080218707363
1.107022736614295
1.0267196704211297
0.9313557849888832
0.9183421947758832
1.0006068630405107
1.0769034131591957
1.048316187621897
0.959492512438584
0.9461480415869988
1.0239318008894212
1.0523125238555833
0.9791388134648631
0.9476071570414496
1.0192033843062898
1.038050698243858
0.966494708705649
0.9769842824909958
1.0411264096922523
0.995923756710235
0.9667203565253145
1.0314508484652567
1.0032900010282113
0.9689912652103849
1.028870581004356
0.9922917707246274
0.9787513853575649
1.0269312737807954
0.9732695535835861
1.0042333921759568
1.0081783517212375
0.9780006827423924
1.0270721732540098