12.280954170584764
9.09627108811839
9.147758961491132
9.504120815676421
9.08642233738923
9.269358192889165
9.36435180367995
9.123811742153729
9.158412986829363
9.324797626546664
9.20360544858759
8.933290948405864
9.271457177419718
9.160373235624485
9.089138628615
8.955166231512969
8.881317799023725
9.116234882502766
9.092970939723124
8.900375433290645
8.852214393364218
8.76335565855415
8.625527292845604
8.633116761356602
8.721980498161882
8.720735147432885
8.640798655460172
8.588528438192176
8.587209682206527
8.581237572913832
8.52767528606888
8.431340651675756
8.318412495070904
8.205700359253523
8.094469247649029
7.982527241466529
7.878642636058495
7.80677221161663
7.791819663391255
7.82775100241348
7.851713662676606
7.77136512080142
7.565463107239827
7.364478847370641
7.337509121180162
7.421187956184759
7.326767027916265
7.03572398460033
6.952869428382397
7.102037431437783
6.951777961396934
6.684265107109212
6.820769313065248
6.7064079670446715
6.3591563706456045
6.56020161430164
6.354814625027591
6.1815773967776675
6.311063856172171
5.871950469721942
6.149117739967772
5.741096511213925
5.86112132124966
5.582566953673356
5.670178650306067
5.34537059771068
5.509030961834687
5.08477701092522
5.366765213280054
4.825741653839343
5.136407135595581
4.768838719151348
4.627158580428973
4.8970615316015484
4.260126267729775
4.439528634633074
4.586848693233279
3.9146784314309104
3.9831444962943863
4.388956243959568
3.854499200872869
3.3348012360683135
3.6584855961162503
4.089929603808491
3.7164615677030652
2.9148939309667656
2.61566185406723
3.017779019020534
3.677140485095373
4.079531214651595
3.964708421766943
3.410873415035644
2.671250507763094
1.9555995282606065
1.3619544197146558
0.9157250413316367
0.6086180780777728
0.4160346333599109
0.3091845287637874
0.26485315557375194
0.26906132897068935
0.3156693661568231
0.40332286201219286
0.5320505686455184
0.6987105233719755
0.8906642016878542
1.079458328346546
1.2199233051632623
1.2625528904093861
1.1832378660426772
1.0188633449325153
0.8741115380590436
0.86107809485427
0.9880523225249701
1.1123499308800657
1.0783787505769853
0.9388073883521211
0.9160217633206299
1.0421017120301692
1.0687603421820364
0.950713508155118
0.9660403690656917
1.0690441759911677
0.9886243801247683
0.9541614128774465
1.051937325020065
0.9779724622028315
0.9882125776666951
1.0408663441697912
0.9528622224842824
1.0360894349096121
0.9810615951833772
1.0091826185162134
0.9977124562598437
0.997086828026289
1.008497659912198
0.9909542257225402
1.0057232012731785
1.0025767145338276
0.9879209105702064
1.021911386581744
0.9723678065559355
1.027517735215311
0.982491303904513
1.0003476795074158
1.017145655841361
0.9781704723238669
1.0082563625414187
1.0138758365054736
0.9803202331721061
1.0008780172162044