13.206027172712737
11.802861399795404
11.908663452629996
11.902168853812615
11.70422918447073
11.993098394621589
12.208750000189301
11.813731479086613
11.887058179522185
11.850274373136388
11.574846874639565
11.81422411821433
11.505349411376182
11.708980348829455
11.477138547482888
11.61800454676
11.40941590643714
11.580723278539702
11.336175742344356
11.572704271058896
11.314900405086945
11.400447376501534
11.302269916281666
11.014025993889005
11.15409743265741
11.065907616865566
10.898770173063543
10.959589299679621
10.868637790799795
10.66094810737489
10.59791446406105
10.59705745230778
10.590669934681804
10.474936864499744
10.189736529453183
10.090050281609408
10.065542736201344
10.000809470838727
10.041421920920829
9.907657732717972
9.878832635930644
9.710585422826524
9.654106763788652
9.48611987605166
9.439754519036246
9.27704420093486
9.215785799147808
9.056589465592756
8.882545935664687
8.71155806878127
8.446616683573609
8.300393115330031
8.282363041477558
8.281806862937392
8.217412922463689
7.970130901495914
7.669305665070011
7.640530340032039
7.710467724455753
7.413117205124885
7.135880584509173
7.303103869458543
7.069854645083743
6.689541629094034
6.91231239100058
6.49786203181643
6.421881553295001
6.442593390765137
5.987565567644021
6.260310452109042
5.654806356260507
6.002906614942737
5.353257917569996
5.7052396950354325
5.13001837797096
5.268132158922586
5.140015371239784
4.639831448253081
5.128730852849251
4.442771436474763
4.267532210035211
4.764970187214665
4.106043943980034
3.608317813714259
4.181933026120345
4.3304767816569365
3.479118433880839
2.7948396103813127
3.104690183094237
3.930457136201236
4.370675334155367
4.134917749217816
3.375258789276874
2.4595500949232347
1.6538930940467078
1.0461217203853854
0.650459212505378
0.4094045680410427
0.28365240747233467
0.23696182999008755
0.2452335974865541
0.3111466559124709
0.41985189932661404
0.5874494583591069
0.7942942161373945
1.0142744974978533
1.205454967056192
1.274138753964194
1.1983418720705459
1.0130100706175091
0.8543406257071603
0.8818559616863539
1.055808079247609
1.1274482873237277
0.9894348793809205
0.8991424202570282
1.0285241868042392
1.078722726751286
0.9415464498412599
0.9871498252649678
1.0616626611188098
0.941388645192508
1.0178818068953646
1.016784544785367
0.9603468301669803
1.0484923814759037
0.9541435358608348
1.0442825616424143
0.9609151207701214
1.038168846286203
0.9618722218603151
1.034539125932877
0.9657232293372159
1.0195711338107818
0.9947879756523256
0.9860065110021478
1.0310444289935785
0.9794657544700186
0.9958830972300777
1.0221172139844326
0.985278967454757
0.9876743286806939
1.0189605985000982
1.0097287525684202
0.9849267011721676
0.9849402346975525
1.004718831790722
1.0210287865557404
1.0114216910751088
0.9937443847940676
0.9868906619871899