10.64918912090834
11.167416130208226
10.87763444163598
10.84537398638665
11.290350258070877
10.655585555059147
10.951809119488837
10.987241104882454
10.988912559078804
10.772306778839447
10.77659785970226
10.761370564304507
10.958849650454283
10.719872698582158
10.890859192538628
10.54921845379631
10.615444477086587
10.59548682630307
10.361377226150353
10.52959284170218
10.46905272119926
10.242556623250309
10.326787672207011
10.372626006437043
10.15488903441114
10.002050887560403
10.063719216973503
10.130262821842468
10.048947649135181
9.886566418867856
9.759025993076659
9.692524733959484
9.652774581480367
9.626296803810808
9.62118608871991
9.601055780478323
9.49975594439605
9.348417883466896
9.263816737524934
9.22211297655676
9.100995347088322
8.992823737375396
8.965974955903901
8.837744119588463
8.691685989469482
8.571051803298493
8.317788206438335
8.178221314831564
8.069989198632896
8.09100412679793
8.12416246368574
7.958962609025534
7.677792487528238
7.495518346392575
7.598407465275197
7.560799941336224
7.1738995077329095
7.105571921635137
7.211772600580178
6.8927731875466645
6.715989333831155
6.865485045421166
6.437239204152905
6.504857941092139
6.369203756949185
6.060196909805676
6.2808613577431
5.7316805212886806
6.0331703425516485
5.452504675984131
5.818370126264243
5.215496600210212
5.503254097377935
5.058514361747209
4.9987424269349185
5.1197950794162645
4.462655458276041
4.908712291143863
4.589060547588389
4.048100958507496
4.563149741868748
4.369667915166941
3.5770524103896535
3.762595936417405
4.303775649640858
3.915238400463015
3.0141632667742497
2.7399725015387615
3.3031792792180115
4.0332328128623915
4.286153215677369
3.9110193148423242
3.134298903412119
2.273802202027369
1.5423501022715644
1.0025105615968164
0.6348005893415334
0.40956897224436806
0.2935151862213654
0.24646990254187076
0.2513219549821836
0.3109488777163658
0.41514371183895593
0.5637300327774862
0.7637968723985308
0.9761543479668514
1.1630352140073272
1.2728876499424144
1.2304446452109052
1.0752012313428225
0.8952857988241634
0.8503856235040337
0.9790793101138574
1.1178095606259757
1.0729205103402821
0.9233708163171588
0.9399285735625734
1.0799349886116631
1.024246208697937
0.9283781573931952
1.031076394741848
1.0358061215937016
0.9420742121870763
1.0412598410447302
0.9939851304045085
0.9791993828573983
1.0401123657469973
0.9527780222695672
1.045604982667727
0.963560565030805
1.0349634150743932
0.9633607533644016
1.0339696428487992
0.968337551858886
1.0348727381678282
0.9760178695235183
1.0107788699174798
1.004327844083603
0.9748959760115704
1.0240783296018887
0.9886118555687103
0.9847375031521239
1.0231419301728666
0.9974327298274074
0.9788435060388038
1.008710254714417
1.0176090800519202
0.9912415441237679
0.9786647379932026
0.9952812813363983
1.0143476975239845