22.50989591345201
17.935593624182793
18.094961977719
18.43865469555567
17.943341283871643
18.087226892029847
18.373372234531672
17.896037340128952
17.992412095599427
17.92241267978203
18.036365036594468
18.10461386215637
17.786879497118523
17.559997011738567
17.57370615762259
17.56128573901023
17.43156677731562
17.283128781319117
17.179929671380425
17.10666395457647
17.034090705497864
16.96138351946517
16.912098806255738
16.899319190537494
16.878683119266228
16.74677772610795
16.464905774921416
16.210105439712002
16.180122575335357
16.144150419598674
15.829419336181838
15.708854547709453
15.799525850497384
15.396418268513422
15.27345217274354
15.204084045549086
14.922213728208465
14.907895021563876
14.505824693838933
14.611775675592277
14.160477978644417
14.167719942271162
13.939908920021628
13.61687706736897
13.67221807489295
13.311122159252122
13.020334453970388
13.083641039451178
12.805071723727218
12.44958700512831
12.212290763994329
12.153702725802829
12.095722695955766
11.84616715474459
11.511685431833547
11.223051984481929
10.970337995736985
10.717035466685395
10.466036229591701
10.2338382247626
10.030641740072204
9.86489245706372
9.742962893180762
9.645947087936538
9.498155186255168
9.191607782374184
8.735417799858338
8.395415881839696
8.406416634173818
8.385595318904219
7.850882454119147
7.527013062229105
7.750265384614151
7.193520274863422
6.9031767061488285
7.074767819582785
6.295919007558886
6.695306933260006
5.8172353583773555
6.297243807040316
5.3233189786143935
5.90270623682256
4.9701004425800175
5.126690756003541
5.2119553005002075
4.088591186769939
4.626766986560737
4.8676554950067
3.631999549932855
3.1149618237395904
3.9804545019512347
4.824297461271886
4.610754454236714
3.554660337629563
2.336140323890947
1.375131616841404
0.7564585188760697
0.41108328297807456
0.24657657026656424
0.19503573617675615
0.22031250787052767
0.31114664843546785
0.46964471765374316
0.6952989584842059
0.9624376206852693
1.1981444916809054
1.2903159098403911
1.1677392355791438
0.929072840982755
0.837788797070967
1.006945357709519
1.1323120770636106
0.9744605462116724
0.9151315103168157
1.0877484971619702
0.9931070472135997
0.9497945282155121
1.0704964862003936
0.9376554796810166
1.0545886320471831
0.9544870373185552
1.0435350725347943
0.9579345205128076
1.0451432000503045
0.9576557911339075
1.030357419753207
0.9978629015262495
0.9716082195253808
1.0374797610072677
0.9941091193297555
0.9708928570562715
1.0126606960918398
1.0265840840759732
1.0000054225448938
0.9734443671724888
0.9793537653847575
1.0028027981034273
1.0172253791829078
1.0203340599112347
1.0203747650946133
1.020298163993192
1.0196375076149706
1.018689714780519
1.0181142131181449
1.0172216067354427
1.0135813069266295
1.0046339746945228
0.9914923396808661
0.982487231947668
0.9886808424106899
1.0069715606442278