26.701875628951992
23.41591698560976
23.26868755846568
23.477971401952118
23.604610640377437
23.320890859769268
23.14262980523801
23.462262377984707
23.374584995837843
23.11834051318313
23.283100253592554
22.783907375277014
22.929365726131014
22.756878212650957
22.92127452963479
22.428137328181332
22.618074427903466
22.35997549409269
22.201312092024672
22.2823629867615
21.876576898636614
21.780199858627
21.83237584322037
21.61723812371333
21.281737990578467
21.1151398547501
20.888629827763996
20.883128188454513
20.737983854923407
20.508944592432954
20.379841773707213
20.210952397575113
19.93347460064198
19.6205120719399
19.320910846553417
19.055289135138352
18.875537093070108
18.799961992649898
18.66984485578464
18.290127587423513
17.899652185507062
17.84299985999355
17.59712385336418
17.089292348465744
17.07195683493514
16.640594963037678
16.471975295817465
16.22708075504748
15.892718034688132
15.586543243662682
15.448165917734965
14.939642657531607
14.9208025917612
14.468475760357636
14.083285018654111
14.08709864161537
13.695430435624047
13.199149955225446
12.908899095355826
12.831406394045706
12.617838153426291
12.350644989938365
11.987597100919935
11.600033269855883
11.287552590939814
11.00291624808144
10.726765608439624
10.491502247386249
10.28517862649478
10.021094883207807
9.594400704056401
9.04542070928093
8.687554320698421
8.727949868992454
8.599694574938608
7.85760204445728
7.642788004918501
7.791247911694572
6.879375904285155
7.076181698314624
6.560890061111124
6.350317908175866
6.091360061179684
5.892935406519141
5.2605053329282825
5.804324075215668
4.451186917139042
4.936602446475138
5.148839784967384
3.654058750585893
3.4441004687100283
4.642338771757067
5.161595786566339
4.327261319934803
2.887877762775319
1.6496904537158315
0.8473043553217987
0.41549274107661166
0.22581511652479958
0.17513785017641978
0.2117654644325224
0.3213675358459603
0.5076961826540298
0.7695291332815837
1.063223079559179
1.2730631033657627
1.257353995151827
1.018548477352726
0.8343955176017904
0.9675206940801467
1.1430492971314363
0.9826923942764434
0.9223488177765032
1.097780327339751
0.9463799295541832
1.0099922231248508
1.015771396404146
0.9784546597591266
1.0245114259381338
0.9884864506553199
0.9901998412087493
1.0367350886978655
0.9518058824945413
1.0313349175777624
1.0145383852156773
0.9610601061726235
1.003071227084848
1.0344101179671232
1.009013200326738
0.9767873396463561
0.9697988516648437
0.9881966817729873
1.0013046868208706
1.0114336112640985
1.018841697361326
1.0176773920313642
1.0124743478710092
1.0069123355482679
0.998733101706379
0.9879291489934673
0.9823038316096625
0.9919362711093839
1.0118742607883013
1.0148284262190121
0.9913718900572215
0.9875158735984526
1.0142138176027875
1.001070331275259
0.9909492240553317
1.0155072207471263
0.987005815031788