30.470490457382503
26.24024779556161
26.079074680080893
25.902534068131047
25.593520067882586
25.21009510974055
25.011875348042686
25.196050939932753
25.449066111719816
25.276727219856447
24.974815530985634
24.98851479879144
24.970673226823536
24.832469738523233
24.619419977650175
24.707477000755375
24.33558237903971
24.475701201506805
24.01866812464291
24.250705083913743
23.696274141924864
23.817010870735494
23.652772040251715
23.198117294399243
23.25049580154681
23.14467434796417
22.764718403354976
22.515353625661888
22.412027320624233
22.270905485092964
22.034608158431073
21.749363199493434
21.461949718514358
21.19042405107685
20.939690487938595
20.717625551946977
20.534166919620972
20.37683165271271
20.17711569307645
19.83668868598565
19.376862501617964
19.03107964251453
18.926524474146348
18.736423321761166
18.25840676591034
17.959338693215624
17.85298207018868
17.34168781252384
17.162685963076463
16.834465084566748
16.48807041879978
16.213497280475845
15.939955459549369
15.442302162072055
15.450982219637602
14.809593303191084
14.556287012095872
14.485227762142491
13.95835260348498
13.473163397092911
13.29491548534314
13.147456207059351
12.841791324987161
12.424470156321444
11.99379770845854
11.59633278339659
11.236601567415526
10.911899744126103
10.63158545375931
10.412981162739895
10.245073260242894
10.029756661405418
9.599774104160828
8.96326594910991
8.547439876506472
8.628873657841519
8.422927095475275
7.593183111207532
7.605650174160132
7.480241952917663
6.609205948583041
7.06705838680419
5.946877859091121
6.543082044455767
5.284736118129457
6.001542914218255
4.98510972744867
4.687058190692344
5.465834885455501
4.11517949179645
3.356763003906227
4.4833129647286025
5.280370246665949
4.584834858958293
3.105360151902047
1.7578000434669172
0.8827220386785197
0.42177959761764217
0.22130542564328917
0.167695616889004
0.20597942791913793
0.3225135171576218
0.522419656909203
0.8002340997040495
1.099382180187851
1.2873570676715542
1.224579683377583
0.9632192212442947
0.8344376576666387
1.0251157051175523
1.127145730642043
0.9216378155032304
0.9836662034320256
1.07965081401296
0.9150262241617271
1.0771218018965079
0.9374231227388201
1.0601957538330626
0.9418402147119991
1.0575522265766568
0.9591900578572221
1.0083263080423934
1.0313061394200234
0.9619485132644391
0.9978463456157757
1.0361100175584983
1.0039631462173402
0.9701734133338141
0.9745393290259815
0.9979571595474521
1.0170382790314965
1.025753900377787
1.0276874859774863
1.0268885695459393
1.0246932751443452
1.019869580685651
1.0102255990723985
0.9958873890051239
0.9833044935209261
0.9841994245148338
1.0021958245909601
1.0164209366982604
1.0010151636829003
0.9842594829791738
1.0085337968295112
1.0063404996685175
0.9852396122215551
1.0161811177366111
0.9857573414608646
1.0127804520864445
0.987510711152305