33.08532696701922
28.597724844519785
27.710597842952822
27.349719625492042
27.625161396161904
27.474415598376524
27.237158813568463
27.497300872833886
27.18699659954986
27.398197415376334
27.251002429765446
27.448648481272883
27.11293033739358
27.011304882711407
26.680608427899585
26.75979316036326
26.769670220791955
26.30006254223105
26.295986932311333
26.094814842869443
25.957592502270195
25.915901160176197
25.54765057014516
25.44219463473807
25.173505297424516
24.867261303999634
24.874165477221204
24.440039131867778
24.25121670791165
24.23410029690805
23.91211085380673
23.450499614373857
23.130399595354046
22.990673168319685
22.877411915338527
22.60636114559899
22.30612912458572
22.09598277257141
21.738519708830154
21.459221216555743
21.10231806115165
20.69508503968269
20.27224206354702
19.972530649864545
19.775603449880258
19.616953990363985
19.04690372318686
18.63820882333005
18.615009930845385
18.05828431061245
17.718083118237303
17.48954857731056
16.946564808698177
16.861830751755807
16.29721702109834
16.09199965211785
15.75957254751224
15.178679411860239
15.136204884589771
14.664876683705407
14.062647791382567
13.8576085974679
13.708699238850187
13.336793545716606
12.825547478859074
12.312512857997941
11.889776758307137
11.549385761807104
11.171567603064476
10.80999377495086
10.475575655136524
10.164692671677425
10.005528691817785
9.863895201078883
9.580790929360486
8.915755810412236
8.322381107672303
8.432659799279957
8.221882726257528
7.277546737668637
7.530157508511512
6.992060900000732
6.5484284314466645
6.56922783397138
5.860070059239951
5.7986504669084
5.680107749430857
4.558346025204755
5.544176373007654
4.643972747823699
3.389880728588836
4.302170874062047
5.361304279988733
4.837256183655474
3.3154643481830273
1.8706438203436828
0.9212220605297708
0.42365860512111525
0.21715967594142296
0.16174236539876963
0.2051967226053914
0.32656477502454356
0.5357220316219522
0.8246220037339971
1.1268870108053102
1.2989819641166458
1.19408663156221
0.9146706989870353
0.8527282333543121
1.0818484613751422
1.0852023685611432
0.8925375434625621
1.0588531151682925
1.0058133603753208
0.9596675955774409
1.052932515825643
0.9540909482762316
1.0404775040157446
0.9880398492235072
0.9865937231256959
1.0472605662084415
0.9603676949270613
1.0001569023424381
1.0427895406367658
0.993798579693327
0.9614301211518625
0.9842134098445553
1.018595191911347
1.031741523248058
1.0266508884994299
1.0225194684125583
1.0195402945571577
1.015826793075683
1.0225214462628933
1.0218955566452654
1.021428675550998
1.004101669935543
0.9872758909870213
0.9802614022299905
1.007156967133701
1.017533768936404
0.9877618632514259
0.9933478718895055
1.0177039582363383
0.9852620181508086
1.00659108186455
0.9954860980192883
1.0031166555719764
0.9978999060566844
1.0089504084035585
0.9902405311514977