12.731495700087672
13.89692443645359
14.037245104450934
14.175147284237655
14.31630063156327
14.413394636923899
14.386007784090907
14.181142369278207
13.876128543924887
13.705656750247833
13.847315806326007
14.096411494223412
14.016942044038474
13.676320004701525
13.655710289010916
13.860562680050197
13.671975204451275
13.480548248782458
13.61865138221275
13.468090499066736
13.335781867146522
13.392348157760562
13.195989760568308
13.182258542708176
13.089523519227926
12.966256167099962
12.937518110478935
12.783473466648749
12.71231949297246
12.665612268582901
12.400888913164541
12.54675745137151
12.21055424966901
12.136994111077655
12.231154104250079
11.877382474701314
11.713332992987779
11.83849104191043
11.707581011767047
11.363366563425771
11.180341627831655
11.196689627862247
11.202514827554104
11.076002140140647
10.851796596302993
10.611816858291382
10.4036538960053
10.232478793097329
10.083651858653147
9.941240633016978
9.795050903357845
9.641182767722247
9.481556177149937
9.324795767407494
9.187229732252266
9.088073696833318
9.02981880558399
8.966194184551192
8.799606130071192
8.478999972095702
8.154918006254217
8.088707498189043
8.175632885083976
7.9161174877124685
7.455926769577712
7.522565093289145
7.519436539497607
6.939718973465196
7.0629825438007545
6.9161890363206995
6.427279280482674
6.739316296536753
6.035773700508675
6.3867159650785705
5.706530708872082
6.057849633643711
5.31473634248731
5.777567686295932
4.960433464080926
5.302057487430003
4.990596711050768
4.4243685564851845
5.018981493342141
4.390560687487478
3.7941975312982237
4.451560337783158
4.4565916452149805
3.4031901652353236
2.9129488680834528
3.557213884553657
4.39272494162111
4.521057930487815
3.869291699850267
2.8573604130980677
1.889890767070398
1.158166812383383
0.6815643327829061
0.4053228788216452
0.2661476980511142
0.21804079533549148
0.23582799145160016
0.3105274333533101
0.4422560582813937
0.6307743996000624
0.8622838811140799
1.0947115931566274
1.2534094659261332
1.2592637542209055
1.1001199349078283
0.8979507044515349
0.8520531922592337
1.0101995553825034
1.1312318409600262
1.011881534137158
0.8979105358943921
1.0329310059878236
1.0691039534990763
0.924031318114592
1.0248017216573315
1.03456900608596
0.9401571934213071
1.0629777348166725
0.9504101797099621
1.038355115565167
0.97170572616619
1.0264586245991834
0.9727914207839932
1.0330100943164993
0.9632393245756001
1.0369963990247326
0.9741910334162872
1.0047954641044972
1.019836456878552
0.9715441049922487
1.0107630494134576
1.0189367718215239
0.9793029174506449
0.9895143772425238
1.0206654922425706
1.0132741979453304
0.9864032170805772
0.9792193122890414
0.9943714494475863
1.0124974472396993
1.0205952145972947
1.0184424654821276
1.0114857678311497
1.0044580036931277
0.9995865911456652
0.9973558547534156
0.997617472466637