22.68552059801143
19.36964707790247
19.990332637881856
19.79744065717435
19.627217047086383
19.773531792278618
19.753498181845355
19.725960753674915
19.326854184612408
19.66257278717872
19.72528412281151
19.373292143674867
19.329462206643157
19.380172024000906
19.20247039135983
18.95598390231417
18.83578076393414
18.82467627600734
18.824932466585768
18.786915577104168
18.7184827848378
18.64510091460873
18.573004984327575
18.471785460297102
18.29881698629608
18.069329558003307
17.870119970861435
17.709762141822132
17.474185785448896
17.27328376840709
17.32581668642254
17.244135907403823
16.852840754067795
16.668961943247318
16.61899221059394
16.479354706127868
16.050342283592105
16.15784533899037
15.747885323695973
15.652517136747807
15.453960465195575
15.168442566513528
15.107791423847958
14.741095257824018
14.595487762516711
14.496718379983848
14.017377937908021
14.043245916708173
13.722114523269065
13.377436249000716
13.382852095469644
13.17863380847448
12.724164678154088
12.409865781317293
12.302103271342556
12.21065492437528
12.017904571327108
11.740662134360809
11.438694064145972
11.15092199105135
10.886715860493018
10.640361067670796
10.410392374326324
10.212689573075552
10.058366733998739
9.888431958852301
9.575950219131682
9.108139825525413
8.704486524693113
8.58112449042733
8.625614950770876
8.30587587925555
7.669947352408632
7.756433747122239
7.642227045992085
6.910825761422385
7.195660206364498
6.602919388411688
6.494623549402377
6.27883027108483
5.9805360360212605
5.713001288249848
5.7444295994884715
4.913420220497162
5.586924310608405
4.534675369022181
4.375538165734005
5.122106721947196
4.147491708769082
3.146597056924832
3.7828364994899277
4.812953483479998
4.811126279951328
3.8024831065399263
2.5119718381159593
1.4604220677115305
0.7839226008042245
0.4130526655254202
0.23996472467966343
0.18716780274068873
0.21614313836350604
0.31559402482447446
0.48580718964241204
0.7221277100270017
0.9950702165670896
1.225960466520939
1.2894157075403445
1.1202463926663184
0.8809744721713672
0.8665479299377298
1.0709464346210626
1.1086542887713071
0.9154846554949733
0.9777701731483843
1.0899785219362559
0.9239296209160435
1.0388395419332241
1.0004962194608698
0.9796261955514917
1.0306924469243484
0.9739004180107318
1.015507351105754
1.0046072291832342
0.9768177564400549
1.038256816579335
0.9630848674303286
1.0100260667083407
1.0315251162801944
0.9721761894875206
0.9805518423929754
1.023886714022983
1.020434772114217
0.9883741342691293
0.9722085010880287
0.9795590320560797
0.9954987475995428
1.0081047890754529
1.0146729540857244
1.0173906796139809
1.0187334769864484
1.0189321199908
1.0155106585851774
1.0061310596824196
0.993614770204273
0.9853834132413846
0.9856316920017306
0.9957439404526033
1.013231727044892
1.0120644435625674
0.9871791686068067
0.9930050159758447