2.941409178353004
2.9246102315013798
2.875145845002323
2.795733581776164
2.690645592941364
2.5653528642208676
2.4260830596746015
2.2793391910149503
2.1314288029233075
1.9880495409868526
1.853969126903489
1.7328204283409185
1.6270247587367657
1.5378306436517364
1.465453671971147
1.4092805415274043
1.3681084285204335
1.340379931942496
1.3243882128253326
1.3184297396955253
1.3208965205986736
1.3303102548630508
1.3453109807946757
1.3646198439642454
1.3869975975127524
1.4112216163333817
1.4360940698209326
1.4604896439200579
1.483440976039784
1.5042451568981456
1.5225769256836947
1.5385793506161993
1.5529122945865186
1.566736798660348
1.5816265743822788
1.5994067128594949
1.6219325062486047
1.6508322888435496
1.6872464404209828
1.7315990253323728
1.7834362065746676
1.8413612529176417
1.9030821032443541
1.965575401509537
2.0253540426655636
2.0788102167280664
2.122595350200794
2.1539900500464566
2.1712170821598606
2.1736554851633008
2.1619253043594098
2.1378282159878657
2.1041475907514924
2.064329886441042
2.022085170976179
1.980955761014902
1.9439078938632421
1.912994710190396
1.8891418807707763
1.8720726243548609
1.8603906018547196
1.8518051113582192
1.8434701679641838
1.8323917125881348
1.8158489099590835
1.7917732409469453
1.759034679109149
1.7175972962146593
1.6685235483116214
1.6138281923289737
1.5562027653420545
1.498649972487322
1.4440785858919787
1.3949173264917252
1.3528007433436282
1.3183707414181118
1.2912228033730337
1.2700012639802416
1.252630540415009
1.2366464025787312
1.2195782297384952
1.1993251606039768
1.174469969295136
1.1444837780815462
1.1097911683829382
1.071686511017788
1.032115286079017
0.9933550996742535
0.9576473317770996
0.9268381471897716
0.9020865520250092
0.8836871186227049
0.8710362547681616
0.8627478333593075
0.8568991378616712
0.8513660113344225
0.8441904814580954
0.8339178336801607
0.8198444984537965
0.8021328020573777
0.7817713881966417
0.7603872386496929
0.7399419132469852
0.7223664245340353
0.7092011690319809
0.701308047868489
0.6987096178321553
0.7005874400017413
0.7054421610126652
0.7113868016735508
0.7165181452203091
0.7192943967732667
0.7188441570240699
0.7151434507031229
0.7090224024206297
0.7019967271536677
0.69595507710382
0.6927639954223396
0.6938715604480596
0.699993374044117
0.7109499063732969
0.7256938620595834
0.742526395409799
0.7594597064853298
0.7746498390370504
0.7868052380885964
0.7954786955609239
0.801173312296776
0.8052329039320154
0.8095356385829859
0.81605588715905
0.8263924539124965
0.841372854695912
0.8608297328595645
0.8836078692789986
0.9078073515349
0.9312114364534777
0.9518006844103027
0.9682299708610376
0.9801494164715565
0.9882845976834335
0.9942485765433393
1.0001250510748836
1.0079217317651858
1.0190301301219293
1.0338314745355466
1.0515557526391557
1.0704385703979766
1.0881436795989643
1.1023472263306027
1.1113328024030702