31.946016533772397
30.23198593263055
30.253109522240585
29.83402385925892
30.28244492741279
30.247988377808507
30.163030331126745
29.707569363998395
29.840512243195523
29.542683952233386
29.456844478904827
29.537015822012506
29.34397409482934
29.096197999689675
29.023381114255155
29.080648483184124
29.106148895957315
28.91933216765644
28.545533514527026
28.36743798758855
28.401408155498782
28.03467464547968
27.74184864115341
27.69771310392602
27.142525015708618
27.18353675908517
26.74148510722861
26.800715037565574
26.191073841107205
26.114336376043116
25.920756836510304
25.34419945716808
25.305299293655267
25.06549248509442
24.628799127653167
24.181023066125967
23.95084957707584
23.661903893883032
23.487503061125565
23.159529696397666
22.801253888546047
22.507309157480496
22.145795311909563
21.689340228676638
21.204532309448354
20.778570364241148
20.511503346585823
20.35010152921496
19.96820931706472
19.351657637909966
19.10312018253708
18.858897469990367
18.163895557757566
18.08076070356021
17.473609943281147
17.3123995617585
16.7046400191044
16.55719465314475
15.842625397127826
15.781948029264688
15.277635877364013
14.672117905455949
14.507907754373525
14.275647629547812
13.699474069693034
13.121257844465212
12.677703151738687
12.394160522695977
12.069359088300098
11.73673983547364
11.376216862451722
10.93108281787371
10.432115492213608
9.953082469667118
9.616178926599575
9.520703837145648
9.438034494297973
8.847726499921398
8.064846357222402
8.155275105432114
7.941826835509577
6.94210558260695
7.396054667465715
6.302482919216581
6.669864230564411
5.585419953206768
6.254399899533799
4.718288624383396
5.441621947886563
5.192233178800506
3.5463231662360193
4.106573544051673
5.371966809171751
5.08962507949125
3.5501080539770045
1.9901300272238232
0.9644430986944444
0.43031300899415664
0.20957415706798663
0.15714694405021995
0.2032401715160852
0.3310769413682143
0.5480208168682562
0.848766875867999
1.1580598271755467
1.30655996992931
1.1574193743242893
0.8773205479765169
0.8866664826179559
1.12692440299636
1.0259898524248818
0.9062934623858722
1.101431339934467
0.937872664579194
1.0401264319607508
0.9685394115199648
1.0370535580213447
0.955123475963461
1.0560096376207713
0.9566035850678053
1.0021806680262266
1.0411153258879091
0.9791817803826107
0.9640092194889233
1.0130054418920276
1.0339661514078407
1.0272660997644616
1.0025823237008566
0.9895604871052289
0.9846869526725955
0.980971657013337
0.9851736680564003
0.9966855600223068
1.0107729829165375
1.0214631367370743
1.0173553219105582
0.9939140448445898
0.9780919161596321
1.0004266447766397
1.0156330569559076
0.9847794309827993
0.9981084738439864
1.0103529414491061
0.9863011739208373
1.0171262528723473
0.9853158275968281
1.012269573202161
0.9891335185045773
1.0056255563104222
1.005002125449932
0.987659625276287