1.2534336866403892
1.3053430391899725
1.4712326567912486
1.7507884711147867
2.082317150295859
2.3451130081292377
2.4299079762624713
2.313912325231434
2.070959758185077
1.8158690617860729
1.641594745570365
1.5952371600261563
1.6840645781767345
1.8788690695846024
2.1102687920207712
2.2837385264533543
2.3242807590830457
2.221053210447054
2.031828251408274
1.8431797154086336
1.721874616704461
1.6921013604910797
1.7408498341078618
1.832956101301854
1.9258155334578924
1.9870863728143067
2.012370759067744
2.0262012879782056
2.0571480835898615
2.1054848444341556
2.1356602358339516
2.104098031916636
1.9974915678461929
1.84720167819688
1.7101172075682185
1.6354042478082125
1.6413371169572122
1.7113032600019875
1.8057262795409967
1.8844330467107688
1.9307952871306064
1.961478234690169
2.0088062614938904
2.0854648035227656
2.1635931411410505
2.192476605447284
2.1419374386931813
2.030321664201112
1.9095326916776842
1.8219673881659597
1.7703767480319377
1.7258851552075114
1.6618778042246283
1.5810881780335337
1.5146276095054456
1.4972898398700807
1.5400358672004912
1.6205521512758718
1.7001369785848448
1.7556731551235758
1.7997616996279624
1.8671036318121725
1.9755906014589282
2.100658637902398
2.1941149844688868
2.2321739729038987
2.2404989246354057
2.264691480006109
2.316654293032173
2.3589580548828133
2.347786936972959
2.2850980213912853
2.217226699492816
2.180541044814215
2.1596464694790085
2.109082477424073
2.011401944196346
1.899534938271113
1.8163452648003062
1.7630814819942349
1.701417227539697
1.6048225989377538
1.4926711213879085
1.4043929742163093
1.3490577410400764
1.2962288696909536
1.2182017652136052
1.1264056577180057
1.054484375608708
1.0127548129768928
0.9759357309294147
0.9192114657556631
0.8518513133059957
0.8026480280504072
0.779091244219429
0.7579053838772288
0.719112532344559
0.6740954587981276
0.6478357809919628
0.642128684217451
0.6336754699827682
0.6091440813382845
0.5846533220626807
0.5807481232441803
0.5910494353219143
0.5923926592276672
0.5808191173206005
0.577610708256475
0.5956749235784279
0.6189547541734627
0.627906069587801
0.6309803901948797
0.6511983439781135
0.6885114169202283
0.7191655967296895
0.7343601107109754
0.7550715762150819
0.7971986818476193
0.843956648193853
0.8727813422530138
0.8930303820553342
0.930082571191213
0.9810252284785853
1.0177561794750039
1.0340828387034147
1.055947083054837
1.0953357761682785
1.127515500433651
1.132981480280666
1.1312025188024684
1.1453313455483742
1.1598988663109993
1.148200709513051
1.1208119787524884
1.1066060737424341
1.1004810301209973
1.074533096109798
1.0322122219423786
1.003715447615021
0.9911245343183749
0.9678630671924768
0.9333525774795166
0.916593201523367
0.9213912995920271
0.9210366083200914
0.91305899919889
0.924302284632904
0.9553976089343673
0.9771917812355341
0.9874464043431037
1.011775759431095