4.384882772617874
2.635910259209048
3.274055898306534
3.1684257445098947
2.8632671274566577
3.2676423039556286
3.0425768227916477
3.000468940676783
3.1608855351883
3.03947715983807
3.1009987450042455
2.9752077352782944
3.1729059045444474
3.0265230096349347
2.998509633064969
3.0946269153845383
3.041491752098909
3.076603095319725
2.927048191464705
3.1083280198765473
2.9866616698902657
3.0835779063181548
2.8968861251320845
3.0556186778509655
2.946873585193427
3.0766406303205445
2.9066344466987775
2.984793764323113
2.9005984923143213
2.9776485118194387
2.9702188832096725
2.9108844060908576
2.9633199657833984
2.807578966872191
2.948919505732947
2.818408897782669
2.910744750597591
2.9037228503601877
2.8018417243844835
2.922473809664874
2.7551889726116836
2.795361475488114
2.8312076921438796
2.676757245446534
2.8058499223582443
2.7698476786807196
2.654084941778615
2.79974196066028
2.733171511728988
2.6149606135564127
2.7549045497942823
2.713960752884149
2.5565930620109323
2.6628292368123025
2.7116678929474145
2.5303873363255747
2.5191384852167578
2.664692344135533
2.5898191561897583
2.4154202947790884
2.473061951764647
2.6060119010554676
2.510416144522315
2.322530219193828
2.3393473657678774
2.4918792073530613
2.4900250209516317
2.297174197690773
2.1618298976176855
2.2428807973804585
2.409820616642891
2.434659880968686
2.266843294058666
2.0668930944952555
2.015132065466886
2.1365560759371416
2.3034245396935042
2.3654742235237096
2.2631385594484565
2.048780938449304
1.8361323151763458
1.7282168593120237
1.767598409268804
1.9311183713504063
2.1533250205423036
2.352554203530103
2.4614470603982395
2.4590075191454983
2.367625338592917
2.211771263167104
2.0003845070139237
1.7546937912962899
1.515231204621682
1.3034340802872102
1.1105799439991864
0.9364778883292271
0.7984587171023173
0.6954672715630715
0.6102022744917626
0.5457944963223953
0.5125825504351145
0.4983843888857707
0.4971733896789527
0.5233030976120242
0.5715216746362771
0.6296837001844017
0.7114486583444725
0.8117745018995762
0.9084320806363928
1.010086743907189
1.1040381510114416
1.1584825995263437
1.1843741170136877
1.1696582337474855
1.1030657889027025
1.0259706943106754
0.9461635361838961
0.8942497436623438
0.904401149907804
0.9504834763290416
1.0281773315603844
1.0791348036304638
1.0731518525698007
1.024245525652116
0.9529885094978361
0.937976946691053
0.9717205727431039
1.037928219519116
1.0552095025512227
1.014342477399584
0.9599575583812368
0.9600423358202175
1.014718734127548
1.0433748081620804
1.0093516152062512
0.9619687485983318
0.9823224849505834
1.0302968881259373
1.0221743093269753
0.9745895211354273
0.9787587725999801
1.0281551727006761
1.012332524232287
0.9756433560590724
0.9924473860192999
1.02965556487602
0.9909870150865895
0.9791234942395778
1.021851315101131
1.0030947798612344
0.9800385622029294