4.712943505314962
3.0198983718594175
3.154231306084739
3.5523112603482185
3.461100217457962
3.221234573317917
3.3087443516826163
3.3879580694523357
3.3118254842237937
3.403007506003638
3.396444815169422
3.1984567757169122
3.2938029299492873
3.3915544602706817
3.2836626137308156
3.3929612334310697
3.3282465874932265
3.2075650189997913
3.3220062827799173
3.197817072064329
3.276774273439268
3.308351855565548
3.230285838244268
3.3560338276977206
3.2007385890991435
3.3121981178098667
3.187556847084651
3.2354544476746416
3.1811158171848417
3.16900418116365
3.1720692167323183
3.123129507264388
3.154828219222599
3.0942939763266093
3.1261285986552054
3.0798018641385543
3.0833463332024427
3.080840782661301
3.026829422676207
3.095759897799651
2.968440948933469
3.1057736548113124
2.9394770418621192
3.0683357932441475
2.9709223442691175
2.956534561503975
3.0246828717274234
2.8438351748317148
2.9699495001352925
2.865897009569371
2.7947678256976585
2.936173668023204
2.776159626936771
2.7975028211276154
2.9006755629741705
2.6985376992436505
2.7088163580572595
2.8218693552917546
2.6522741395624565
2.621101618002522
2.776722096895678
2.6585224343859264
2.4815492647615307
2.6074443306659694
2.7094913464250165
2.5144457275403282
2.374551319031516
2.520049278191698
2.632269803559545
2.4570722309184565
2.2515756290222577
2.312941678540654
2.505019301148577
2.5075852656209676
2.299639203106732
2.1047897579789208
2.0941857928756096
2.2655508473129604
2.443182923248838
2.4128439638383887
2.196512553579157
1.9481565126530604
1.776683560881062
1.794135285675954
1.9784057806546678
2.205663780643019
2.4281285340361487
2.535668151091135
2.517613812383902
2.3988934733842107
2.1736069941316316
1.9301063369391342
1.6486742399966057
1.4018767487430797
1.1651854409553788
0.9751298494656744
0.812521020060298
0.6897284134389067
0.5948459108118334
0.5312209409709743
0.4913149456603419
0.4788666102440326
0.486453717649435
0.5226277782141788
0.5752222281022867
0.6585816455780655
0.7501455819167834
0.8675595330653654
0.9738335233719825
1.0844020633649276
1.1540673029494621
1.192580649346783
1.1736352936713013
1.1071493588014072
1.0200559424204265
0.9282389987307386
0.8919507742033765
0.9102406524974904
0.979664359030324
1.062146948084397
1.0848183090033965
1.047111396229218
0.9749472901467531
0.9288020742949206
0.965015556945987
1.0362930674022888
1.055383116006653
1.0091138465363028
0.9562271738182505
0.9678376656984321
1.0289745270909116
1.041347204287099
0.9823977095271529
0.9600861737518676
1.0152233912896598
1.0369940289724384
0.9824712394964984
0.9706024264619549
1.024123555507848
1.017804684639376
0.9721881524853523
1.00151653264537
1.022765749915294
0.9792820582392321
0.9968803537061771
1.0262674944522976
0.9811400998049592
0.9947259526424984
1.0180418541588332
0.9796936724797266
1.0104512012612563