3.574467854966024
2.421628704348396
2.1559879360696645
2.7213861050012635
2.2193052403185085
2.4263458522217083
2.522843923354299
2.263001166215442
2.4864349380800506
2.4081351809120712
2.363872658771019
2.390727928239139
2.466395062218042
2.3327538177208593
2.358042340329343
2.518892119164804
2.252542323736974
2.4196348392488534
2.4286795449192025
2.340743626532137
2.3186893301778566
2.446430768044924
2.3718630176337574
2.2549537315182713
2.4277735185590834
2.3795410752512716
2.3036022423993123
2.2710769875989425
2.4507965150519
2.307698125054549
2.2663286411516483
2.2875214498919494
2.428949201617952
2.265170484196963
2.235500117529258
2.271632018258039
2.399637878724791
2.2575797053420668
2.195146741485014
2.223444274072434
2.352623518812205
2.292986438704595
2.164715488936409
2.1551242644039568
2.2437035834878505
2.333076382483593
2.2029820981247026
2.1228457440631425
2.0868245161737717
2.2271689076646095
2.2746714910792316
2.2000452377394897
2.0855879021399177
2.003380124639042
2.1129418378030214
2.193821538762332
2.231308920290404
2.140199543856433
1.9819271481877347
1.9492183133480858
1.9771817909126668
2.1027005923703106
2.1937420558364193
2.144461024901092
2.053108359281206
1.902965666070284
1.8073740114385815
1.8440545081795172
1.9199992736802187
2.044975747493372
2.1455356602692857
2.123726225580709
2.0462089982782956
1.918154047181019
1.7466356585828966
1.6399701462888614
1.6048074716890677
1.6162590948869677
1.7160445760468548
1.8634398810334756
1.9910091349955292
2.1165651379884314
2.2237663679420376
2.2550310945752225
2.2307171172061864
2.1856199301915127
2.0925687575691723
1.9490746551335452
1.8019104115040163
1.6606732737537837
1.5027083333550695
1.3413555721687729
1.205184822442976
1.0873362605476489
0.9702605090122959
0.8634716580029583
0.7821477104516635
0.7188435397329132
0.6600228005194418
0.6093475519510622
0.5776939910869989
0.5635451274377844
0.5567125088355235
0.554970921715371
0.5663370018701293
0.5959134579421853
0.6382168075284094
0.6852154659929639
0.7372245767763954
0.8006753796458237
0.8760486179564864
0.9532540954647456
1.020918207024078
1.076253822222178
1.1219761017637973
1.155755937862813
1.1679339392626955
1.1508916509990503
1.107793806898897
1.0508777386271166
0.9936024005006663
0.9461453466966591
0.9160620811464084
0.9091385318724026
0.9275420515592748
0.9670924094647926
1.0162484531401899
1.0580598548294364
1.0757356647776
1.0608328152334323
1.0196120609258459
0.9720723019513172
0.9424698775446011
0.9461746567718692
0.9803134637041642
1.0240024962556398
1.0497046610332048
1.0408901103724344
1.0048283552484674
0.969239699212527
0.9619810110223155
0.9879714989682757
1.023390240457322
1.035250543929742
1.0118238601678833
0.975751281389395
0.9636305865394577
0.9883456692052165
1.0231615823410936
1.0294495647937483
1.0015355896618512