2.4558481087778694
3.712563399709149
3.9285273476155766
3.886444422430589
3.6927568327587426
3.527273491611742
3.5150619923383437
3.609730710060551
3.6482932153355248
3.5673756629348863
3.5090140977871593
3.597754410915245
3.6987447913328007
3.6368357577648704
3.5497473276368625
3.6282896468883723
3.689540960535534
3.574396881787057
3.5473406447377074
3.6519270111927256
3.5748455231108345
3.490920323157192
3.593720955934903
3.5215813015513806
3.435597421669218
3.5416976931335684
3.4346215899715156
3.4247473361175276
3.5149226073237982
3.3868021709409852
3.50424661614666
3.4431062929426868
3.4037868955456876
3.4520511945858936
3.2951146391578687
3.4175996985346933
3.2754323778403607
3.4122977135812955
3.2840599353848785
3.3480590798920593
3.2226180896695173
3.2931652950036754
3.2145941320472455
3.292808295488452
3.1441448540400527
3.2394826604097724
3.0938519713483843
3.248050760068439
3.0382959844023545
3.1562992142743567
3.060712239524902
3.056494141265234
3.083824549911598
2.9245582923443574
3.090845519912775
2.918653666783964
2.9026463355835035
3.028303104035111
2.7928384508944415
2.87522421256267
2.940881774038871
2.701920806050834
2.797257253764881
2.870175415970305
2.6511484447218505
2.6430506366075823
2.796140291604034
2.6838050400385316
2.4667086741527013
2.6031029014268907
2.714529896219058
2.538847429150813
2.3297368191168593
2.425260536577107
2.6094223866207145
2.547272251426079
2.276867698493641
2.129216841037355
2.242607335737836
2.4680623163159847
2.512451278870298
2.3387510380596965
2.0259805774004134
1.8358597577343294
1.8345046567216787
2.0340933648217496
2.3090209927756216
2.5178968150466194
2.6219862683075474
2.5543763915499906
2.36278690322964
2.1073450590658465
1.799659993108619
1.5022044451567613
1.243857523601682
1.0125493580308276
0.8255831626223209
0.6894516287281756
0.58534487982922
0.5105538975957303
0.47234806473957375
0.4646291673928021
0.4788182797506966
0.5185672591584054
0.5902067379734206
0.6882763296509103
0.8005759471621334
0.9206473802160327
1.0418233788029405
1.1430587619694301
1.1957400088707555
1.1852088639018592
1.1190508470144276
1.0217653376751656
0.9308859594122969
0.8885773886697813
0.9179911567264261
0.9993574962350484
1.0732069890844138
1.0802154161608923
1.0151024474720913
0.9434828172493338
0.943406059658687
1.0138052182344652
1.0634036827532372
1.0243893392942185
0.9552802419942221
0.9630424550823252
1.02979793618549
1.0340049780922322
0.9700422558079372
0.9669830599123341
1.028139042986869
1.017310808295559
0.9633352713755222
0.996956227051545
1.0295996429879817
0.977325897305723
0.9846912289289651
1.0270368123223297
0.9817047640519798
0.9887435781686859
1.0243020272729684
0.9788967386811911
1.0062324202636033
1.014809708838933
0.9808112504025045
1.022579335388286
0.9874031441645663
1.0006713219776617
1.0051776870312978