5.996587187470989
4.958556379943756
4.5842985910824545
4.557169561380507
4.684976026960767
4.6708356757405936
4.6900929660806225
4.8057316630468545
4.694125636765613
4.553359522490207
4.62042692406001
4.565753301646786
4.552481369233792
4.658405526426076
4.588909568658411
4.660121480540752
4.641750771988467
4.62085325567727
4.653410203757759
4.582834700111239
4.6296250393363145
4.542611891705446
4.579310219615634
4.483067778531259
4.497947104728169
4.40346559870561
4.401368227867047
4.358806027586105
4.362415031337163
4.416284442253239
4.399491949754245
4.432181341495769
4.333177455559055
4.240279794456927
4.2416726032086345
4.252771814961315
4.292860038362106
4.24639130875434
4.108681215165049
4.1133908900043155
4.210144465100952
4.123787246534256
3.984873996119866
4.058259790884901
4.082168271131674
3.9272299564219892
3.96091098542288
3.963423225827185
3.803484390725483
3.9147149126874226
3.8453061973309173
3.7460648672470884
3.838684191340944
3.627223298559071
3.747484632752484
3.585972701601811
3.642364280208684
3.5561554543559
3.553160473518492
3.4976607066420446
3.4864137016257772
3.4008077115726825
3.4462877933151437
3.26976867064478
3.4172404469220368
3.147278819497036
3.3228382432916788
3.133099296289799
3.0844306382989704
3.208125922849002
2.9091001918383945
3.03488088551246
3.07108417552388
2.7661793617252712
2.8967659175329246
2.989839851086791
2.653977802403902
2.5905525834918715
2.855255604584148
2.7829125433751747
2.4122645195424695
2.33717039364531
2.6159179239649952
2.759667681459236
2.495889179550831
2.0899965313955846
1.9312027976535138
2.113905391726278
2.4616894575050283
2.7567299331300066
2.8244797573689895
2.641820491113437
2.315665691371968
1.9029472361348416
1.5096027285777545
1.168935866326658
0.8928024792332481
0.6958295473417527
0.550650380009291
0.4682359364585203
0.4220291304497959
0.4258536715524471
0.4604698603437236
0.5430106670437752
0.6530271773085607
0.80297528850625
0.9558380521102129
1.1048151656264151
1.1939322408932391
1.2074072134403617
1.128823509179098
0.9960485747853419
0.8965023861778499
0.8866403648753802
0.9845141025670635
1.0864006060703826
1.0759584114310718
0.9791510696001796
0.9256012862188637
0.9936448725534014
1.0673632268557816
1.0110453202313712
0.9417239843193249
1.0057981809161332
1.049432295080124
0.9717555055816118
0.9792713478715367
1.0408896804120018
0.9783215988210417
0.9878689300334298
1.037198018917893
0.9692090783320169
1.0115280815400112
1.0051745995719195
0.9776109327146366
1.028111986363169
0.9740706355444055
1.0267831461215855
0.9819375767049883
1.0186187392027148
0.9867444024264443
1.0145213679801677
0.9860193478354662
1.0161094172651428
0.9821675724344763
1.0194589843476798
0.9817576280968356
1.0156579749976695
0.9941831516595238
0.9984286697131057
1.01480575698884