4.248728322819486
5.83916400917683
5.302262906601056
5.759908274547081
5.343383417487874
5.673545629537469
5.467299173726831
5.478849580083043
5.635050068003124
5.371052281314061
5.554442315428838
5.539092533907605
5.374315420419241
5.500777701956364
5.505860034638777
5.380822387543677
5.404914374943449
5.4512880017382175
5.39249420169794
5.342216146616396
5.361214330264721
5.370928976347954
5.321983103301562
5.256168429683662
5.227184284365001
5.240256812098777
5.2651919790001545
5.2733608921625486
5.255390840745641
5.217321001116075
5.170144028681142
5.122821125540227
5.080374772741733
5.044801832893608
5.016520569383361
4.995178194370791
4.979515407885051
4.966488984654048
4.950311112123476
4.922608829234348
4.8751195102391724
4.805296145902835
4.722400492531715
4.648561557468433
4.609238393641853
4.6128739084826975
4.630390646817897
4.601443253508208
4.497092571020913
4.395573775216015
4.407957456872225
4.451823858916646
4.334458619016905
4.204685529659457
4.289674386826029
4.248201064677301
4.051772582637888
4.159718858237727
4.078837159950859
3.91652589173236
4.066096329129346
3.813288642336724
3.9123259349870243
3.7855600724429332
3.740054873913469
3.7324979434939483
3.6042062498345278
3.635110502344555
3.508107137170993
3.490789820788943
3.4595322573266234
3.2935026976241293
3.4426722372581624
3.113459969897278
3.3087618302230712
3.1491495615096574
2.9480049840531657
3.2034461952688567
2.9388954132617546
2.7257527359985496
3.016575061040704
2.9255708703889014
2.495996363972543
2.528126572580009
2.867559267838234
2.81703795472757
2.350060367993429
2.0173788863802113
2.146977323275502
2.5664096208292273
2.9082908144151673
2.9468040475285533
2.6798353331217233
2.2330525551245084
1.744772988079193
1.3071970574543958
0.9601098121518361
0.7080393815777952
0.5394072968371791
0.4394439213719067
0.39656303576487595
0.4043089916384938
0.46061200209843567
0.5649757934060852
0.713464789766544
0.8917003706941402
1.0682370959393146
1.1946080066752813
1.2210734201473907
1.1313177050780028
0.9780751572054338
0.8751408937346359
0.9116303803549554
1.0417201875220958
1.1011420494065787
1.0115612177592384
0.9223007856636155
0.9865394558764431
1.0683493492175726
0.9963207026920335
0.9466740655165661
1.0364864202849478
1.019125737727491
0.9538477743016245
1.034421239994258
0.9987362502138872
0.9748665215540173
1.0381042914059115
0.9636531555998366
1.0292000480986256
0.9805367068710181
1.0127885675392239
0.9919888514243284
1.0073700760261457
0.9914356701473284
1.0127805561441259
0.982613960658567
1.0221476482331904
0.9766754936865845
1.0195765641721821
0.9911106807522669
0.9948567893159581
1.0163504406096424
0.9840297838200511
1.0030282290951924
1.0124749581239267
0.9866403219285472
0.9971732538815589
1.0146083473601122
0.9983525958053066
0.9859027479601372