7.193046655024225
5.804006103604245
6.056285996349678
6.054546259746812
6.049766442432591
6.024796907966113
5.864508875089611
6.128510970851622
5.9851471572700135
6.053792585442038
5.879192743678016
5.963835259228938
5.872135873164534
6.012917262937373
5.887852589867589
6.01628532120434
5.887596184640521
5.913524514680907
5.928149395227947
5.79692965820408
5.87908200277188
5.85084938233973
5.736991755885995
5.791802413352179
5.809873697221279
5.685629154669144
5.610828990336896
5.640999223433198
5.653071955943257
5.595006732976654
5.523570463558596
5.482723116268678
5.462812037295869
5.456844666196006
5.472905102644184
5.474010532825729
5.411285954363669
5.338362340415818
5.315308720221616
5.266665172637353
5.195953463248604
5.188739954207278
5.148250472371892
5.109045478178616
5.110106367713623
5.043048979779754
5.013806261607753
4.904155661258789
4.816442788095277
4.716283598813743
4.7108995114849765
4.728481403936299
4.746579767933666
4.6013526948564145
4.481230749776311
4.468468574242978
4.5327297786071
4.403533586392385
4.239340053093333
4.34801958927563
4.272011046993591
4.066302573482689
4.197512499827696
4.043335827325791
3.9587836707921213
4.021162026183415
3.763952014599452
3.947349957098881
3.6490267020705676
3.8197733812345787
3.506142488785932
3.7012113259948958
3.3604921787105724
3.5917560324621167
3.269437952057825
3.369759878602416
3.326565575749185
3.0256368963286033
3.306850451192144
3.035515948117265
2.813484324122584
3.12784469566807
2.943606165144213
2.516892071800563
2.6800357717533747
2.978745857827864
2.7289434508105783
2.2136605281545165
2.0710798207254304
2.4130840537582428
2.8569603343688916
3.0327004850204675
2.848421511618404
2.407413294649109
1.8703836789446482
1.3797951131049355
0.9963620477694719
0.7142029160874594
0.5291689562557568
0.4271941686940672
0.3822739363097902
0.3972611218148663
0.46550837291263436
0.582088656167475
0.751999271678017
0.9388326444960982
1.1184470310975005
1.2182082189630596
1.1990405230028751
1.065396647501108
0.9127854703741903
0.874535868651942
0.987437121639147
1.0978345360212445
1.0542841228433382
0.9281619999642151
0.9625496860207652
1.0692379695494671
1.0058391964868159
0.9434864766431698
1.0400766641067904
1.0110257252516062
0.9569425187372851
1.0465027338779687
0.9751731245839907
0.9991266225656777
1.018393059241531
0.9758120188130346
1.030912765738173
0.9678295475535252
1.028032974440641
0.9719862236354211
1.0251236236759698
0.9838058082438116
1.0109781526631787
1.005214826241012
0.9854224256093983
1.0234635262933327
0.9833005165687617
1.0006141906750394
1.0177532370405646
0.9843754318678747
0.9974250995153934
1.019765824649527
0.9988583671128614
0.9849685430198548
1.0025696018160455
1.0148302748648226
1.0033507876896683
0.9880252933948805
0.9874247658278547