7.104931098338348
7.135879850481903
7.178273569318253
7.226805001591209
7.269313805701991
7.280067469987984
7.2287273062326864
7.110117577794617
6.98240772747844
6.954986153932657
7.069020690373864
7.173303581344376
7.0746108868293405
6.906095698293174
6.977446073675886
7.089562956022686
6.910583843696174
6.875585668265772
7.0118477972806526
6.816339373920124
6.86868167335895
6.871314947340558
6.733016185594944
6.850488543267301
6.658667615563779
6.784402867609168
6.5970497334045275
6.7042285545764075
6.544075228444997
6.591651542054688
6.526614386417511
6.438413543144968
6.499018369318951
6.360129778051947
6.331762063648125
6.360968931695548
6.243215128354889
6.166229060478035
6.1893117081684474
6.160360452635217
6.051684870972364
5.95914999252796
5.927710035224274
5.922594915588661
5.899520453033362
5.845246575144864
5.770123227893405
5.688775655614648
5.610335705765156
5.5381696949275465
5.472981839954692
5.415445277374808
5.367076598149075
5.328792348652245
5.296652993610313
5.256141377940908
5.181979650762422
5.056181255841929
4.905535020123569
4.814237546502774
4.8369852865241025
4.863356643082942
4.715210881719079
4.511682958059661
4.548121084852764
4.582296205660437
4.3137320217555795
4.295799057601381
4.361432941409024
4.0426100210039815
4.182006256810904
3.98741022273392
3.915697305506354
3.917490639300667
3.7053344017518075
3.7751264352788207
3.5678505146659063
3.5432823588761306
3.5333472869627855
3.2114595949702514
3.5133365933387077
3.058423564649916
3.080806097945541
3.3051242997757253
2.7845572038322954
2.694303641573189
3.1059966082721226
2.9315755067051357
2.319589907197226
2.1619059277083372
2.6003205179309026
3.0779016547045686
3.1414073454088927
2.76476845219115
2.1672344169762345
1.5673730378278579
1.0820516757415226
0.738975900305832
0.5214251940505985
0.40232157210184755
0.3604990523403782
0.38498314478302936
0.4728198724839943
0.6223928837781667
0.8220517386229483
1.0359706710749041
1.1973281587076476
1.2292037841823977
1.1070875482432567
0.926472995861641
0.8671672189889545
0.9939337629985728
1.110564769967362
1.0207031609373893
0.9130620566436582
1.0184479857827806
1.062676695365353
0.9402214048791435
1.0121118546908014
1.0349085751113092
0.9486879465572745
1.0487938667911696
0.965079552149007
1.0237278320699932
0.9849628102019672
1.0131726404228225
0.9856571090846612
1.0201029377569464
0.9741853677328008
1.0299668727270153
0.9742532222462428
1.0116923683705739
1.009784075691285
0.9767438181387714
1.0149808527928574
1.0103693562977825
0.9803220046630002
0.997284556154816
1.018372377358756
1.0051961667516407
0.9857497455053407
0.9869968151001701
1.001830321403479
1.0129427292798097
1.0138143408953046
1.0079330529117572
1.000725942925355
0.9952425731766628
0.9920825122078225
0.990724836082318
0.9905655584684427