10.324898920075697
11.60159600492287
11.83038514490294
11.787137588680077
11.726413377663034
11.901175048349383
11.833986956144782
11.757139147316277
11.811214230724419
11.629695903027809
11.677241655448194
11.54507390439891
11.658445637843641
11.656683797472551
11.55010018246429
11.486960766668307
11.465324799806025
11.437947111838962
11.318504979495168
11.399899492665106
11.249739429029804
11.193048023669363
11.105286683026112
11.069805260903035
10.950845368752375
10.986814546802783
10.79723455794118
10.784002828798686
10.756850568295516
10.590065408189586
10.51658551782672
10.530684957565532
10.477617936772507
10.334194819132989
10.201793062080942
10.109499074693796
9.97621737645824
9.866804695841754
9.799900677971344
9.67413661212552
9.633245727649621
9.541639186437182
9.506765953797606
9.349076763702062
9.18437061669925
9.025945138326916
9.004478093789572
8.926112008428277
8.678001455860569
8.651904456230662
8.511681194709473
8.351618607187948
8.33315336305493
8.086117971982047
8.067072372472374
7.856756736689183
7.733008436160672
7.69769889202301
7.415439209900777
7.366804684035121
7.3310106759833396
7.090136034527785
6.864539974870009
6.771070185154614
6.732001487187555
6.658472842062087
6.5184320862559035
6.36253322547356
6.23217026859787
6.0869693093447435
5.971198201134046
5.838940588504984
5.660772527376251
5.410271006315296
5.154181219641207
5.048339903917739
5.126720547526787
4.946304801350394
4.5399554855006
4.629765285591444
4.53032151776666
4.090858030416497
4.360265582591185
3.7593622603195453
4.114389275022476
3.4333771531426662
3.8595199207981175
3.275683503150423
3.1667765245088564
3.598604068423944
2.805400810687879
2.407368051067458
3.097944621434664
3.596100863005751
3.2122963399422657
2.3161065075247107
1.4513993790510766
0.8519554260681131
0.5023036652307823
0.33935965112653044
0.30448295465210234
0.36882880378127675
0.5349564723035551
0.7840306542039551
1.0699037883005325
1.2443181923549345
1.1838893214128257
0.9428231621932175
0.8645704716041682
1.0614859437379223
1.0791453786177212
0.9075004939814626
1.0428198257873247
1.0143420153113152
0.9635355529030638
1.0453516774203129
0.9561036492063479
1.0324953980183034
0.9840800271530685
0.9889479402433038
1.0344130199723218
0.9637084679902761
0.9986081028776417
1.0319271199584303
0.9937000234517077
0.9715311355276864
0.9904633855730216
1.013799273831715
1.0233212219238477
1.023857551198217
1.017915945395099
1.0128749697444832
1.0154700995713914
1.0153123525751886
1.0194628961635355
1.0152870516665544
1.0051897373507783
0.9872243782180278
0.9871873792130772
1.0039147584730594
1.013475712307991
0.992548834814629
0.9936291350238668
1.01171394255783
0.9893050278209826
1.008331979528598
0.9968849737861052
1.002144175121745
0.9954833210185121
1.005158058807199
0.9894507021033078