7.240591866424006
9.577811774692009
8.89658312444246
9.363472043908029
9.108526147385419
9.162926387923488
9.119716111965534
9.198495665263033
9.172835982308527
8.969430754351315
9.080796230925584
9.16468984378112
9.05188067025097
8.995781256068057
9.033559030890356
9.03272280441877
8.958801973422368
8.867197373216536
8.802164308829928
8.768358080107804
8.750294229102023
8.729021775914964
8.687301187234535
8.616817957112033
8.53371064337658
8.479503156741439
8.474261769348166
8.471412280552334
8.433795520682475
8.405135634376768
8.338013491267317
8.171341999022653
8.149701033955186
8.196623701092479
8.035021096149093
7.953590155608185
7.962718058265685
7.853508486040675
7.7494013137735696
7.774035132008821
7.577628922314956
7.623927183017986
7.4451618227652805
7.457243629941578
7.293013392069648
7.274089672906464
7.218477403956958
7.00448322677097
7.045952654065191
6.969096084222921
6.776165056166707
6.73956679212236
6.7355153046358405
6.607814123037298
6.425062473754336
6.293706456276714
6.227139132133162
6.185517501930634
6.13690043542626
6.072145165833283
5.9931377070269125
5.900227111617889
5.788742224277909
5.6553034131682045
5.505731451533253
5.351544713911616
5.208576552257655
5.12461394985726
5.142507669114456
5.126844448633394
4.887783023544109
4.658222500196886
4.722193618689319
4.681829907287587
4.33615173127713
4.40750381204617
4.313269320723907
4.009602224008061
4.207093780179556
3.7399946878197547
4.013842833487503
3.500607068697542
3.800241389806505
3.349009693545013
3.3603564701346182
3.5048568372717916
2.8484310504610884
3.1067860503437386
3.3211425019178162
2.625636894660322
2.2659401444459384
2.7728041189569606
3.3309622579438054
3.274203431360048
2.6715207501753633
1.9022793734579186
1.2426904832678343
0.7831618885755353
0.5066846194484039
0.3677950062301851
0.330148137668029
0.37524668208729756
0.4983806023314307
0.6966193625620117
0.9451506461414417
1.1678640958852586
1.2459812442308482
1.1193836654970712
0.9143072026344214
0.8773585616226159
1.046522631760333
1.0989070149472473
0.93386835919707
0.9739913493623309
1.0751033926753057
0.9422372189173716
1.0235715928491014
1.0083356718221959
0.9766833483709673
1.0297745779576288
0.9746921239869538
1.0168870406385844
0.9978856996123256
0.9866527008797132
1.0287965114801696
0.9678126004100592
1.0122704767544461
1.022588631419095
0.9754163101429418
0.9885885277118859
1.0214952831290085
1.013217224492756
0.9869419982908664
0.9776352431700784
0.9869279486776688
1.0008490039011642
1.0103771986125791
1.014437185067895
1.0154525145178213
1.0157841569994068
1.0161017453324568
1.0148128472594047
1.0092278686075928
0.9993058299114743
0.9901658441316284
0.9877303686839275
0.9939558220895401
1.0071494997400718
1.0118291622628852
0.9940271549931825
0.9902692763429213