6.6675911793798255
6.557644235776165
6.621398071671088
6.652267097112798
6.53064851332671
6.3738115595402975
6.421154330562197
6.547571811031065
6.454414523609646
6.388159237396834
6.514413700580943
6.419482478955706
6.379795964769733
6.481906684210854
6.349610157114779
6.481301118587055
6.399139365790355
6.4434210673639
6.354086930745992
6.331554430528484
6.258158716951095
6.343734128371721
6.2391978233197145
6.294209379760311
6.131734107632826
6.212688789958666
6.2015294048693
6.0295288995459915
6.130406421258605
6.1012661505520684
5.940887333072536
5.986843902828238
5.988301615578372
5.944386779157608
5.8057549874126355
5.783051410117187
5.7995848628203435
5.814935616837558
5.748867353156497
5.68517128267877
5.565116601521771
5.525018757263788
5.440500241673439
5.400816201779183
5.371100482020023
5.295478602409619
5.2558288429815265
5.213812169444276
5.135842127410717
5.080118900977084
5.064650905696684
5.058063614819886
5.044120624208084
5.011427290683016
4.930108707288011
4.796288543068599
4.688312991458045
4.695078003891227
4.737923846949728
4.623260426436147
4.428180365350901
4.445401864427077
4.487679681600721
4.258009007069219
4.227256807710446
4.29951433434948
4.027281119037308
4.128190400302656
4.005637916727156
3.8828724450513286
3.949896878468643
3.6771482113200142
3.8283808226899527
3.5259400069456484
3.686952266843148
3.43933848209049
3.434819928034453
3.439950938535548
3.11538548519902
3.408943654515994
3.0587625124255573
2.923570532301316
3.2388962880259755
2.882369642197151
2.5661510999100186
2.8901581101844056
3.0344173630397204
2.550294954493349
2.112362355775682
2.2582244451214804
2.749471495728108
3.0871649518925235
3.0092878707236332
2.578159195561526
2.017450222147353
1.4671773666972652
1.034081764094576
0.7268944124123544
0.5233781932876986
0.4124379496786293
0.3729683929166543
0.39055525523801404
0.4665576868277973
0.6035066186997324
0.7882776424687739
0.9892995497083883
1.158208683841454
1.2308897732235138
1.1622422371610905
0.9946630599900361
0.8719780123870848
0.9181522258445991
1.0641743290729937
1.0898775434697974
0.9602890402968794
0.9315276677485246
1.0544092856683414
1.0317977952963644
0.9377295468582132
1.031966418045042
1.0183635602914383
0.9540095803636781
1.0453245786730794
0.9658368256974242
1.0147414007523452
0.9970193085588451
0.9972253387827682
1.0094666281217777
0.99489986821527
0.9994497997333542
1.0059225572453547
0.9850671057782503
1.0258483131645875
0.9730301063711678
1.0154034095985516
1.0052948340925718
0.9791041375581058
1.0172799456321882
1.0062550773238774
0.9785164175925519
1.0048529840572837
1.0181638418198184
0.9964251480471057
0.9839009455530807
0.9933178137673948
1.012995948782984
1.0138282413015594
1.0066519132198641
0.9937536225114885
0.9873628731797508
0.9874506118693607