19.126429290750373
21.3153539915464
21.40703689678645
21.285268321085823
21.130556040303787
21.294892556590717
21.431924445279044
21.184084294096007
21.20748582860931
21.06175894451585
21.18275917390628
20.890638744853327
20.97404235767379
20.887465391482994
20.734790405293523
20.6243601003335
20.492393625279806
20.464364216702755
20.424106555368073
20.30770025432829
20.145832672936915
19.962064676122917
19.77886447731919
19.66021455283659
19.625243172505865
19.481661789507918
19.204378008628037
19.123520567183547
18.88472363069271
18.80696897534668
18.52316140770433
18.468711792015405
18.144117198379206
18.02890294215266
17.87763799598285
17.6572655266406
17.359330868654393
17.12612142589807
16.946801611920844
16.74672267908493
16.51495307562305
16.278234806153655
16.07638132128652
15.926617922665715
15.734109091215753
15.392841422774294
15.144298628943549
14.995007700357323
14.60484699566775
14.529662388667784
14.103275291180234
14.017066357378868
13.648645963196355
13.378204088230678
13.237408950473041
12.9729959290839
12.601226125629676
12.295433000608446
12.040600193889679
11.77746507919112
11.498898410906932
11.22674187942097
11.000357522936882
10.835287680698581
10.613452654976287
10.203378065573924
9.926250474607736
9.82341814167604
9.327290323219309
9.278093253502984
8.798916884678292
8.758712646041218
8.285188166094379
8.064248326430969
7.9875362229703
7.604998491953886
7.186104190685118
6.900290811196195
6.666894735398302
6.418913328988787
6.135829984410212
5.828440952470606
5.574401314430291
5.504755834529316
5.505648537086633
5.0417180850220715
4.511567824687921
4.838814887315286
4.072707366699257
4.279546154841862
3.532754795107398
4.1271031586970786
2.8672664159004175
3.1104451639807738
4.075898938569957
3.522990533022295
2.1683772698312977
1.0891004400227604
0.5121541078992008
0.28358606952343957
0.25829934020203466
0.38142997732783146
0.6486708706844315
1.0118987230117138
1.263591579408477
1.1399335350612403
0.855817844151969
0.9980874628936445
1.0966587745583316
0.9014163451997427
1.089429671800707
0.9255719837235327
1.0609773416508965
0.9792449555848748
0.9662856416485371
1.0481142494963238
1.0207009069888233
0.9734781961590573
0.9628132684043319
0.9696874210082559
0.9765781225133973
0.9775504873743313
0.9738449309937385
0.9743306251364476
0.9920628122821813
1.0197131873895895
1.0122141296033464
0.9782163216919652
1.0072512069379258
1.0055067691602273
0.9909898195452741
1.007794432507389
0.9976065417296167
0.9929127476003318
1.0156563787499573
0.9912910263179635
0.9895864814861732
1.0033366494281588
1.0115834403363697
1.0124237670644054
1.009680873782574
1.007986775037929
1.0087703454935562
1.0095080065981688
1.0048308373131283
0.9936663659238004
0.9910695431007345
1.0063473478392757
1.0032984980765545
0.9933469548382654
1.0072645122414496