13.373389091500483
12.845351375968132
12.840885687197758
13.018235119435436
12.658870076317859
12.891352652870932
12.929317624612052
12.77634734277451
12.785987305052098
12.686808677079336
12.58842441952912
12.603176811597566
12.632162135537513
12.602275483440328
12.528669752832664
12.45213480662022
12.407353251515174
12.408749417852862
12.414975424975411
12.337600193151475
12.20056444199275
12.184391400333007
12.18447534388811
11.96532535016931
11.937302828944457
11.913447629032587
11.783487626913946
11.730195409092518
11.611905376003437
11.556229165710887
11.469578472902386
11.315804647501686
11.290987899380799
11.210948841268351
10.998491392766217
10.923002605581495
10.920056233002477
10.79908632213825
10.665115256122872
10.540110715606144
10.393053013197273
10.246256872386892
10.123499978641886
10.02518467134852
9.944082825706598
9.865248619951107
9.750678543239676
9.560454037740367
9.345724800071206
9.251392012119132
9.214802349003755
8.984931100854915
8.839435399969615
8.830745155085586
8.51724798173936
8.522291584635125
8.255239872444278
8.249694944085809
7.934542444686837
7.965621005150696
7.70688233732506
7.52427114090599
7.512807171125094
7.329112896924249
7.0474540744046985
6.897436968206091
6.857861517478982
6.772396161396519
6.629936825288337
6.475982166426591
6.325042417037505
6.179135385615066
6.036852150278922
5.879070474587201
5.664808434662247
5.376750158130617
5.120372700850009
5.085476730579244
5.1393965900595955
4.8083233359308775
4.486403961954659
4.686865216264796
4.22617072652939
4.205938891737913
4.073087192550654
3.831372816957824
3.702024110852684
3.7442161911497562
3.065046503024393
3.6527267153773826
3.174638236020992
2.4251385878810523
2.959443328570363
3.6343311956810465
3.385971345315786
2.4731846259202497
1.5336731820187384
0.8750698870402621
0.502482924058856
0.331819196190646
0.29724530977343816
0.3706433249695128
0.5479656450119205
0.8166201280251955
1.1050369745191166
1.2564619311828094
1.1380639597614444
0.893827924711292
0.9040777236764943
1.1101989582972263
1.0117243666203883
0.9255949887764616
1.0822341566690135
0.9377571084119016
1.0503080686719615
0.9577017770508904
1.0457798148601256
0.9521565247639048
1.0423369597695784
0.9868186203234917
0.9737157243222605
1.036309385274465
1.008955577135393
0.9697423801489838
0.9814464361140426
1.007725645956777
1.0241956621390473
1.0270334655696067
1.0218145429688055
1.0169115574212313
1.016270136449148
1.0186838609164117
1.0198268585167767
1.0138325197674316
0.9982946579429758
0.9839911721155974
0.9913306354284938
1.012826395531489
1.0044184147940773
0.984316743955259
1.0090500066843542
1.0022251644490807
0.9927571491902056
1.0086071905113003
0.9908246407104837
1.008989868260476
0.9937356860722534
1.0004823478175346
1.0067499450909858
0.9912255699845948
0.9999858733141413