1.9823158089810118
1.9750720367696133
1.9538136598519846
1.9199140523336167
1.8755160073843984
1.8233304071859517
1.7663877581952114
1.7077706638083143
1.6503565743906201
1.5965975993091122
1.5483593232535027
1.506829562993875
1.4725045303384228
1.4452417197662046
1.4243728067470927
1.40885025913519
1.3974125412331708
1.388742427593352
1.3816040188999013
1.3749447102202703
1.3679573888024223
1.3601040187294942
1.3511074377433288
1.340921938163961
1.329694113846184
1.3177257934223123
1.3054450231859585
1.2933907373354507
1.2822064128432409
1.2726405387722026
1.2655420448344326
1.2618434877530291
1.262522808921627
1.2685400416660857
1.2807495708168757
1.2997945581009198
1.3259954351026932
1.3592483119436733
1.3989505313762263
1.4439698129948935
1.4926687816960864
1.5429907263457767
1.5926039081807517
1.6390929298255728
1.680177978459593
1.7139379836570556
1.7390087177599969
1.7547303539655454
1.761222455236927
1.7593729884850655
1.750738452258973
1.7373637421052226
1.7215413208379382
1.7055380472708512
1.6913232677114303
1.6803333336848616
1.673301162610523
1.6701789896672972
1.6701583954182917
1.6717925097250794
1.6732019369543993
1.6723382624351089
1.667271004440189
1.6564589103738094
1.638969014682587
1.6146133279163477
1.5839839489996805
1.5483814259448347
1.5096458105959338
1.4699135726303467
1.4313344047538619
1.3957865908262441
1.3646336893511128
1.3385534981079676
1.3174674538893747
1.3005779904358463
1.2865099173533314
1.273534229705858
1.2598414467355425
1.2438236346770186
1.2243226830086942
1.2008071665386892
1.1734507115098085
1.1430997116569495
1.111135361288213
1.0792515055001388
1.0491834631447536
1.0224313102896427
1.0000221115819758
0.9823504293326978
0.9691236267805382
0.9594217243651543
0.9518624732705645
0.944844389279728
0.9368267389007569
0.9265984004321092
0.9134886018033939
0.897481880159907
0.8792158789026947
0.859861191854628
0.840903698396856
0.8238683361789719
0.8100345234157164
0.8001965582578918
0.7945147811904157
0.7924872578982515
0.7930492810231488
0.7947833833159623
0.7962004598588871
0.7960374877264685
0.7935125366659995
0.788484727408394
0.7814846540153493
0.7736063972582722
0.7662807162078359
0.7609743887576917
0.7588777905869956
0.7606470562175354
0.7662576636587578
0.775003843276994
0.7856474108011643
0.7966867171966912
0.8066886447974857
0.8146104601161456
0.8200381148702338
0.8232841436015825
0.8253186950825395
0.8275451108863097
0.8314683344980706
0.8383315365916519
0.8488066308571955
0.8628146294295128
0.8795230494538945
0.8975261942981535
0.9151693241573992
0.9309406194971531
0.9438350652216535
0.9535978759214564
0.9607821972894675
0.966600868291357
0.9726043347276974
0.9802631411097759
0.9905613260120749
1.0037081589846855
1.0190482607973277
1.0352001462212124
1.0503927997787823
1.0629152019952202
1.0715597574471734
1.0759380488725527
1.0765784213793999