29.586742911958915
27.469785974460972
27.62207778220585
27.471722418357192
27.342249320466653
27.480649379076308
27.36055361326256
27.40078721825557
27.438044247248808
27.11205861035387
27.022651226896272
27.076701899019884
26.917282014174763
26.933098774947325
26.709934772413558
26.614934969838643
26.434782996565048
26.168463782241908
26.075921564564688
26.037452390624484
25.762937375300936
25.655548140219185
25.44687223394231
25.25346882327753
24.959417696037207
24.861884439176148
24.601662718034934
24.331384840808944
24.09977992945553
23.969346526659955
23.70128228337102
23.50021817117665
23.178262449435394
22.897565345159904
22.58628051345159
22.31098404498586
22.122413039284133
21.75533998010678
21.45317193393345
21.234493334830514
20.8422899374249
20.591448962644478
20.339161825360087
19.919267091256017
19.626038981182592
19.38761020454655
19.099326863188555
18.726420990476175
18.415696452586882
18.0748542860002
17.749987056954307
17.392719652309456
16.937470621051006
16.58496949389549
16.37312752980419
15.884613896117836
15.621512942870309
15.20678357456223
14.953527575208327
14.4536142330738
14.250269067444707
13.916400592581503
13.445991466104681
13.04194104342394
12.664327623881938
12.333238893608243
11.955424073900767
11.608805983916792
11.33054984143457
11.106398214833877
10.729527182045112
10.189249685449763
10.051026876917321
9.597869633689475
9.316207931736757
8.869438598621835
8.756470474164495
8.166982109163335
7.857068474085763
7.732802009530492
7.487757405259621
7.128885560677683
6.7916087686734095
6.505629256325295
6.274628375091867
5.929838123435218
5.313688516678401
4.843724551655363
5.110822139167415
4.478207945687516
4.189363108330785
4.067869487672682
3.895590340908537
2.823219400324815
4.007536595191707
4.056957079117021
2.582637265083091
1.2349985869515199
0.5231873480211775
0.26374829678194467
0.24331598667958046
0.3945297089839796
0.7115951502428063
1.1062966145895927
1.2761291287753174
1.0011512724066576
0.8662041198336984
1.1308777218587656
0.921825888036405
1.0700039907474637
0.9308548357743783
1.0717850681686487
0.9768187988120888
0.9523154109522287
1.0205146669271479
1.0450130347712927
1.0387432332953248
1.026553946321201
1.0281432043731509
1.030723782665004
1.027422414157265
0.9996222351509488
0.9737036418783929
1.0071278525104537
1.0120509571488783
0.9790010316711909
1.0191281279454187
0.9815860501424439
1.010072829191438
1.0073438640270198
0.9834708707432895
0.9968648013754523
1.0138378943200212
1.0138494434883667
1.011829349031707
1.009867936225416
1.0130416631904082
1.0109271497399432
1.0019336813302466
0.9902542153392557
0.9990213958737556
1.0102651908558806
0.9905236872578538
1.00853779445745
0.9922884985029076
1.0100026454227902
0.9941896799863604
0.9963339845490142
1.0074701337159013
1.0055836607919986
0.9972429387571471