13.364392917604656
14.190956647801636
13.918403187145515
13.892076511639607
14.165589366172956
13.966965242972705
13.976794703274173
13.888584028207008
13.763721777243264
13.881776304666058
13.782757074054455
13.664259132158552
13.701029549230366
13.759687084382296
13.751973352558482
13.674898642635826
13.539372693903296
13.423050685558064
13.409392199699433
13.368108991435344
13.265348528417926
13.291299221273375
13.190122608555981
13.094720371539038
12.91135509202097
12.874347888282985
12.836198877130919
12.728620853502978
12.564688870095342
12.557849851257801
12.365823266422256
12.38879472166033
12.140494079319783
12.137155125294926
11.896919516724703
11.883191713314783
11.767078981562083
11.551914288656874
11.497900201496417
11.429878005538544
11.251878295115622
11.060227390319392
10.919308634242478
10.803047953200421
10.663012750997343
10.51324356275301
10.388218616894617
10.22409385966302
10.056477839957246
9.966478877692452
9.866955489796998
9.784933328063227
9.519888572159319
9.32102930994314
9.28492939640296
9.086047483418474
8.860750996822334
8.846127069069206
8.498860418758413
8.519952909779846
8.185864329974466
8.194944558160808
7.927738177409576
7.724420600420818
7.716618463118456
7.456401260676036
7.176561666918002
7.073893529525957
7.0134169110187266
6.881403453514739
6.695481447202282
6.508023828368996
6.3312618652275585
6.162984859018987
6.0326087078614785
5.897888129596171
5.677437645550962
5.368153459677709
5.053312734694597
5.045347886881266
5.079166838901543
4.630453871159959
4.455474068842979
4.594645967051942
3.9581657036054017
4.319615352090939
3.5887691868176232
4.051749314828776
3.22175792190918
3.526051212322879
3.5367609604383
2.5471881384377073
2.8065279160836933
3.63345826572119
3.5460635740775617
2.6365529213907424
1.6267031671201813
0.9043229322067746
0.5009035090315096
0.3231399048066748
0.2887160284579934
0.36987365861534016
0.563826451171184
0.8472725407451206
1.1430942780924676
1.2596624840647705
1.0892452818320353
0.8601183015435188
0.9625691198475939
1.1195567607107795
0.940459542957772
0.9963870673813998
1.043993587390472
0.9462221078426571
1.0533067535582512
0.9631485125565635
1.0184365565503162
1.0150962429851627
0.9579992249218068
1.0311367538462455
1.0163389624551689
0.9670570856752859
0.9799272275261293
1.015771137314272
1.0307243296837878
1.0252114867173276
1.014877496875205
1.0107216275999584
1.01214526086572
1.0138656129150547
1.0197835952024084
1.0200216919907394
1.0047499752152897
0.987259269888331
0.9854726992476509
1.0121005875618811
1.0084714628656832
0.9836637361911494
1.0109018701363004
0.9985420270074327
0.9952990039217794
1.0049850255555406
0.9971828647099444
1.001058447328988
1.0067953364660782
0.9889346998318501
1.007629478885112
1.0041427372963703
0.9901554828918357
0.9960486588747106
1.0076694070885779