2.5559326635374617
2.398728652177972
2.042591161456995
1.7101209334130927
1.5365716275586916
1.534155450096911
1.6556382587167204
1.814079129701092
1.9029123573016413
1.8771671970730828
1.7916648484120439
1.7248317946140583
1.6996521303117764
1.6966400841740594
1.6981639755504125
1.7002120633143285
1.7141135446501303
1.761206524015133
1.8353054260800055
1.8792824992168793
1.8351808635118658
1.7143956590286433
1.5951634927272058
1.557059741981883
1.6243746963195735
1.75059088844142
1.8490016628316843
1.8624722429815317
1.8116966124211693
1.758841676579467
1.730387670596825
1.70052910950669
1.6447833020609735
1.583427382202892
1.5673742887072895
1.6283331456407089
1.7388994713242643
1.826038385082467
1.8401166184810396
1.8040476702263628
1.7726859676700246
1.7555294074772205
1.713121689069542
1.626910856946625
1.537992255664647
1.5048911237437135
1.5400747878133527
1.6008239498186916
1.6424452477606908
1.6710116027734
1.725249627946949
1.8053431369333794
1.854617788611183
1.8335914132357392
1.7761918354978057
1.7356395531821482
1.7052485832785602
1.6407684009583214
1.5428150825682623
1.464704826858232
1.4380433815924203
1.4349981123759736
1.420449664885028
1.4098825970855566
1.4444886676313788
1.5216405677345144
1.5921401749030555
1.6354855016965295
1.6898826311178132
1.7783155572830152
1.8571247363146408
1.8869816631406608
1.9017063094833553
1.9419689230750947
1.97456108275597
1.9545093765825268
1.9127876932325425
1.896661318636004
1.8786828202470935
1.8152018408993837
1.7366054821512813
1.687604912549169
1.6404035568922868
1.5569508801316683
1.4694036923323874
1.4138630583466008
1.3586362066154054
1.275166418403535
1.1986496353389038
1.15239892666255
1.100708199188738
1.028485202144387
0.9727327192198777
0.9407109170400465
0.896201985139419
0.8408033554116836
0.8084645423561508
0.7887869921574181
0.7523029885838761
0.7175199550901596
0.7068336532488356
0.6950651786035066
0.6691942627249926
0.6582677059362287
0.663991743563965
0.6572766214471194
0.6483640558901304
0.6616368422623359
0.676152812937173
0.6771049253558933
0.6923886580736551
0.7231927701889911
0.7404236484941267
0.7574115997388904
0.7962150233855625
0.8305345996560145
0.8512741669446776
0.8892847077358446
0.9346312868588897
0.9596447907552329
0.9889908210669146
1.0336979757292464
1.059189155484833
1.0734602303619634
1.103949054574542
1.1221192629553742
1.1171904435726092
1.1234960240926632
1.1269855172053123
1.103305727912144
1.0847892948740816
1.0734550587818699
1.0391455193997916
1.0073162310058987
0.9921760005738408
0.9630743662534171
0.9375231698262209
0.9359089224883699
0.9279161878714227
0.9238107291455893
0.9452437164234881
0.9605657612468823
0.9744052133672987
1.0079775181192334
1.0280600718918869
1.037172856536725
1.057702415697325
1.0576784360005884
1.0428080502032415
1.0383404690800326
1.0159896455989144