1.0739645393979407
1.3042101699128978
1.856736898812737
2.2628037919898705
2.1600239830764876
1.8042336992450263
1.6347926567986317
1.7710418678872795
2.019050099914442
2.0836969113328423
1.9294016531486948
1.7844944611596303
1.7822556613341358
1.8692029285228204
1.9289016448100529
1.9278010006427084
1.930983521958318
1.92598039484822
1.8502592481970592
1.759454645284515
1.7755396215647026
1.919145161595678
2.0332258214214907
1.9680294974615378
1.8115963843675502
1.743845320172544
1.7880653596046083
1.845165560431911
1.8712001741383637
1.9195076426605509
1.97208112354689
1.9159150993754681
1.772183815959731
1.6989791877062541
1.7505685638679656
1.8265638830385966
1.8587340669656656
1.9021724724639761
1.9570515981938876
1.912633967266824
1.7808981143897014
1.702723212356215
1.705602494009051
1.711039503561757
1.7269199410862754
1.8192266475540628
1.922414521921708
1.922883544316754
1.8744407353398709
1.8483772242627485
1.7763664368394008
1.6578048518193538
1.6068209661384514
1.6278750277222949
1.6403484200047607
1.6745961580678248
1.7800415342009916
1.8634133712817793
1.8758210752812383
1.9004618770691122
1.9070196198762412
1.8226143787081441
1.7344492506648241
1.6778112579951305
1.5805399832573834
1.4925905854942345
1.4777082582480543
1.4687622621093843
1.4626362037376652
1.5282644858475294
1.6088976558481625
1.6618644226720214
1.760022601732425
1.8605449815099349
1.9037342332874951
1.9708901351871662
2.0281683338177667
2.016463310662778
2.025065281869239
2.0184077980091266
1.9494652998497577
1.909162255844053
1.8510307127206416
1.7483262605893584
1.6838041237285453
1.597604334729562
1.4889180268298723
1.4213343628026598
1.327211949549938
1.2329453831797443
1.173019206982242
1.0844017192855464
1.0149347898029273
0.9644218123882703
0.8901522175990518
0.8471700626477019
0.8038329119209562
0.7507313572764556
0.7293779666104654
0.6924113301961009
0.6654150948247807
0.6571286157362749
0.6309681577049455
0.6305194075015883
0.6278025891839422
0.6217184439577447
0.6410341955938877
0.6436311497546331
0.6650038693563338
0.6922281121497807
0.7093694429926378
0.7536385506537662
0.7810843125855922
0.8222022781736927
0.8705006511605006
0.9022239871163895
0.9588186917301413
0.992318536365269
1.0338947717255382
1.075230741800515
1.092496865723719
1.1275400220045064
1.129218210654924
1.1367448018656783
1.1320673041318678
1.1065302832227037
1.0938938018904152
1.0504345881975383
1.0257321163017319
0.9869567611907291
0.9560944110065224
0.9387347038448821
0.9168935311051128
0.9266741021113423
0.9264945726550534
0.956661760974367
0.9778596546479407
1.0101537349329242
1.0381720031565607
1.0510553133907108
1.0661287402550337
1.0492659656917938
1.0420989430882261
1.0063859376887416
0.9882722408380461
0.9604568357195303
0.9541930412597911
0.955946100359508
0.9711954488470116
0.9981056304477463
1.0170855649681005