1.771116632920861
1.8854716272108443
2.1849947039820568
2.1875123647393933
1.9472135775139632
1.925654790151537
2.1462372634801254
2.1977981884447435
1.9563111852904707
1.881346858332226
2.117295905573599
2.2275801759623644
1.992368368087433
1.8639141811996456
2.049426141079224
2.1828559736697186
2.0554501375924175
1.9566739528754848
1.984147796485306
2.0139469923245783
2.0617555330537054
2.1258377516954536
2.017583498191384
1.8744416664927794
1.9636243823684552
2.1174859560136943
2.0792406651873145
2.001977912768072
1.9615787189345708
1.8973782020348469
1.9496837713088417
2.1030133414251937
2.0823377226736
1.9631547604976047
1.9228778419695343
1.8791645559205012
1.9033788267646843
2.0488602899365165
2.0736099979452143
1.9898204620013635
1.9412225985772433
1.8420440155797797
1.813296608313969
1.930260461353235
1.9905661549054299
2.02225051184244
2.034518407497566
1.9040006167495023
1.8166897532652173
1.7906057375140234
1.7683646008576053
1.8705232190307155
1.9612891788752125
1.9845412140197949
2.018545558552703
1.9233723795112412
1.824119724576034
1.7534346830836713
1.6645311437196098
1.6961487241773796
1.7446242097717684
1.8165183859359426
1.9345830150087004
1.9580936944202514
1.9939655160903424
1.9464953422358866
1.8526182658076804
1.7726401068418993
1.6363283464732188
1.5762061545155794
1.5113613365088525
1.5032007653474087
1.5515196428483229
1.597367268603018
1.7179525228089971
1.7959731416072442
1.9154510340207163
1.9934185752798277
2.056413943393967
2.105713460938264
2.0944656062657385
2.099196856535393
2.026159433648295
1.9850662409015305
1.8757671365314572
1.798484813225192
1.6776368270259145
1.5787144090385217
1.4637002135235142
1.3574288650082478
1.257603830911928
1.1550559843578445
1.0738184722860258
0.9820350516336372
0.9193876474096124
0.8419406583103405
0.7964872065930283
0.7345951341852046
0.7047602031013802
0.658395487126244
0.6430161356002069
0.6117348700983444
0.6102323758203012
0.5936490308911283
0.60591901695438
0.6038319394063097
0.6299027782161081
0.6420909041943785
0.6815446495687212
0.7072569824768802
0.7584149822273916
0.7956147345247181
0.8545894364326359
0.8991358880828219
0.9590576838520094
1.0042174931045833
1.055223317839738
1.0921229478842382
1.1228830003982782
1.142533308981541
1.1438727084844325
1.140887106508668
1.1110505556814383
1.0879104728107802
1.0371665237695913
1.0062107815510424
0.956695703450777
0.9363291154307204
0.9134455051518466
0.9175038569159794
0.9340975107566016
0.9596156754872379
1.0027116870959114
1.0275950686001036
1.062464679305572
1.0618177806328997
1.0588216267363069
1.0313054113981162
0.9964776301951747
0.9722479893007809
0.9459487432769458
0.9556848874137123
0.9681921920864106
1.0002416856379777
1.0312247639478105
1.0392779954343638
1.043218612794941
1.0132238379287215
0.9880165709866839
0.9685892966060592
0.9600702267345965