5.425274787723594
4.771185196619944
4.607680198388245
4.666856145695676
4.64080473524123
4.732774595926065
4.7640373498798505
4.530093127268096
4.617921353573013
4.691165099639684
4.6797008940123
4.742221277997997
4.577182961539439
4.611629635876952
4.506105775367388
4.582077828717401
4.539034695161751
4.619284220786319
4.569419762395463
4.636309157072831
4.563293572727482
4.616843654036717
4.549615357699293
4.563352569199309
4.547805415504796
4.491430805440063
4.515007489259152
4.442193220589319
4.397317424276423
4.383382629394293
4.2998800147512215
4.266816909646895
4.301509858615098
4.31114203417551
4.310735781626395
4.312032962087795
4.251551981624375
4.146572804407278
4.112577284202182
4.175148942529338
4.198980773735297
4.095661801804866
4.007130118109412
4.0538618622384295
4.0569663004269625
3.920594576447964
3.9133950558624857
4.000875948670558
3.8711094826176784
3.8246180037065494
3.912465896986123
3.7418228620994403
3.763519542889728
3.7746081740790896
3.608760905050869
3.738073923724549
3.544049876847996
3.635677828413728
3.512270147897275
3.5283011641459403
3.460914927373667
3.4383710437600126
3.3679763830875267
3.3702193721132843
3.234371601751614
3.336699646512183
3.1037152852544025
3.3005656883487178
3.04940950677407
3.1120909718546947
3.1101305585688466
2.8577894419634813
3.0741325825627444
2.9365381871645657
2.7110671073543684
2.937215545816104
2.8555304279029285
2.5428104255839767
2.6719039705748586
2.8503806535754985
2.5713787707562674
2.2873968615393467
2.451053918265578
2.706817668533946
2.6094434915636007
2.2282786007556195
1.9281859456239288
1.9979320359295227
2.318473098182134
2.6547505703244703
2.792784971656273
2.6793624191372682
2.3724411421689426
1.9746921656076761
1.5670383151460154
1.2154842801220072
0.924484743555336
0.7173630419412691
0.564711557732238
0.4753497156137127
0.43072083609357587
0.42698707930449675
0.47098898405269113
0.5491420561126308
0.668302495120147
0.8218348790618484
0.9781895851465817
1.1204481986182522
1.2063468561007566
1.1932356754832958
1.096518269510229
0.9666859161949698
0.8817825945277317
0.9093216123002693
1.0233546481688487
1.099557000571975
1.0456262651455308
0.9398861536163405
0.9416159695759867
1.0406380059747147
1.0543440792211443
0.9636986625560893
0.967494313443981
1.0478373020961302
1.0026492651821415
0.9546644962886444
1.0305348150213054
1.0057828755467437
0.9657491126339431
1.0354977588539356
0.9845430954721541
0.995371075971962
1.0234040161151166
0.9722819851001561
1.0298549787072815
0.9758698462718027
1.0199099678305628
0.9837042591292591
1.011673212955282
0.9859774592517435
1.0111305943780584
0.9842103284503908
1.0178980574249663
0.9824241887836719
1.021282466090851
0.9846303665763355
1.006487733508161
1.0015790786078704
0.9870948246823706
1.0182478333816263
0.9918482683001452