2.1169704502006774
3.4953549364068097
3.023939212095838
2.917244940501216
3.238001238765246
3.0592828192409454
3.025333336710677
3.1012732675549963
3.048156757374133
3.155424482788532
2.9809700667046233
3.0275105620238945
3.1799154059192842
2.984269195560555
3.0708346193067406
2.981867436399715
3.092949344593721
3.0780302975801743
2.973932773636357
3.035814894077912
2.945681354255587
3.1085755759326834
2.96094438407693
3.063398338502611
2.887154889877619
3.021030175150014
2.8974587858335523
3.0540534750223856
2.9091338706729064
3.029513008844654
2.859777840793341
2.964462920612594
2.835213720944829
2.917980534920664
2.8728987311226164
2.870041614041299
2.9301919353986055
2.8085811523296447
2.9401721641120133
2.785721967459292
2.8542644275105804
2.834255936755176
2.723702820326589
2.8522706142818626
2.7067319373188727
2.723429005218358
2.7951508219049606
2.626833672464683
2.7127759698202376
2.7356726722426634
2.5722466650067743
2.673053874774667
2.7008651938119637
2.5295520203696453
2.599159345628236
2.6870798175556097
2.521166067132084
2.4856792220181956
2.6331781867512953
2.568751460439642
2.3896006367788667
2.4418190206831563
2.5633290023936683
2.4533574523514403
2.2775823216697053
2.3261317817245453
2.4857430515029395
2.460120317136923
2.26016806613704
2.1579604986229968
2.265397423893195
2.4029726436364713
2.3674693576121566
2.1743761574635605
2.012430491092707
2.0258716694731294
2.1802490773986762
2.323961992647917
2.326127183436254
2.1607218457105812
1.9181201853256078
1.739334092557747
1.7161332193087564
1.8437468335353047
2.0457372822460815
2.243635654156773
2.394309173330068
2.4534768613418834
2.3883795830940757
2.236245195205415
2.0433969187239596
1.8089336081921152
1.5600618700086863
1.3411387878637544
1.141229291405737
0.9593822911963287
0.8210360593967956
0.7085691078949026
0.6151375939782139
0.5581411336736168
0.518426906788972
0.4975941173831272
0.5075435119283381
0.5286181809842484
0.5755454302181976
0.6453926219019303
0.7236640412883224
0.8281962760783604
0.9295849976778146
1.030167596608871
1.1197004055090245
1.1661175124750172
1.18634698812571
1.147422499303444
1.0804874511679665
0.9940217180077514
0.9202502466540513
0.8948602926336034
0.9171846657494818
0.9904431871754069
1.0538330375370135
1.0873753332632676
1.0468099868652834
0.9853468643233823
0.9334477314072195
0.956497514525938
1.0125321293976681
1.0590784463587928
1.0296882741551108
0.9734182741706857
0.9533589121954721
0.9994446546059104
1.0449428519436876
1.0159313757567974
0.9700376329296186
0.9727282140463964
1.0283884489432435
1.025489236349831
0.9747999154818331
0.9813142225209456
1.0229927635099554
1.0153856389380012
0.9734919607595008
0.9956549640158621
1.028968943345182
0.9871141331527156
0.981855167246066
1.0258527964359165
0.9964747939435208
0.9795318645914971
1.0224444463822862