2.22986899543899
3.1285824036796868
2.651522650402771
2.9602398695604335
2.778705036570078
2.8511643291106865
2.818123772911824
2.872221261798528
2.7496503603099347
2.93337087497389
2.726419749020259
2.873016380568199
2.817957639719826
2.782283352517408
2.823443912485331
2.8436364294658145
2.722871496712093
2.873834229343094
2.748404971293797
2.808372506966912
2.731507974892241
2.8725535635097263
2.6633606256420075
2.821558428208274
2.7505988667027967
2.7445257121620155
2.740083835374837
2.699855942194411
2.8202075789408325
2.6280981302061517
2.733786856131793
2.729577914972127
2.6577031875301063
2.7414291345477455
2.595701563727029
2.6845725477521487
2.7302033688574796
2.5646618112089143
2.6588687041938157
2.6379174300583696
2.549092226235287
2.6816131884717356
2.608935845625402
2.4793629535772315
2.605499221913255
2.5926600107833764
2.468708511206148
2.565829052082009
2.595080202191549
2.4222254740317513
2.422507080047685
2.5536894686470704
2.4795687133810063
2.355445058584562
2.444238865753598
2.5316889395219335
2.3987472362656685
2.2677396081768117
2.3488664767713696
2.4527018996729324
2.359885782229297
2.2011492703576394
2.214488687733897
2.36022425348605
2.4018573477805405
2.2601618212691106
2.10609018809705
2.1167632373537106
2.259221977335735
2.3505954013757355
2.2728573792982956
2.085560395669884
1.9476955229122228
1.9636595751851227
2.1041612936786778
2.2476410058656415
2.2804411810244942
2.170070365125702
1.9713541911819503
1.7810272702418162
1.6815149276605963
1.706323355998004
1.8366556633049882
2.020348571893449
2.197620655589026
2.3212835922328026
2.3661310451029625
2.328397878638121
2.2193987869140366
2.0578026500443722
1.8635854207191662
1.654745983625124
1.446282600769482
1.2501839393759635
1.0753383862209467
0.9270098731777582
0.8063586430893087
0.7108727125545534
0.6362024020630543
0.5788728431035297
0.5383373920127658
0.5167761273004169
0.516482895594019
0.5369046722732254
0.5743408792905577
0.6251820877263118
0.6894246835234064
0.769511037931837
0.8639901938752432
0.9627385663609994
1.0508733230560166
1.1181021037316146
1.1612428065497735
1.176141848904025
1.1536018122651754
1.0919137899609923
1.0107868169769882
0.9417191146731597
0.9047100496377182
0.9050977684114193
0.9452438800295867
1.014294214673317
1.0720750790206528
1.078272495371554
1.036199038580341
0.9801507153480421
0.9415051722710897
0.948484636601903
1.0042678554763012
1.0532874988747754
1.042390213696274
0.9935016172358497
0.9584473934108182
0.9685927339082528
1.0198308874329582
1.0447288759783437
1.0030761219582496
0.964786275129624
0.9819233925783792
1.022216367795145
1.0293312280942797
0.9840609199492778
0.9699330383343265
1.0154828720340292
1.024435020713649
0.9890806211474144
0.9769259125783971
1.0138139276925797
1.0211474894943176
0.9774062696833539
0.993021608217108