3.6888319922726005
5.244823094134627
5.086749002463592
5.007761588170846
5.1953095407439065
5.005999077584721
5.07069866520823
5.163932621016359
4.956070395240092
5.1054748893999236
5.0679031600198226
5.050696351637702
4.958807947443317
5.051500427051625
5.105840412178754
4.931873608232207
4.923324926717001
5.00858418225032
4.993658184485138
4.976460177092104
4.954995369658892
4.870201259485763
4.805036304430329
4.827731230401654
4.8794086942429375
4.8882975981369245
4.858438359457758
4.83007675556942
4.820767265853942
4.819572460132378
4.810695663508599
4.788511130029635
4.756283201216474
4.718773428383613
4.67730360760266
4.629354507945799
4.5716999258336175
4.505683914335709
4.442272679889848
4.401686769645097
4.401033148428502
4.431237619229784
4.445107768628405
4.390894419588814
4.285243806801231
4.229199995631649
4.277044221547497
4.305930392598166
4.185898958315294
4.064710418474195
4.1188764327148855
4.126840841811691
3.9720914191680903
3.992282114707916
4.0268477848721425
3.82508081722647
3.8876710239063157
3.8828707036947487
3.699845726528677
3.823429654204562
3.627409375925389
3.710785276361522
3.570168100958475
3.579827965158557
3.519118176238603
3.462118735904332
3.424112492315778
3.397766028513894
3.2703210467239425
3.3763429913641256
3.0989304307237133
3.314407477314675
3.042051819403439
3.066201280019032
3.150615250479006
2.8199607641358813
2.969414596914109
3.00609887740644
2.6472528573835463
2.7228423290905974
2.9408398041199084
2.6312220355475904
2.3496968314126394
2.5583889170125165
2.7912870600661575
2.5981481663740422
2.1605211096565338
1.9494250251967182
2.1551412668523455
2.557811201648942
2.8308397681498754
2.8166490123852443
2.5469442925534818
2.134709889613183
1.6895472172820216
1.2858351836247888
0.9600355056245532
0.7198209200294332
0.5570221274404313
0.4589148890386511
0.41495560385867414
0.419114190442732
0.46926331064604676
0.5646533348805467
0.7016920322379797
0.8682378501439582
1.0380653828208861
1.1699943448847585
1.2185242361376372
1.1599175951902017
1.024023468364697
0.9010624588882451
0.8887597861011917
0.9945092862959781
1.0955726237957228
1.062535066011594
0.9477025573391598
0.9371566725111675
1.0404276866452473
1.0484472583125384
0.9536872351741391
0.9829200460502843
1.0542462748547898
0.9765341444497904
0.9746332911053818
1.0452474153678277
0.9719834986606928
1.0021251176822246
1.0188869292987146
0.9703195255230481
1.033887831252383
0.9695238863069435
1.0241754010839088
0.9835265653635399
1.012150089263651
0.9894408387366671
1.0126083903288357
0.9840423290912717
1.0203061083733145
0.9770348594340641
1.023056637708996
0.9823658196802786
1.0072469391752465
1.006235017999245
0.9845689042725646
1.0135664983250818
1.0007184824566135
0.9845428750348962
1.0146560158035507
1.0036029347938316
0.9843476400614264