2.7928893796931815
3.6089067603827094
3.749238193624717
3.7740742089263604
3.7178812258753253
3.6414696175621053
3.6150341114878737
3.6661098130584535
3.7451858464680687
3.7615047373865207
3.6820484835910716
3.590420692575316
3.5991129157459723
3.6871137815533097
3.7055987191757485
3.6093232674204114
3.557576304695997
3.635312989437086
3.662159423135326
3.543708962574884
3.4997577864986242
3.5792040012984985
3.5237021492648846
3.4226190524973297
3.517556640311509
3.5386890538785556
3.441535419690632
3.5327268476464684
3.50780595938123
3.3745743561707706
3.467398086020737
3.3932402314180723
3.3902101864468692
3.4782835383405963
3.3139593432539725
3.3977799896446275
3.3058152147528332
3.3484644821361194
3.352228676288198
3.241279964800519
3.321352565106618
3.211020855518526
3.321749583611455
3.1355131693754927
3.2759651371653766
3.127443220186515
3.2267716425051383
3.069142171435722
3.195105428890861
3.0542959692984097
3.0868959383549077
3.089621627056857
2.969963852956136
3.094971323713144
2.9050538877253818
3.0189686741862847
2.938244368366268
2.853111868608712
2.9901886620812568
2.7854599259270145
2.8328743765553765
2.909925765024169
2.670651362219674
2.7823285934526027
2.821729036908517
2.613919746996616
2.62555718056486
2.7885133951500634
2.5859005263190307
2.4611993603630764
2.607254260460843
2.6783095268732433
2.426259486219336
2.311258119626108
2.469380947047499
2.591609465365934
2.4331196807040607
2.1592134216701795
2.1363816204520183
2.3223222572755637
2.489790948324079
2.431807118986113
2.1483857160923057
1.8842869546076442
1.7988324679578525
1.9154864159957055
2.1794613707196375
2.43734468910671
2.567401508311284
2.5545216899496674
2.410769787540239
2.1572027845279234
1.852059064192109
1.5540300165295213
1.28469122173513
1.0473515392727717
0.8503240559142345
0.70077451753715
0.5950093154797442
0.5236308313614373
0.48070769172313244
0.4658466796007376
0.4809694521369156
0.5270179832302002
0.6023296533519787
0.7022950270383149
0.8195825031647752
0.9439025010311766
1.060801344596452
1.151024249353861
1.1936118667064686
1.1745035163140194
1.0979678138265867
0.9934953445466255
0.9095684612108549
0.8908346614318654
0.9471844896844885
1.036901406616238
1.0877562334007984
1.05508813725034
0.9718017269642316
0.9273838117771706
0.9718814943186922
1.045617291392434
1.0462910663454412
0.9756534510297888
0.9484759621034633
1.0091141526246619
1.0452295195086434
0.9902941037131481
0.961018469045309
1.0199239241097144
1.0328720601889216
0.9738035244509555
0.9909320815094236
1.0341000214913956
0.9845911402512124
0.9802295644433588
1.0273032008082992
0.9855898863275703
0.991547543571135
1.0273399139591481
0.9787256194232942
1.0065881539887607
1.0059411186528433
0.981319877598098
1.0241203368248974
0.9829574752268093
1.009786453931323
0.9947995055570916
0.9981809782636918