6.001549246174668
5.478050763699213
5.548490081702994
5.554018169347923
5.543582579384024
5.431444956724003
5.675456890075488
5.39873678679502
5.534483430149108
5.498203329274956
5.545680258113453
5.450056144162649
5.391609221583292
5.545466094859459
5.432142538387917
5.460569403640626
5.445604909265514
5.305842956793295
5.364284641099657
5.419414824510695
5.327843573997025
5.307675452484592
5.3801384993704735
5.373452769747178
5.27735988146735
5.2145034358979565
5.230441624004367
5.266430790476386
5.260675791611523
5.204810472810521
5.125793400643772
5.050909518090482
4.993423139787826
4.956489693056629
4.939108765607838
4.934748961715671
4.926905901051972
4.895447652630972
4.838455143913913
4.783350270106442
4.7533571873825595
4.725268835137376
4.671104062417819
4.634835052247108
4.658318906307137
4.673337207696418
4.639107823543281
4.5930231987434285
4.482689844449492
4.371565388481842
4.402774840124414
4.432577051374527
4.377188081095432
4.2252262426870715
4.189447976964121
4.279993113249875
4.141092415379239
4.02573498629548
4.111611836210245
4.015729925645277
3.874529151002722
3.9953087014260134
3.789712726260607
3.81326605923808
3.781006375334545
3.6355270487897346
3.71953442372155
3.501928683162258
3.636396090266412
3.3709685796666595
3.523952456016964
3.305298053051087
3.332152395727838
3.292152312340345
3.0862463072702186
3.3093523231001285
2.9575986250894917
3.009912445700699
3.1210956761683124
2.729668608752999
2.813379188063474
3.0210879801638666
2.6606885190523744
2.418133400541196
2.7031002264991177
2.8669765209529
2.5145157752909384
2.073186586987725
2.042933762048904
2.4076714187084276
2.8043923307217296
2.93234307351383
2.729573699651093
2.3057654074411
1.8113500545577597
1.3567909948347345
0.9940773320917959
0.7312892642492944
0.5549004446345119
0.4480485921553191
0.4005114915962345
0.40893139663642436
0.4705351952629154
0.5795802506867692
0.7303580979250338
0.9124993648297918
1.0905857691483145
1.203233623011133
1.2054991821631087
1.100791052833314
0.947814487459025
0.8697432864785425
0.9466689896562012
1.073248629629174
1.0845674964447216
0.9696259831637128
0.9259090810579114
1.0364303257542713
1.0522340309348666
0.9534097384967548
0.9838596544751401
1.0552970043707672
0.9624049647485383
0.9985464903693092
1.032728356038174
0.9595082991653646
1.0338356099250545
0.9807708722408565
1.006272834777755
1.0052231612570641
0.9878931619977855
1.015241479011855
0.9877653406367288
1.0070870594328731
0.9984529167354642
0.9965405277109158
1.0128693894864738
0.9777536457042225
1.022289518909152
0.9886662661208458
0.9982137831746846
1.0161546798929089
0.9817608217273758
0.9980252040048195
1.0165231820335077
0.991808692359679
0.9893024217073647
1.0128397975002539
1.013086013765952
0.9933916357894728
0.9878993488307005