7.634658274772765
6.637168897563195
6.53566402747826
6.4452127208963
6.380454419547195
6.3894437511041176
6.484031025499306
6.582188366617395
6.570884361335476
6.486105028863959
6.500823099102655
6.578023401542631
6.474986815130825
6.3420545757546956
6.449100757312555
6.457230511896061
6.37554919651772
6.422061639740262
6.282839310564783
6.384951665449935
6.317129134479552
6.248495330961801
6.294631327268054
6.225942524846769
6.1860694185787635
6.221427889478015
6.081906315282833
6.193545196140876
6.009404248816822
6.089601664935824
6.026748210810153
5.9341006370860825
5.953174089868917
5.966561180127446
5.794528771143243
5.80454999404459
5.840087884085865
5.769051015919839
5.684100919940519
5.59155570750844
5.562637842637699
5.596813239287225
5.5910957820621325
5.525279369686069
5.453195401041185
5.39641640582361
5.339496094722833
5.273540401675913
5.206664017270092
5.149962514253782
5.107958056186831
5.078102729005449
5.051642065496418
5.012700344385354
4.940946599596583
4.826867069233047
4.6975999495322025
4.620168926095142
4.634497796667838
4.656520109134757
4.543175667720907
4.3611980848739895
4.360388702574946
4.431239031173478
4.241150643899926
4.119445710320243
4.225627446843605
4.000955159870395
3.976202915990989
4.014565263879311
3.7284263044415904
3.915203461125411
3.591907653566978
3.7682866236163153
3.436502299838246
3.6555898660032735
3.2597487390182964
3.5178982768486913
3.1721777976421386
3.207213527886971
3.2781235385407994
2.845755659072595
3.079699656622134
3.0857438562466193
2.577641333969372
2.6938005585661124
3.018363132708798
2.7218852974916836
2.1835734584821247
2.128629879707818
2.5774429086818484
3.002184462207697
3.021896475445393
2.6514695555935455
2.0966882206062207
1.5415769031511035
1.0845993736992112
0.7542583412522311
0.5404605403210087
0.4207251292692216
0.3758416456855116
0.39539956459245956
0.4763776794614585
0.6171102650644053
0.8071469173927729
1.0146924094243788
1.1797720992802783
1.2300841087836425
1.133004822518601
0.9589737390156159
0.8694802266987942
0.9599709504936264
1.0955125175208458
1.0575876054195101
0.9258149514432961
0.9717020790979107
1.07253255792117
0.9781584940320519
0.9661215691683267
1.0567238319753416
0.9605879068698889
1.0085580630970794
1.019360052209432
0.9688884105484946
1.0347850448675644
0.9663210604974769
1.0336974061299375
0.9679671880853742
1.0295146321207431
0.9779199050459667
1.0107245281954187
1.0053255398421586
0.9805930283682492
1.023736439826772
0.989623648839923
0.9874336946688003
1.0232086586767635
0.994940646208616
0.9827545638865247
1.006389125851913
1.0172738463606354
0.9996537865252378
0.9819826372742256
0.9898873718220198
1.0072653048018203
1.0140541098569669
1.0120251341468753
1.0072552928928034
1.000874223386139
0.9942521826689222
0.9899767684510461