10.8772454217419
8.890961757727872
9.151425248857983
9.395523403877894
9.075168731194955
9.156331875141854
9.03772605750706
9.146362644979742
9.104771993948823
9.189896840875146
9.065840609837803
9.179464983357903
9.032634336804106
9.04205810863275
9.070548767943487
8.915274226853505
8.85983599216621
8.903733197184037
8.890560517448447
8.82496096114831
8.749278351938784
8.677000860503192
8.666759771022614
8.701870916747168
8.64671583331251
8.589121218400319
8.585783012710094
8.48053821018809
8.449705806579955
8.339640943602625
8.267850225729056
8.163956823418424
8.157425150354838
8.125112887905422
8.127667466995833
7.966846655585893
7.848844018473201
7.905276005452574
7.812910455631371
7.630210514143884
7.686142945946673
7.558529718892123
7.490901487164966
7.433771859707715
7.288448197632141
7.264395616816468
7.1454361968711035
7.060065793944295
7.045838449101036
6.837218784772696
6.863086547010071
6.765771211559364
6.5717877549606785
6.559279505004422
6.559118701238561
6.416873853299085
6.228135011497827
6.107271252242133
6.065557360320052
6.037902215519138
5.965571248075712
5.883907705897515
5.8077252399015915
5.693244814512225
5.5995438459782925
5.473939374869677
5.326024905819013
5.15223814815916
4.992228752388551
4.915213672998424
4.952145457418547
4.895465542867089
4.64641515610488
4.455156995942799
4.5569492973641985
4.399097616807545
4.114366090880407
4.295164684454233
3.9167765894427
3.977509906613011
3.7881127835077075
3.7306347729858866
3.5424112344838363
3.622321177737137
3.1517524154049017
3.5462080522715276
3.0100313239558982
2.884781568658492
3.327305814949314
2.830940594566929
2.2386499405296694
2.5620902611337697
3.1972643791226534
3.2940337695925272
2.764121103418276
1.995168220015967
1.3134388926320053
0.8240785708400806
0.5281172138566109
0.37999409963298525
0.3337300619262007
0.3806359685226714
0.5064852787907943
0.7167951806740519
0.9674570601649668
1.1849114338410618
1.235646137436477
1.0872347058850436
0.8851133383749668
0.9050811348012635
1.08668445774564
1.057688293912206
0.9131968554754911
1.0302311905355779
1.0375146599131284
0.9367095769786511
1.0607910128200342
0.9533687216523686
1.0420558964128488
0.9654571745679579
1.0386124138259043
0.9599856449951276
1.0368619904600465
0.9784870454233755
0.9931008284221189
1.030265892686377
0.9804586399601901
0.9860639086508808
1.0248513572566913
1.015393833387281
0.9840096590332853
0.976567773927354
0.9923149995871744
1.0084922802020513
1.0153109486759493
1.0191895951525811
1.0194545237432486
1.0157997091421516
1.0178692753637544
1.0156880861001636
1.0141053608107298
1.007459844438094
0.9969122163808036
0.9869584543512211
0.9902081873214663
1.0029817154123855
1.0135963570406044
0.9973251718187502
0.9881940521780409
1.0088743878079514
1.003692760896222