1.2054137107586447
1.2057443591889754
1.206746814250042
1.208452196829761
1.2109110251863067
1.2141912301317475
1.218375455242692
1.223557718563089
1.2298395306281866
1.2373255795142724
1.2461191065862012
1.2563171063294356
1.2680054898540574
1.281254354173414
1.2961134981133047
1.312608320718303
1.330736229404906
1.3504636483425332
1.3717238802781415
1.3944155088007326
1.418401946544722
1.4435117265691346
1.4695398693250834
1.4962498917096876
1.5233770836527891
1.5506322300535245
1.5777063737939883
1.604276181858269
1.630009697933487
1.6545726777176195
1.6776351121865103
1.6988778965324576
1.717999404678862
1.734721912347875
1.7487976262120744
1.7600142037143407
1.7681996157884394
1.7732262247361976
1.7750139665298648
1.773532546751594
1.7688025818115198
1.7608956414941266
1.7499331747106766
1.7360843269861401
1.7195626850574866
1.7006220103700282
1.6795510485935994
1.6566675259200563
1.6323114642554915
1.6068379054375894
1.5806095806326799
1.5539887591257706
1.5273297394057748
1.5009711969231376
1.4752289323894117
1.4503893492886804
1.4267033675823653
1.404381237001769
1.3835886580044032
1.3644440114444174
1.3470161540956391
1.3313241510104128
1.3173382459307887
1.3049815487311436
1.2941335455214342
1.2846344677279742
1.2762907557652525
1.2688814221120785
1.2621651470507411
1.2558879167652632
1.2497909944867536
1.2436190016350854
1.2371278780446442
1.2300924888545817
1.2223136508142582
1.2136243627517016
1.2038950437352165
1.193037607780379
1.1810082353589715
1.1678087387821987
1.1534864598775312
1.1381326831793108
1.1218795948532154
1.1048958653678311
1.0873809752540253
1.069558489657462
1.0516683965359992
1.0339589131938294
1.0166778049908105
1.000063838105908
0.9843383258565352
0.9696972531525329
0.9563042869697405
0.9442849276306327
0.933721903929254
0.9246522333231001
0.9170659212769587
0.9109064475657658
0.9060730465024122
0.9024247293207789
0.8997859269641265
0.897953563427081
0.8967053064407938
0.89580868653217
0.8950307300519902
0.8941477191170489
0.8929546736212282
0.8912741491051983
0.8889639602780757
0.8859234735949597
0.8820981629735047
0.8774821891385683
0.8721188430658451
0.8660987846402719
0.8595561053528514
0.8526623419589979
0.8456186850640179
0.8386466610706849
0.8319777676433563
0.8258424004252708
0.8204587682182322
0.8160221765819814
0.8126952247353699
0.8105995706837963
0.809809486755373
0.8103477746923566
0.8121841829297207
0.8152365116513396
0.8193744069486674
0.8244257119457344
0.8301851033950908
0.8364246113894732
0.842905505027603
0.849390935251747
0.8556586639114907
0.861513180401364
0.8667965173192782
0.8713971258856908
0.8752562595629809
0.8783714373525882
0.8807967112983283
0.8826396383675716
0.8840550459095162
0.8852358717341435
0.8864015431505897
0.8877845225308421
0.8896157791475862
0.8921100341792023
0.895451701051697
0.899782328425478
0.9051904816007004