10.193147504898183
11.786444348006997
11.936034258456093
11.843367156937536
11.765152674873825
11.681570683764095
11.81031699714812
11.846889341771384
11.77021755600134
11.839812771923224
11.729190902584811
11.668636969309642
11.713206947146826
11.696341845564554
11.599326616874414
11.477510698679085
11.37160655764153
11.339349701250502
11.386534458559153
11.353343098764464
11.19444255201586
11.183369975969697
11.155666564796416
10.986054085280799
11.055706175448034
10.900146283721117
10.951582203946128
10.726569307695952
10.756156838781601
10.632359127599601
10.53875928060681
10.524518319967987
10.392641861140879
10.22801401182508
10.249854070947592
10.1652126880489
10.089140552954618
9.917828582332854
9.798761846864545
9.695953648564196
9.559761315991686
9.466329077744227
9.392183114643784
9.306630169850578
9.226181872974442
9.141646373023013
9.000078591730126
8.804201555401312
8.690278078915917
8.68206785525957
8.512282822522167
8.309125314597628
8.319825665943966
8.069233722204343
8.04279794055913
7.859789533093761
7.799534572002926
7.5524652047086125
7.570786359018381
7.299047666474903
7.2202583471416375
7.177335261651477
6.911924369511224
6.736083422681775
6.715374074957833
6.642370787913838
6.488434459310046
6.297654928939107
6.096148053614555
5.941047424428289
5.795210312194709
5.660608491652382
5.567073569913379
5.506880968097226
5.425380230421615
5.231283649968035
4.914534645518995
4.715471660208281
4.803173242568235
4.670888870533555
4.239950589262304
4.404371954220052
4.13048132554692
3.928533198683933
3.9676060039468606
3.595905264535817
3.6125138298582344
3.5445413093981233
2.9718677714230033
3.5291976222333292
3.037397953726764
2.349521536790084
2.8769058756252828
3.5101683987087697
3.2888087286220555
2.4304965670484693
1.54154792180842
0.9012461860027466
0.5253608070053186
0.34972343668165456
0.3100144417936928
0.37624993021641756
0.5441328365613171
0.8039762014592192
1.0903884828860917
1.2526717888529533
1.153512784902081
0.9107239900558763
0.8923380205891283
1.096906135558361
1.0333310195452672
0.917205355904599
1.0799682415359435
0.9551029551260685
1.0255952726984194
0.981340991637646
1.023335444707265
0.9678655340269238
1.0443882638170516
0.9615058225105377
1.0071260892600253
1.0310270620036954
0.9783407699531234
0.9750811005095089
1.0137465045545366
1.0282932322521658
1.0174372692714595
0.9973919289063232
0.9888174973823926
0.9832902121696975
0.9818071018767014
0.9864999623311776
0.9935565188363892
1.0028702061120083
1.0132313368763426
1.0150931970542136
1.0000883487438619
0.9845522412266626
0.9979174478686017
1.0148121604584497
0.9925824318788075
0.9952061301679604
1.010000094123067
0.9864037391719743
1.01160629065831
0.9896670339250911
1.0120315159145579
0.9886831732561956
1.0063438396046323
1.0022506489984868
0.990243260946568