5.338887892668061
6.165239215136288
6.172106653388389
5.91056358121198
5.852204421081917
6.099735355115216
6.085807283950909
5.988585198650984
6.099699163945826
5.9357954943914875
5.950266176570577
5.950452263027982
5.858965541338834
5.9484928334724145
5.820843092720246
5.926246677555923
5.803069641601779
5.894911851689157
5.817706187401993
5.846790734503778
5.870112388095062
5.7641691228023895
5.838708499057573
5.71062680832532
5.653565514506969
5.744081935572261
5.679813305573853
5.600280819290543
5.623623740234848
5.618304904990994
5.544035923240896
5.463943362635494
5.462518867244913
5.522875698758679
5.474959497182236
5.372972057551126
5.324845916366861
5.233657154868441
5.221068360139417
5.194639537715975
5.170915136396574
5.1581268298615095
5.111947355201042
5.0851130943865375
5.027277870775424
4.971959097802552
4.914608324634721
4.825921943244936
4.787250230309982
4.721121976726236
4.71918426447413
4.745855883799824
4.7163786683519255
4.642672684471779
4.515526541228897
4.415596623497335
4.447159710274301
4.477684260265414
4.328387965632191
4.20029907102588
4.275989308701272
4.202855394764822
4.012936046003841
4.123541201353885
4.019628759122655
3.8656607563834
3.9925052307122835
3.714096468996325
3.843835531920685
3.628907933339502
3.683489944480034
3.5211807220931215
3.5691178101708725
3.3604658376440733
3.507569610541904
3.167678347046434
3.4151416732373896
3.087794139176989
3.0895653415575723
3.2145357732445152
2.7909654604904297
2.931066996995114
3.082165129039407
2.6278734385761005
2.5080953040746286
2.873748561911429
2.862197891531952
2.350869707749754
2.032018947102456
2.2527537457939038
2.709499253658068
2.9884707729989906
2.886805442824649
2.4750275461306943
1.9543344659747757
1.4419670751450366
1.0399413114116511
0.7390293013093162
0.5489986500774722
0.4328478110319873
0.3905600803697776
0.4016168009747439
0.47189360950179887
0.5968334348656753
0.7656797617414228
0.9657201146076853
1.1339550639908718
1.2234974512877572
1.1806880005791616
1.0260307373265438
0.8901835662669494
0.8961107825731502
1.0274006660902035
1.1018642378202108
1.0071005573420457
0.9206997276197644
1.0108718937500245
1.0631372835883868
0.9567363643695417
0.9814636412223336
1.0563357379558886
0.9617232640339084
1.0084370100278444
1.021635166307213
0.9626899514780229
1.0379950845863337
0.9623643469157959
1.029835516905811
0.9703049756960447
1.025116273715365
0.9715440353996123
1.026893484868418
0.9726869755923069
1.022797245737017
0.9908201538974233
0.9968719295298132
1.020053134016276
0.9784786488178531
1.0037104966200445
1.014696429489497
0.9845886717961667
0.9963859061050224
1.016555888991335
1.0010591407014235
0.9852561350918161
0.9938770546282084
1.0101749142049707
1.014965763981488
1.0017490691117503
0.9885228163589331
0.9880022057181846