8.941349769391897
8.364635226683232
8.529405384791382
8.321193504759634
8.534671253476448
8.350594452800921
8.402364708558128
8.45492166128071
8.346023409843099
8.338089609163571
8.380384796871304
8.35946599366162
8.305016541187479
8.264509417028098
8.242395382515292
8.227185038599387
8.211289985236453
8.191875728301842
8.168140696296506
8.13990252522245
8.106738039324773
8.067244696949455
8.018968053979
7.960277101563718
7.8954397748136484
7.840493575956895
7.818127125816296
7.827085886792192
7.809739957298961
7.706054887549192
7.592165049308077
7.605856933626956
7.611297989014241
7.446706570229402
7.423280818913009
7.441117164715009
7.2483722194384415
7.320281638115565
7.1556034609188
7.165090322612311
7.041253307531919
7.041894399515878
6.879636685199605
6.943789998533634
6.719096463397795
6.768666074032076
6.684594118313193
6.497421245975557
6.541140195288726
6.498206101680264
6.302451532894843
6.198251472625656
6.209213008321072
6.196440537507048
6.10131470457792
5.961554666254857
5.825031563308621
5.709744254612946
5.611679943657673
5.521485349958915
5.433467436331233
5.348320120268775
5.273333040536576
5.219452168173769
5.190183695339484
5.1611922683739975
5.073050251701836
4.887016616030633
4.692661294541509
4.661551845056165
4.71518864479676
4.528773218254887
4.295420476891464
4.405252066995622
4.244883567067265
4.013540408846719
4.1751721560035016
3.779310647712467
3.968125014997273
3.59276045596044
3.78422469925235
3.343568426832738
3.649502709909617
3.125884419965782
3.3156385253279193
3.2750654358461753
2.7201954736127356
3.0623300040897226
3.1639048121391573
2.4838356817235634
2.210768583843547
2.712703004534002
3.2211343196814477
3.157142387314043
2.5936470756173295
1.8731918747500593
1.2479006437239621
0.8046346612818687
0.5317498372237986
0.3894909569092705
0.3453356569651588
0.38318818028005125
0.49933150626373396
0.6897493341085387
0.9289707438386559
1.1480154111580794
1.2406409237848905
1.1390143755509483
0.9350677635520129
0.868044233430632
1.021598889167548
1.107902742354276
0.9602625156274147
0.9444910671250666
1.0778654131889465
0.9668068808525497
0.9875838712234608
1.0424502011951837
0.949848325911099
1.0513019348862598
0.9529517831298807
1.044772702172342
0.9609391943734474
1.0302611629247653
0.9881991553765161
0.9882855342065288
1.03091574689396
0.9749368589634746
0.9940937342711185
1.0281964467248135
0.9961456658060227
0.9749736759496846
0.9974238797866531
1.0204429835924238
1.0185371734361126
1.0025040126049138
0.9886360021935394
0.9825419515217622
0.9820954670372571
0.9836854901350032
0.9850268477337374
0.9854035151837488
0.9852977260234734
0.9861770831689285
0.990109863413209
0.9982745532460222
1.0080734141868533
1.0117902103029477
1.00317630989809
0.9906915635820491
0.9938564411971634