17.9306319200418
16.63480698152576
16.352495264711717
16.766151350799397
16.57137817060565
16.639149831619196
16.39470402325386
16.452992050231167
16.4107677425929
16.294394393343946
16.323733977506418
16.389508598479974
16.379311104803513
16.252371836417105
16.07962763614578
16.059790914636416
16.06754071466056
15.882684263937188
15.923225336747652
15.768953426128686
15.706535137931334
15.505572937596659
15.558916144117887
15.367354618227901
15.236912411850005
15.260284559995977
15.07070109985366
14.915310097835244
14.750793242617375
14.68731381425703
14.534571133137005
14.426629505741335
14.30464386501897
14.122325506188838
13.95487327941741
13.856221324331484
13.794678669731429
13.636638428926835
13.386777877224723
13.303365114908136
13.155760594695082
12.894746702892292
12.845132757393944
12.568895475494903
12.523188447263527
12.277677760526778
12.051947407584853
12.015243049645674
11.76444086807762
11.514544776096082
11.328906082630462
11.21608032192154
11.049152314001962
10.899451538760955
10.704591353257271
10.487338612110253
10.268172659459218
10.021629647768847
9.784372225270136
9.649633543312044
9.550624776816523
9.248880880285316
8.99645738158612
8.96016450486722
8.57769882345797
8.546532738009178
8.155776979508259
8.14636500957793
7.763349116586624
7.640093766271943
7.538632743908934
7.1926617568804225
6.898406436257529
6.790941709865619
6.677109084596168
6.539063599379028
6.352105790192921
6.1481823120707375
5.940195184036633
5.673754649210912
5.322487110635552
5.0068500106786
4.971038387313698
5.016971590258321
4.507268036040477
4.2874120615456865
4.458610218139015
3.717276347188057
4.17660726429599
3.2863873955229046
3.718466280108312
3.390634208278163
2.5167560843439523
3.2628237369384983
3.818576274458786
3.1053680423359227
1.9411077523295865
1.0352572632907764
0.531555226159469
0.31765804262021474
0.2811279105712446
0.37879915426426664
0.6076514569524067
0.9379324822065662
1.2217102620527887
1.2180545551696567
0.9398087081765445
0.8832236420062368
1.1143663033309987
0.9768383558598818
0.9762976442609581
1.0475716018327779
0.961063747506554
1.0201983611282632
1.0130782677713082
0.9571378651165914
1.0406874947439586
1.0148358997146016
0.9623525985925995
0.976264329237717
1.0090856595523512
1.0277905663397513
1.0286420265302882
1.0293459055948433
1.027290992970283
1.020354130046541
1.0070030914038002
0.9875765943071317
0.9805388815890776
1.0046842171681656
1.0192072496585713
0.9879468233285034
1.0010308563687411
1.009689104986276
0.9878096743355811
1.0104824242008847
0.9913518456875683
1.002322849591603
1.008606841872559
0.986849826376938
1.0010515313077104
1.0107647701844726
1.0053436845662975
0.9928317939284873
0.990793644958982
0.9894824194703046
0.990003018954605
0.9916034969722785
0.9912522604991003
0.993383885435298
1.0011742868882776