21.06070497989646
19.667593378616512
19.47907350661637
19.390121028815475
19.57128775502333
19.635262786902008
19.511319163055052
19.65797794478134
19.348865905706198
19.458124353064235
19.34380435232763
19.287464580462068
19.311047989485004
19.075624639779594
19.067972538667867
18.979067263296404
19.003235841631447
18.90290540798828
18.750072438540027
18.658961230971567
18.576201688169082
18.441722471489378
18.25860206121848
18.118114769779186
18.080193627528764
17.92966996075022
17.672527014428685
17.629378383780086
17.37955776416001
17.373428390638402
17.060963230643164
17.01141396964488
16.82639009352642
16.54955476807878
16.47891290873799
16.333438114417262
16.138886590026722
15.949916267638997
15.718731626634137
15.51191156340156
15.347232944738499
15.191211751795205
14.993948132047253
14.715422420029222
14.446972031284906
14.330250448704836
14.102650456657024
13.77725572949885
13.69918159959696
13.349505731523067
13.254645701637273
12.905093613918769
12.715525543168404
12.561307141513645
12.265999648562724
11.93610559606684
11.740764557264908
11.552423472668915
11.330405806828074
11.104874886996857
10.854502086291745
10.56424690083593
10.26241586863175
10.037232436033095
9.921718049022543
9.676115973047587
9.271973099741802
9.194949133443851
8.842667087806909
8.640591258565332
8.349189700696563
8.232321320191993
7.767206343625089
7.701696484820062
7.521197708376315
7.130552218190985
6.779947405969579
6.554448190213778
6.369395795424115
6.143684420759175
5.870830335013547
5.567002729858185
5.304184971893373
5.2267207216856075
5.257671976348966
4.849179420897909
4.317849510969649
4.629527789435926
3.920852905233736
4.128185056611335
3.402900189829528
3.9854295300766016
2.8015196549618477
2.982746730946001
3.9299757938355935
3.4609282262218937
2.1808186586906007
1.1224006951416756
0.5390370630741956
0.3009817344427918
0.2681516153061829
0.3853876602689015
0.647121191078665
1.005924269107816
1.2600163062986276
1.1473260231461004
0.8627069338919457
0.9890492273762443
1.1015367620947618
0.901911551249895
1.0864994677965143
0.9255733439244984
1.0670839862132206
0.9660304153336815
0.9801456040646012
1.0485575464608234
1.0099331706927346
0.9632568410726116
0.9658744771066112
0.981650089337515
0.9903484476309998
0.9917105141052559
0.985460261475745
0.9764712118753723
0.9797736841164095
1.0060048023353076
1.022959459050443
0.9918896838725854
0.9910973540233361
1.0180791608379747
0.9810498199912239
1.0166977718095571
0.9850566003085226
1.0112918025016588
0.9998951661115388
0.9873485910357026
1.0066325559500462
1.0123638515188809
1.0030862565221375
0.9925331034705048
0.9904571779650805
0.9908328944030788
0.9911111544405808
0.9941702961744816
1.0017326138614155
1.0085565583611071
1.0026295769315243
0.9903417115022702
1.0007406464057658
1.0046981165350402
0.9932184893923489