20.60619455605742
23.480073708842887
23.18276863940141
23.232974158099786
23.194060372559356
23.27212329086992
23.24069457069099
23.094138477737715
22.963212562628858
22.88143185250963
22.838934324777497
22.832107912468427
22.82478913639613
22.717516555658573
22.533222668826543
22.472976364961056
22.337441910249375
22.23809710680673
22.110241573501256
21.99510833282971
21.776979083250755
21.79974576893969
21.51226349390693
21.30975831543188
21.228501215663908
21.10144000599168
20.925324447639888
20.73313156998659
20.526767137385473
20.296501230395947
20.064442119046852
19.909198212715967
19.80690948184527
19.508765745062277
19.228861818247495
19.1515989209254
18.774186663073806
18.67313837178658
18.349708798739524
18.11242436512662
17.942205943041415
17.682619930975456
17.359920539630973
17.06210532271692
16.80116281693606
16.544613418101946
16.27426491860434
16.00237305938076
15.769334878217679
15.582537120161689
15.310668165495576
14.92348791227558
14.734809421014543
14.41612025545095
14.128085227112598
13.841748866122318
13.609984845752502
13.17681645997277
13.03254250334932
12.765079407122556
12.369647185684073
12.021633818397408
11.722284023982443
11.428979204614725
11.129192568451247
10.842885142493163
10.613736859164883
10.42963289914549
10.106628822613244
9.634272435763846
9.496430103436158
9.193601807912176
8.81874651351969
8.621608809143277
8.321237214647008
7.892196523887407
7.829976564456741
7.532590212317262
7.070385633986947
6.70786154652153
6.440427949736677
6.1797869188207315
5.88188563106272
5.564801103410855
5.3397705377086515
5.333119488121402
5.236946777091307
4.537955174323205
4.407782885766837
4.46008440308978
3.646575217812263
4.043133678393782
3.442324871229022
2.76380943392653
3.9023590966536927
3.8061825014825588
2.448879652700653
1.21845129722446
0.5497061531594788
0.2883497151000796
0.25814383150059184
0.39279093044386787
0.6863727244652326
1.0695996022486471
1.2744456527926755
1.0525689669735558
0.8450907217303991
1.0983707659817257
0.9808053827951659
0.9986325043355474
0.9963114075475437
1.0369415173105716
0.9395023805434423
1.0366707768161967
1.0369236409049682
0.9786350108959282
0.9587151931820653
0.9662986159553384
0.9747186884817322
0.9750616658478642
0.9701120508499641
0.9720909990872169
0.9962308742714159
1.0246561225455357
1.0024592382336301
0.9807501876794403
1.0196953411799021
0.9836592050286753
1.0161296286968613
0.9825538192896305
1.0146222029507954
1.0004243894943965
0.9839278134490533
1.00142682813865
1.0139207570049764
1.0128559079843047
1.0090151340144264
1.0079855342535278
1.0096320082382915
1.0102806900806487
1.0036515041184375
0.9914634944200676
0.9951775784789247
1.0104350032678744
0.9935846926494265
1.0018032520845872
0.9997655960074512
1.0020500129532866
0.9941700870468023
1.0073847623457979
0.9993723600005023