20.207597391516703
17.80308446532292
18.105836005689394
18.05976619640664
18.09622668561429
17.949861821635693
17.800592500797503
17.93854733396981
17.903449234011553
17.75730613324884
17.673306877228384
17.645860263934917
17.64236254549622
17.646809980874842
17.589295400667808
17.423118582608364
17.316176100700822
17.29186593291031
17.201072564288673
17.22794731718647
16.971214386649955
16.92895675897427
16.858077078456272
16.645348283275037
16.683757431377398
16.399774828841142
16.37956691021167
16.17767472455061
16.057985964588124
16.023672832861386
15.845427548467052
15.625702414056304
15.45502842311948
15.308804897980028
15.159639319595714
15.015111976333678
14.864153592982872
14.65530663497803
14.453726207821596
14.358352423587483
14.226986874210132
14.040795234581699
13.73632236224836
13.691876146374952
13.424945317158183
13.232757126790553
13.08597439597842
12.86657930086364
12.605029772217918
12.519118340817103
12.213383604047669
11.984096248508934
11.871074347853199
11.70381902572117
11.465606176549079
11.216419247438415
10.992746983838877
10.793345330005208
10.59589277159796
10.407845425961456
10.212324328714667
9.892220152493318
9.591814845889358
9.481062813677358
9.311238247062304
8.907431035170179
8.891423624178953
8.48162122995051
8.433397448785492
8.005641657502848
7.9896389720050385
7.694192833972227
7.3323581436230825
7.245399981559415
7.138915321687417
6.887981576521781
6.585477231125163
6.304262512022461
6.066287143001222
5.886488270421904
5.763181963073039
5.6392658502898705
5.38467737995062
4.898915467541192
4.649766314812612
4.844025904351287
4.29130204773257
4.136470528852675
4.111693100693608
3.6616973492417477
3.5521830741668174
3.7328104931122112
2.6030804297875134
3.1287264371370656
3.8871927278612475
3.28522864313188
2.054106349984799
1.0748453286779764
0.5357762560423178
0.310197145155912
0.27413888018068755
0.3811316000242946
0.6280648073551245
0.9710865927747321
1.2406811701689497
1.1870566911677929
0.8929768276767973
0.9308423471866294
1.1233310639523328
0.9197545198512058
1.049354309759308
0.9667718220985941
1.0413858932192366
0.946633438118861
1.056158238062125
0.9894959934326875
0.9588419529452668
1.0169608151445992
1.039782261480582
1.0212769074640278
0.9998638533932408
0.9889658197982379
0.9865631015423405
0.9927250270802278
1.0084100034319108
1.0219845262624088
1.0178735059508583
0.992008987537294
0.9813891414871067
1.0169605767951209
0.9983147403794137
0.9908480299822382
1.013705328795006
0.9873992466804674
1.0074302357874267
0.9998835593558785
0.9905330489266302
1.013505725217832
1.0045600306393623
0.9897209444501214
0.9919828116501087
1.0006963837253318
1.005923463370136
1.006830595016503
1.0061869599062816
1.0048451939234315
0.9987710068268999
0.990886710934011
0.9940566472755085
1.0041273449280186
1.0066906235466435