1.5497538427348263
1.547243200280762
1.540069914612044
1.5292593324227195
1.5163589978299932
1.5032208111202414
1.4917407275169503
1.4835925432391581
1.479992593750449
1.4815270479215654
1.4880644201528315
1.4987622825055054
1.5121645768065584
1.5263752707673501
1.5392795496676068
1.5487849107413758
1.5530484016573043
1.5506646291193542
1.5407939064260725
1.5232214295722695
1.4983483010946628
1.4671244700529356
1.4309402054583653
1.3914957941327648
1.350668449719814
1.3103918405595192
1.27255740654637
1.238939740873829
1.2111429082047958
1.1905593802714705
1.1783325720094078
1.1753149497266764
1.1820179478832613
1.1985554530012759
1.224588326834816
1.2592829078306145
1.3012977229054945
1.3488129923913137
1.3996122417150112
1.451219436060887
1.5010848181643544
1.5468023587151325
1.5863373163813401
1.618232461195975
1.6417641917292074
1.6570223514429103
1.6648956304346114
1.6669590132279368
1.6652695566022975
1.6620953108750498
1.659609019718727
1.659589539353073
1.6631712521450892
1.6706794285246787
1.68157587262468
1.6945283920317398
1.707594007369325
1.7184943917702624
1.7249444664728828
1.7249872519411795
1.7172864525960918
1.7013326136035682
1.6775314792664144
1.6471598750817869
1.6121942372957772
1.575036131802453
1.5381755189096977
1.5038411512972507
1.4736918695106827
1.4485962939540877
1.4285329191083447
1.4126285339245697
1.3993268756899173
1.3866624523166395
1.3725952444447873
1.355353177717477
1.3337272678029157
1.3072716794553667
1.276376123077326
1.2421987648641506
1.2064709080806253
1.1712061551713757
1.138363012688934
1.1095189275809245
1.0856110482044106
1.0667894325787064
1.0524083409120846
1.0411576530787903
1.0313115009946743
1.0210499300185956
1.0087956170849597
0.9935041242356423
0.9748538366573831
0.953299579497044
0.9299789379264126
0.9064881067115904
0.8845691870406429
0.8657691857200839
0.8511369132428358
0.8410185259820088
0.8349935035670795
0.8319656947379664
0.8303927993363671
0.8286088725029557
0.8251741071397977
0.8191788794484135
0.8104369270666958
0.7995245592154627
0.7876548705684524
0.7764115492499536
0.7673983566595107
0.7618806532620139
0.7604992229755203
0.7631226616294247
0.7688749009945983
0.7763352042349337
0.7838677908592987
0.7900064998763209
0.7938044997250668
0.7950644936469499
0.794390890969175
0.7930467444602648
0.7926455555200578
0.7947498664414088
0.8004744996301664
0.8101941773727303
0.8234327920932942
0.8389675038895074
0.8551268322296927
0.8702106507426479
0.8829254073229981
0.8927199369845837
0.8999294632275956
0.9056834361415408
0.9115950975029521
0.9193108592079008
0.93003905895953
0.9441878623427391
0.9612166833925073
0.9797492201988995
0.9979242852470405
1.0138916895085384
1.0263154585435779
1.034739412285992
1.0397049446179485
1.042579599437187
1.0451391196046207
1.049020687413946
1.055207994459
1.0637048889200778
1.073502442093694