1.0052739365157686
1.1315380797646304
1.4736667699939718
1.8790177402100188
2.107945107629751
2.036263770014102
1.7767987745525073
1.5480062788648732
1.4903897525854395
1.6147479221704177
1.8224219286488224
1.9577039852487967
1.9254892103721273
1.7755313235545578
1.6372459605813547
1.5951881229264449
1.646888757638006
1.7336135408355988
1.7895501273300276
1.7957148983257512
1.7886655444664605
1.795401502502814
1.787431476829311
1.7281108752968335
1.6365160190738424
1.5789288856535584
1.6103763562342976
1.722828558347657
1.8377888733130825
1.86986453367659
1.812107901757376
1.733485774665208
1.6881043285648667
1.6638157443533432
1.6271713794472151
1.5845841823943174
1.5825745447608834
1.653021235608907
1.7620402725408182
1.8305313993171746
1.820778219252192
1.7757438917570683
1.7472307819579138
1.7216173072662921
1.6568067685086179
1.5638015772278222
1.5053309505682482
1.5193943014627211
1.575924140402172
1.6209200559232118
1.648836316293479
1.700488892279676
1.7822241908532228
1.834796817054159
1.8164988733879834
1.766730391950441
1.7363997253673662
1.7048743411325458
1.6282963051018788
1.528422011242144
1.465138951788962
1.4460353938324109
1.4277537434180405
1.399068802954
1.4025693199980442
1.45988506824475
1.5290661710550804
1.5730152325442166
1.621631039010127
1.7084476128562092
1.7948442031583396
1.834504231681754
1.8594987824909466
1.9112409046286432
1.9504870082665329
1.9351516410461718
1.907826898321336
1.9065111317308938
1.8858947905641563
1.8180316418633198
1.7550476159707349
1.7183241020290172
1.6572570156858801
1.5657012394171665
1.4968075332399686
1.446895852222628
1.36939921148412
1.282720028397561
1.2276058238727574
1.1763066914855342
1.1004911505369626
1.0365213622071938
0.9993405268269574
0.9499328388864973
0.8891370014349048
0.8536035481615645
0.8277570002528529
0.7834911659693591
0.7478914447513919
0.7352857971852423
0.7129370460656439
0.6831085469487577
0.6761090548362775
0.673762742732069
0.6564823900785015
0.6530067000444798
0.6659523180004641
0.6654124939335909
0.6670806654362681
0.6908776932631648
0.7081384763437247
0.7174771315492428
0.7484880981634944
0.7817263425988625
0.7999488038109437
0.834386684392256
0.8787748490882159
0.9041669287623971
0.9368553048630424
0.9843273972841919
1.011352770857292
1.0351732444279436
1.0751351629960009
1.095104227543657
1.1021551647408194
1.1242816419428363
1.128635667684559
1.1138541924194123
1.1132145526921908
1.0992197445943757
1.065585240966807
1.0480232062132502
1.0237524560160378
0.9851533668092809
0.9678961520829372
0.9506466808449965
0.926690481422024
0.9291033717411379
0.9333908227157511
0.9348472370472463
0.9616838390675615
0.9831980421995246
0.9988121215663341
1.0311798402250325
1.0450311560304464
1.048717767444969
1.0601283829003831
1.0455739481794013
1.0269203219183047
1.0157179387445836
0.9854715830016478