2.922984521095675
2.543228425648732
1.8645698360369714
1.5380371140208173
1.7007019965228023
2.061912171853294
2.1564987504299857
1.9087489538261433
1.6892984063367418
1.7395206758943815
1.9532562279107424
2.0478230555354426
1.935798550675875
1.8118398028580829
1.8013874005558328
1.8529495715554756
1.885470075314108
1.906526156618173
1.9515283487864388
1.9359676605175196
1.8144209519056484
1.7254568960334513
1.8005227297920738
1.9615859492969465
2.0002771694519224
1.890279785136962
1.7993679234010835
1.787802308517803
1.788157279859621
1.7955766956664583
1.8754376205181602
1.9760452289880297
1.9448537466594036
1.8108863475010708
1.7393988326641872
1.749526388446098
1.7593841324293076
1.7872824369401716
1.8879005334167922
1.9603055297051448
1.8990147374651623
1.8047452185895245
1.761866622796056
1.7081798754852255
1.656302485252564
1.7055220492027736
1.8160005965599713
1.86309301330983
1.8783677277337167
1.9103497832692269
1.8615701952857329
1.7428849370408768
1.6778979514550052
1.6418085694676394
1.5896812642920621
1.607018147860676
1.698075384811755
1.755870098200524
1.806383732311363
1.8902833662687217
1.9005582864333441
1.8497254517353579
1.8222424138098408
1.7445262873461056
1.626903456891663
1.566134703834328
1.5085774181243643
1.444176401924275
1.4556029364374312
1.491427160990839
1.5169084599191167
1.6049656444886673
1.6988554261939746
1.7570629732630902
1.8569039999557215
1.9303531795471445
1.955074263688211
2.0111020868267886
2.015600058043502
1.985304510804114
1.9819066094406264
1.9169469426792645
1.8495494802722434
1.7980306433705233
1.6927653060171597
1.6163329184001696
1.5351058974312581
1.4250992228789312
1.3563192143983251
1.2629111690753265
1.1746137101340253
1.1146099441363044
1.026455232095027
0.9695195191397664
0.9128075800493001
0.8469153272380731
0.813950151346669
0.7611978433986564
0.7274304229014705
0.7031885693657127
0.6665321709697901
0.6594964694549362
0.6374359304768454
0.6304337827224219
0.6331642818231428
0.6253404690961633
0.6450177455524269
0.6494636142746752
0.6720856807917984
0.6988871121111045
0.719657765546105
0.7649133627415788
0.791015520204672
0.8404879421052285
0.880833477714278
0.9219822957367946
0.9751028143471835
1.005093873088099
1.0566780100063695
1.079539088735529
1.1113944780875193
1.1289861728450754
1.1308370159852057
1.1382305588053794
1.1128003051460404
1.1031061441078749
1.0629542444888753
1.0362773524306017
0.9977359874495275
0.9649460853702598
0.9433035674672005
0.9206327739177894
0.9256402220137768
0.9240314856842182
0.9542999101854621
0.971093136228276
1.011024981871437
1.0302590730699237
1.0561018449916986
1.0592881712578852
1.054955840347091
1.0369204646188095
1.008628549563103
0.9853964323690193
0.9591646856239955
0.9560540874982205
0.9542250702101406
0.9797031821562912
0.9963871983224658
1.0287496371432554
1.034135779774047