2.3042657197594965
2.2235073428064274
2.2577816519363636
2.187108312828394
2.20636336449522
2.2929783831458597
2.163688329072055
2.1589951482552876
2.3432103161136455
2.1669122181722726
2.09473304283877
2.3615923977715756
2.205001893170534
2.061629218238398
2.302837092339959
2.2453403840553463
2.125279586300197
2.179663790150368
2.214858572117824
2.2666069077667395
2.10998251994066
2.1137400308495304
2.302364475431295
2.1760908521927194
2.1124083674938143
2.1309838645453785
2.2106718157496608
2.250395069630662
2.0599320787659505
2.1041309265437134
2.180208132739497
2.218741414437002
2.143289674387781
2.014372239490738
2.1274087282411838
2.1701988361734728
2.2047518633260115
2.056863315558755
2.01221008564914
2.081184128654322
2.15884882494627
2.181168643444676
2.036089000505234
1.9937171328372438
1.9792658121107254
2.125279839924772
2.1331800040698763
2.1158864451082717
1.9618905899246393
1.9309511500040852
1.9413961779610724
2.0688421978200595
2.105962639852159
2.0973226386727495
1.9639999796972325
1.8831258587714963
1.8326369787586472
1.9171223148549499
1.9943063248301878
2.0895173844415833
2.0481816915733875
1.9877411479169007
1.8354477265472693
1.7727417874490907
1.722872903620592
1.8047521293927988
1.8804309453678134
1.9997754865561401
2.0395384614729752
2.0299681179264053
1.954344028535195
1.8194155606996818
1.7103171241489759
1.5858612891512807
1.557149652250166
1.5454409362181603
1.6225159665580124
1.7200787980212886
1.836619097749219
1.972443734796138
2.050320997321702
2.1397000818922507
2.154625099698764
2.142431561424932
2.1066055634680985
2.005188293824454
1.9185002743925388
1.7903756233144867
1.653711737691053
1.5364010446603422
1.3900751240516744
1.2718307346599549
1.160388198401843
1.041509903623472
0.9573914007821193
0.8705578068298465
0.7910861634524743
0.739848338127484
0.6828349530245417
0.6395164460032545
0.6174764455482928
0.5899812015995946
0.5779321081379741
0.5838443460733664
0.5853040716179171
0.6021160027924938
0.6365320704969408
0.6664364855203618
0.7094379965728917
0.7698783018801078
0.8228170463984038
0.8815670148212372
0.9540316021228782
1.011705086598479
1.0605005063170159
1.1137935426251961
1.1440697406551072
1.1484608369825853
1.1481792065663232
1.1282032737152143
1.0802117610120745
1.0310576105809321
0.9881255019312295
0.9424897565188991
0.9105364155836221
0.9110100800955182
0.9340240224124788
0.964912891151725
1.0056152533291176
1.0501398661556238
1.0725922152607192
1.0614750798095607
1.0324416410727097
0.9987873342505001
0.9646974780508802
0.9437318552685535
0.9532542117618796
0.9906755034585573
1.0298875537944232
1.0457829817698594
1.0348479928638499
1.008087175081927
0.9787833967322195
0.9623290551680457
0.9713574207583017
1.0026558579136087
1.033099596013054
1.0357924841953916
1.0070031194953493
0.9732811923764765
0.9662541456415988