3.518697419960409
3.064229412141981
3.025474137181578
3.0221797011970484
3.047106865393461
3.079753798615516
3.0861617327799835
3.053118274148972
3.020118365119231
3.0330359665489763
3.0512170573800996
3.00631934825321
2.970098329866532
3.016887240489937
3.0226879781984097
2.990785400985147
3.01327993817126
2.9651684910073817
2.984129151485293
3.0009217025532404
2.944473243277845
2.9797548710537463
2.9475752518412035
2.9599775868737894
2.9262922556926543
2.949769936311679
2.9140835954606823
2.915964418549194
2.918101740264461
2.884647224966664
2.8867580797784
2.9011884312755662
2.836534816805448
2.8642836607420348
2.863445933611684
2.829438603207757
2.80260079355693
2.8024054477140066
2.8259663517065783
2.804096206987753
2.7594023723219796
2.73823370136502
2.7262944491812338
2.7132979508841424
2.709459417396762
2.7121439401360172
2.70846796495513
2.694154703022326
2.6743178394343703
2.654029729145916
2.633713007315781
2.6107551582600053
2.5830728679147636
2.5524055300348665
2.526303781383163
2.515674498808987
2.523873359922444
2.5324765902716706
2.5076675385952196
2.445756437604996
2.4055527165739443
2.4284793094250516
2.4328239245803958
2.356868277949224
2.3372522064755974
2.3831103797359336
2.3009276163791195
2.2712838153661736
2.3129763046289775
2.2051982845731644
2.2639372602178782
2.1775409163109414
2.1880979276740122
2.1546423453454584
2.128421471379069
2.0967016288632316
2.1044219093259313
2.004278947049664
2.099497690486855
1.9215594886161496
2.024017948405842
1.9662433296395376
1.8304209935760454
1.9660250438361486
1.908979563513315
1.709608690650677
1.800658963647377
1.9304672206026643
1.7844485161528507
1.5530554559822196
1.528416184234677
1.7247988949676458
1.9338317589760372
1.979814595540138
1.842111802749863
1.594516330273746
1.3175474247365593
1.0643522993964023
0.8610672364918517
0.7156984853033975
0.6274972665562738
0.594230820685649
0.6154025131245805
0.6906822552987452
0.813701678322461
0.9627935421178863
1.0945987728041655
1.1529562637592192
1.104504639952491
0.9871828062768687
0.9119949156574979
0.9604605016521788
1.0575471858116854
1.0462562158113058
0.9553440177799497
0.9736311894381604
1.0467679361863886
0.9911076529393108
0.9725241781094208
1.0377293483893477
0.9784084079607933
0.9992999021569102
1.0168654738829055
0.9774582806000054
1.024032628260269
0.976278442725878
1.023755358852447
0.9774133626548851
1.0206778408247557
0.9837290390982816
1.0093236546291515
1.0008740965099914
0.9887401019813525
1.0167992592158124
0.9887388413180795
0.9969096899177136
1.0132295038022656
0.9946025715550447
0.9897570717636459
1.00713226103439
1.0106205292826687
0.9945848111043175
0.9891751302983006
0.9976542483500607
1.005964319009011
1.0094224663326345
1.0072877439019534
1.0010320386864433
0.9953557052591182
0.9930533546713192
0.992972836286474