4.2346557405780185
3.47971373489218
3.6921022986696954
3.5193888011294154
3.63002597623651
3.5826163089912915
3.5917407644243684
3.5641483600044848
3.579800212391735
3.6203096527189333
3.5577835230222545
3.5298306656999503
3.5655870421656677
3.5719433768846502
3.5449560098727693
3.5309021694909073
3.5391026116366024
3.5508613636875563
3.552651622489903
3.5434224356934263
3.5273095569790147
3.508501038750004
3.491348409412443
3.4813854483657356
3.4814986019963436
3.483060770492759
3.4669083647479675
3.4294221254373345
3.3990023991358167
3.391065791496719
3.3863434576564435
3.3914073542383756
3.3799148407918236
3.3220563545846904
3.337228344659851
3.3375806113661026
3.2811573010296446
3.2946897853938375
3.275604526183491
3.2343043726651337
3.259164331026907
3.188742953306
3.223354847302962
3.1609775304910466
3.1671944974347537
3.1407111322106886
3.1095057083706505
3.1218014089739308
3.056428410285823
3.043636614249492
3.0644600203630827
3.0207229164387384
2.965027802126912
2.9541034278914315
2.96034460885014
2.9458750163235723
2.9085151100271083
2.864283764917212
2.8247283937550116
2.7922070466186653
2.7641288732345854
2.737010288794152
2.7090918434847886
2.68305403900997
2.666742773816642
2.6649356861579023
2.663897951726379
2.634377075801009
2.567529263686457
2.4988852849038987
2.48387140524571
2.5162491115784644
2.4634828659495973
2.357850650827937
2.41092596938267
2.3666774493920104
2.2629375996905803
2.342055014466859
2.1913457217203525
2.261599658837967
2.128407131387898
2.2013350773176037
2.0285069819081865
2.1643239592862056
1.940866291199884
2.039448396844772
2.014449166506741
1.7827855938093433
1.9396844871383245
1.9970509953415716
1.7033586889446917
1.5592491752025637
1.7678094705635823
2.025865779292417
2.0512020626838927
1.8278759265738818
1.4871735507599462
1.1523084444510248
0.8853239571636343
0.7015875628704997
0.5973666116109329
0.5678280375226168
0.6128936655952242
0.7316070637511478
0.9050769171698476
1.0770390363389983
1.1604287494794587
1.0991336576625648
0.9571507526354471
0.9093327363322945
1.0190032228332717
1.070057700419184
0.9625381883306172
0.9748890902215405
1.050135148280791
0.9662816946608055
1.0088542354961867
1.0110892726545364
0.9801885523767316
1.0226156345231492
0.9802486852085692
1.0146212137199198
0.9940039212883571
0.9954966397141
1.0163174272907498
0.9785348410759379
1.0108601230945728
1.0116060568790264
0.9829990485372261
0.995991810280448
1.014799437085748
1.005788980267428
0.9894902345339252
0.9865385280530599
0.9945874037193223
1.0037442150070366
1.0090034329498554
1.0105440600340658
1.0103040823077634
1.0099104240972394
1.0100252261664617
1.0100395449675559
1.008132967795297
1.002849481561036
0.9958969929076604
0.9920947767792148
0.9946850459315626
1.0023312814333099
1.0074964303042733
0.9996202666423935
0.9923426786861143