5.5768100367853455
5.105222169401447
5.05026977810249
5.031147205052592
5.064540097999707
5.0575247722507015
4.987559331823966
5.002836903185363
5.00638758865243
5.025741263029604
5.010879360240314
4.969199836781449
4.991649858472842
4.98093825306026
4.950906460645856
4.94529859316875
4.947816261951557
4.925012763771791
4.9272053392082515
4.867957821152893
4.866076462048931
4.872924137712844
4.839200175949798
4.801331604286522
4.782473501212925
4.776647599660185
4.77153395949021
4.75330687190638
4.717307380771386
4.686471958053527
4.668677167913903
4.636633301495599
4.635884566122967
4.628951688455667
4.572879340760613
4.536884896707123
4.546687928597014
4.480133096126304
4.475976203242057
4.438802873995172
4.403321924682998
4.364295699509927
4.367030430595049
4.2959062799523275
4.282599134228637
4.2688924777542026
4.208953048173042
4.154003769822316
4.1239655170796645
4.1015409534820595
4.071704549135044
4.033224576111014
3.9938351602101294
3.95262733741071
3.894319585179491
3.8371024802906644
3.8129755299768635
3.7989491725329736
3.7646738416809047
3.668246341871054
3.6619571889625577
3.6252489523201765
3.5368561453937475
3.5542628035280326
3.441428677398847
3.4512357434395144
3.367082515071773
3.316072101645795
3.32438582076427
3.229417420929018
3.1471412037305093
3.131334771723051
3.1201220647542693
3.080019283344886
3.021307653884562
2.9625225646097855
2.91479324095511
2.874660691084703
2.8245336541662693
2.7472792264201966
2.628500503954089
2.528767026449009
2.565584547980324
2.55353643639415
2.3493262631149423
2.403769387788298
2.321431292898156
2.2128856266355195
2.2286605100576575
2.1292438256188926
1.9750013352549818
2.2060709883434684
1.8142103497102076
1.7053055623906286
2.1024517246512016
2.2405566119426408
1.9068791715371731
1.395297763284125
0.9594685947395725
0.6777207339278953
0.5410118255099841
0.5312233822829365
0.6457165856115493
0.8683182469916928
1.1022365597334771
1.1724263304954252
1.0109351074491102
0.8950434933498449
1.0425266438297844
1.0359623594984952
0.940788589604528
1.0586724439212545
0.9508864852795651
1.0442199110487707
0.9617855640790928
1.0251326337275517
1.0054446251060183
0.9717518152918287
1.0134180928825898
1.0230352124998179
0.9973965084624
0.9808501459030028
0.981055979561626
0.9866134973043172
0.9895811357724497
0.9888842590256859
0.9870482376913603
0.9857777454010267
0.9894149506837612
1.0043143641353036
1.0125917653739323
0.9989788610698275
0.9892466287256562
1.0090524648245596
0.9978826449042077
0.9970456869425361
1.0056265914615174
0.9940995940582849
1.0029735251498944
1.0020537703484484
0.993996419419768
1.0073304665026392
1.0010949817285888
0.9927499990867672
0.9973692470010475
1.0044014894977524
1.0068991420436246
1.0061389384936947
1.0045111857703561
1.003515996783105
1.0044549372225688