9.73510004721943
10.766407292348726
10.79723850897694
10.752256966414887
10.789790600084972
10.788982708227492
10.733548312245707
10.729705858595862
10.739605303162659
10.700978253794986
10.688303237498031
10.673535724784978
10.652219760244597
10.607957720620846
10.529467097049581
10.505366567337127
10.478495283387552
10.440711544097947
10.36701985429226
10.350436645629907
10.323535101189314
10.254956489521993
10.193108670730187
10.14204760189236
10.081391554371178
9.997693517153287
9.956097959984662
9.898877224048404
9.80700056484362
9.749900940946747
9.694971119579101
9.611316380607485
9.531741817101448
9.450906642027528
9.377139439812803
9.312699540229326
9.22629420534388
9.105998985317036
9.047365632080938
8.931064027378746
8.87437979987395
8.762394890770667
8.642050852703516
8.557559237153702
8.467652418222478
8.362852520844978
8.25671536386862
8.176591230818483
8.086525418128863
7.934099354318327
7.8803513070631945
7.722697274018029
7.637859798548126
7.544734317909617
7.430753631547426
7.313887997948579
7.203840667240123
7.096923066306708
6.961437422726153
6.807058955670826
6.7334947210573555
6.571923111125694
6.5011761526218494
6.32959033511635
6.203019041211777
6.111099676869171
5.998556260398933
5.867935615142746
5.718534529895422
5.567152938670241
5.485683859735167
5.366118966946066
5.1917536866300065
5.1039094405608845
4.984297112694407
4.796409655676068
4.659515870909506
4.540468738711329
4.405600032306986
4.254718478795791
4.141385953269388
4.097543095721975
3.891786175086344
3.786842211450407
3.6150968243588473
3.5924793613406965
3.347630347997767
3.1496697258508637
3.0167192023259686
2.8692142538004823
2.7108406335319453
2.6793602547269297
2.760261825087507
2.287047834896037
2.4533364665117436
1.9075966906730524
2.5925436922889915
2.2313694374608244
1.2817841755615589
0.6642576484589828
0.4423866699643044
0.5205193171455165
0.8592209918650916
1.1967323996604522
1.0300280801804809
0.9243294830108119
1.0664098611185964
0.9812138170182323
0.957522691351506
1.0356140824299054
1.044949624293555
1.0337296101979496
1.0317565504873945
1.0279143958621182
0.9973004891968368
0.9773684959719978
1.0215483693968312
0.9821472651766096
1.0187792114034473
0.9880715390428176
0.989464073466266
1.0040976635258878
1.0096736814674376
1.0088380773573105
1.0017192802069792
0.9900920123649475
0.9959219573489174
1.0091279170245353
0.9909554779888288
1.0081006864465174
0.9974618183119239
0.9924269374240424
1.001158928419261
1.0052591799519126
1.0049514390791827
1.001618767035556
0.9952764334496436
0.996268387893993
1.0063174377282085
0.9946398684602437
1.0052689447885645
0.9952868039381819
0.999288599484567
1.003993315878303
1.0046337535520258
1.004506981761781
1.0047665649693007
1.0029012968329496
0.9971442065160331
0.9992245930900899
1.002047875731068