7.4598440408391555
6.406944922375266
6.53867661941591
6.508044798822236
6.4294173354337865
6.488317832293726
6.525502302040748
6.5058115340304115
6.474823854197714
6.455284071058802
6.449239842266163
6.452061119723318
6.447216519359474
6.406872822221784
6.348967037981916
6.358569397811838
6.367188678871913
6.2974086791543415
6.324740528618473
6.259284548291827
6.27609285871336
6.221838253733859
6.20065577578402
6.193929078654952
6.15716067715609
6.115644681358295
6.08218897009548
6.051851050885521
6.019599780908084
5.984432906534624
5.950335376041843
5.925977619703314
5.905630454602153
5.852810423736537
5.797911036976884
5.793622612024069
5.714242431923826
5.711995812651491
5.625759587450543
5.621909074565433
5.567723256851893
5.489530203173154
5.457253142849563
5.434535047249739
5.39662138832703
5.348803098248681
5.298409698283881
5.244322446611802
5.177763881821378
5.097254216470504
5.037605519243323
5.023545018371218
4.957557251805903
4.871458302656064
4.861055431711617
4.752557061717647
4.74014340204663
4.650697937518597
4.5814943101064385
4.559293786037004
4.490469838317177
4.400781335296473
4.323234990357175
4.255788622969241
4.189767754878678
4.124514187019802
4.069601776890721
4.033656394437123
3.984596362822774
3.8686222165184256
3.79109678546292
3.78281218339994
3.6325363657507466
3.6457355800639126
3.4854575332791935
3.4900090638129817
3.402134030501498
3.258472047107425
3.219746775247778
3.2031730857893437
3.15063071233015
3.0774283162991662
3.005023283820374
2.93404626079943
2.8359400698975925
2.6732115753247494
2.5215360559465045
2.5727522012519963
2.5408827109299508
2.2431800662116563
2.4501650712758094
2.036981872006108
2.343264843133308
1.9098991053927366
1.8311624935827162
2.3237499763969
2.236031993656048
1.635561077173491
1.0433523041683606
0.668585358929618
0.5041071148676921
0.5172611858324554
0.6984757546272414
0.9934328536731422
1.1892377228475128
1.0560773942693897
0.8874867295973757
1.0626655281930915
0.9890013136176664
0.9989326448340481
0.9940345865056922
1.0294808919302343
0.9567173489555348
1.0188912098631744
1.0306593593311764
0.9935119801713911
0.9743016537217144
0.9742615046372021
0.9776807526334209
0.9787628605322273
0.9806072808401344
0.991127085538533
1.010584252496606
1.013303023258198
0.988661786125946
0.9990448597123852
1.0081545589773246
0.9902366452344703
1.0086198426250819
0.995764413927006
0.9961240194893519
1.0099652698411978
0.9985944782893666
0.9909007507942584
0.994279677557255
0.9992777712028831
1.001534782531293
1.0008731112778417
0.9975696101054433
0.9932876495447052
0.9941455571650124
1.0037398368352237
1.0048534918687182
0.9933842013876583
1.0045533739791963
0.997024538141606
1.0032568639699389
0.9951378838915684
1.0055752307045265
0.9984433410507022
0.995238633830604