9.688202110559986
9.086126367119942
9.122030691157864
9.034000722267699
9.09728763440077
9.065763004587888
9.03645492135225
9.074636823052838
9.081075798888254
9.035572293097514
9.046277345982402
8.98012857902226
8.96683506907585
8.934650348654246
8.928929913979815
8.871660646396048
8.88908788693334
8.817081580647274
8.808601858009533
8.77070210139439
8.702921465196615
8.664031144212412
8.623825793779856
8.567336678556632
8.54775162956041
8.510610852080449
8.456364061642804
8.3862301851238
8.370126336631035
8.278620488237175
8.257332148762453
8.169550315344654
8.111218499870098
8.067107879453223
8.00509476164506
7.952282544034554
7.879563988133451
7.805969111637914
7.706858224106973
7.646929480946595
7.605673871718079
7.487965918921564
7.446708236844609
7.330828977628411
7.287502685588303
7.215173303588195
7.115744175448774
7.017915326364573
6.928436819729456
6.853791867815182
6.773463790854506
6.717736736759316
6.62035608789918
6.491666783495511
6.448762066337804
6.310162216394399
6.266952929971971
6.141406961319601
6.0272261135309035
5.957880975922381
5.8825371708897425
5.783812229350505
5.683620633392567
5.557867966518464
5.440923802144534
5.3720835746749245
5.285498145480366
5.133271938776584
5.09247010379046
4.940822423316344
4.834265939175226
4.779619376602421
4.671955661123414
4.5495145408044815
4.434390915191644
4.341801097458247
4.258180546946422
4.130608167501287
3.9437199053702643
3.9070827451662584
3.7730963394156434
3.677238088537915
3.5082989094842563
3.5099713970643194
3.3543927177622943
3.161080243844354
3.018296521293463
2.89278979424941
2.78580497197515
2.755350168863405
2.7857546183059263
2.5123995283394556
2.3012756411398025
2.484650164871364
2.022080832958099
2.048738682671289
2.550650055051589
2.0194840993583325
1.190380512854136
0.6633035096827724
0.4611647656924824
0.5156753848483454
0.799415255307536
1.147004924816352
1.1265024144656277
0.8799313111342266
1.0811427783148768
0.9364430454450912
1.0655899068453536
0.9629864235450748
0.9685750164600672
1.020154766713619
1.0351931686898148
1.032052266461112
1.0280674859569283
1.0117200436350635
0.9845496723479411
0.985672877307834
1.0196289170232016
0.9843678824194815
1.0148815641356201
0.98441356939876
1.0094112743447132
1.0096493118607293
0.9943950632584873
0.9893049852430638
0.9888715330613365
0.990058970352439
0.9966428744163409
1.0075338233418474
1.0045551310791974
0.991380326645278
1.0081500996373334
0.9931025309698907
1.0080045085351128
0.9970528678766527
0.9945925022918255
1.0012105235029303
1.0047321402564033
1.0060271791071154
1.004144766388773
1.0011507008832674
0.9947208154270054
0.9984148964819527
1.0052646955798406
0.9953011448353486
1.0045521067064003
0.995595931965519
1.0008903781649083
1.0043747154278602
1.0007010647691406