22.887380090389435
23.241697204492677
23.062677563895225
23.081722394220186
23.102485654516368
23.067450895520476
22.979212831278627
23.022131410767653
22.925010408959505
22.857030021749775
22.81215297108267
22.722313775095895
22.59598754316135
22.575231827362284
22.44042765132043
22.363895762075526
22.246813499901737
22.141161623562052
22.026183307941622
21.859940927092197
21.724401184858213
21.58881538394386
21.469569585965765
21.31293825761021
21.13527936112489
20.955336557317448
20.769494134058107
20.612157019090752
20.449214478986402
20.24384674124794
20.040932031866525
19.852559500884702
19.626930467284776
19.426342849663058
19.18152711373447
18.984858047997218
18.771462786290932
18.531380902757498
18.265938210365075
18.07868342893071
17.795570732394765
17.570652186153097
17.336653859767686
17.076400159301947
16.785190582871287
16.545306458913068
16.28489790950591
16.03158350080986
15.739811279363746
15.469137681605918
15.213994949743324
14.9355161547816
14.619723451148307
14.373559727165325
14.106120705049934
13.813102682673575
13.528795423773518
13.233410813264367
12.902112425741446
12.664148890802885
12.36215545701136
12.045115920692126
11.751345337258314
11.488609401154875
11.19703846198432
10.870826030600531
10.58630662420459
10.330164008556636
10.044656453443352
9.742517075311937
9.395555923604805
9.155946762720507
8.818490122584018
8.587320306866765
8.315938914102698
8.026486299820807
7.693424184634012
7.3933677475074555
7.167720379574163
6.887676940661804
6.557940275662026
6.2795053191194095
6.056248548806304
5.817359349035688
5.433786070821139
5.26268350670303
5.0462828006643585
4.774386267554738
4.542859445504933
4.205309412141632
3.8588231169057186
3.723528306149425
3.583280184090131
3.2689985106369788
3.105009930258836
2.9957934840449174
2.0861827989670383
3.00265815450559
1.853970409124667
0.6941600067337019
0.3714027962343833
0.5887860251106439
1.1378697070761319
1.0399283995460213
1.0182377346389508
0.9142580184659591
0.9680998397483606
0.9707602450032174
0.9546177380744709
1.0200286653312605
0.9866766689133565
1.0281318666681258
0.9992413911203086
0.9917464653730588
1.0058470306767622
1.0177828334005359
0.9833266321298871
1.0144270965067839
1.0019732728218254
0.992653594034188
0.9962548773966311
1.0093227604117463
0.9997951427013041
1.0003307619466755
0.9920118752348799
1.000446981959386
1.0012508911575606
0.99530361585282
0.9955862416629547
1.0060544168290797
0.9972063406011737
0.9938958701307139
0.9962205106296594
0.9953418721468916
0.9966187788549085
1.0053295750231492
0.9953021384121931
0.9994791401430472
1.0032545707279819
1.0033605848320477
0.999737059379986
0.9963609242570363
1.003517317088511
0.9987951018087042
0.9967699257230059
0.997173236036592
0.996401635594781
1.000433292173886
1.001289908394995
0.9995305932074499
0.9973128664337122