26.98930867488568
25.135942087686576
25.183974577872156
25.160419113627068
25.138260014784098
25.149903757420926
25.017861528677418
25.060837486562306
24.935442985396886
24.846685318106488
24.791584008426206
24.738686727101182
24.614315636146955
24.52867234457953
24.436539704067545
24.326772523727136
24.212524334996896
24.053386398818194
23.887329754674184
23.777822924875174
23.63784241186588
23.466324903535522
23.302150987488016
23.11181927220307
22.938946391847136
22.73690802602166
22.582261528507907
22.38776446313184
22.18270132310321
21.94378021745961
21.707486602619532
21.50600313524905
21.285998075948683
21.049577328312882
20.814623383013586
20.5514242868495
20.28324446807335
20.058205085271727
19.805935515332823
19.521431023164205
19.25889339003905
18.99841715830772
18.684634491469332
18.437456921509064
18.133686600626614
17.829721843795493
17.540712390796962
17.27694985098695
16.965321421813684
16.659515696221757
16.331786217922165
16.040001815302805
15.726934068062011
15.412090372883657
15.141501466505947
14.778624004986565
14.500537385646034
14.2017581592817
13.883690442745449
13.53939506142032
13.189603812058715
12.917982604156494
12.581074972698955
12.236979054563024
11.918432937060645
11.630408175830503
11.302559064301628
10.959330204964264
10.627125080060983
10.344484284955465
10.026429751396982
9.67350067331835
9.374322699611
9.078135922739943
8.787676256688615
8.438452023578437
8.12791065486963
7.865420493914084
7.546653758215326
7.204501793262913
6.899047666064736
6.660242285546955
6.370274640508527
6.022062140558279
5.708928397703979
5.524083952740783
5.195400572647381
4.830493824755434
4.541119782330239
4.335048709189407
4.199932761239789
3.6802119586096955
3.616442825346755
3.4789545104867243
3.2677129012794386
2.9434978236732077
2.1177580234909317
3.034789695492626
1.9347780352822364
0.700114021469074
0.36472465615770405
0.5995434135922357
1.1632702878431953
0.9967720908880041
1.0647690301118482
0.9262067179524747
0.9346831995892136
0.94964854223995
1.0103138418859097
1.0162003778707709
0.9987796015079875
0.9719382770169623
0.9843802008768022
0.981156613464857
0.986682760325178
1.0176756078821563
0.9854966853800455
0.9968556910374627
1.0071197674169377
1.0035405388162302
0.989731187162633
1.002157044470678
0.9959818088339176
1.0095652075292456
1.0063260999581036
1.0068463769381735
1.0058395872721289
0.9928930498472992
1.0070309004543947
0.9973150401105854
0.9935251081273598
0.9939337194959432
0.9990197394142885
1.0050468949189653
0.9955256507244927
0.9998059751708993
1.0035613229152354
1.003297072447515
0.9990594336552706
0.9967926117915082
1.0033093971843088
1.0004171742904087
0.9966148873168132
0.9967150811696839
0.9995465559609477
1.0029309603320453
0.9971829298382784
1.0008180590222209
1.0029281067255833
1.0030258000668266
1.0019847330222438