0.9798111417243226
1.0121375931432022
1.1026966533607596
1.2307605799617958
1.3616379530184821
1.4562558836148445
1.4884364864376858
1.4580340251522663
1.3892874260918588
1.3159142611095103
1.26463099329209
1.2471164594056428
1.2610107584330064
1.2946342212994053
1.3320759902020904
1.3590809718307117
1.3692712444192923
1.3666985008099592
1.3613362783118756
1.3601625332728062
1.3612960116090755
1.356192773662846
1.3375582575336507
1.306154628766252
1.2718218132060455
1.2490753083998545
1.2503053838589315
1.2793543760523571
1.327952794848151
1.3777360153337472
1.4086822302837667
1.4100062381337561
1.3860277434290231
1.3521704650085795
1.3239091641137282
1.3071788431545777
1.2970923629070787
1.2847350136661033
1.2659672947686336
1.2458047442114397
1.2357896753149185
1.2462564188120528
1.2783791425537931
1.321547234027182
1.3589374482234162
1.3783363284671695
1.3801211468470378
1.3753182032977724
1.374739929030352
1.378627878679287
1.3763933649397235
1.3568709788267461
1.3195692995122121
1.2764743951674233
1.2428682020626853
1.2256256590345762
1.2192943484850591
1.2129070461634976
1.201054069849075
1.1893488631829134
1.1894834247641637
1.2082154108765355
1.240300526905512
1.27238496193864
1.2948966007442275
1.310657006802179
1.3310970040989116
1.363131282893696
1.40022735793506
1.427895990523844
1.438510691130209
1.439269049096291
1.4437916317369421
1.4562748598556707
1.466371818253264
1.4611781037063714
1.4405787045515377
1.4176755069413949
1.4034813550816514
1.3941701571384144
1.3764183376770265
1.3443638512562055
1.3072465422778266
1.2782170632654024
1.2583628062407686
1.2361015774150457
1.202613050407018
1.1634505714762609
1.1314035396175737
1.1100449837986346
1.0895771512434307
1.060339706763417
1.0258634748115343
0.9979850532878877
0.9807836636369588
0.9653233506983252
0.942351623031802
0.9152399184929502
0.8950733633688746
0.8848977911676538
0.8755805861365534
0.8592088159094113
0.8406066439758464
0.8301369147594562
0.8283606432838988
0.8253503228815401
0.8157674327026009
0.8069773287025896
0.8077393028974962
0.8147010985770287
0.8176673538496396
0.8156360236353699
0.8184042904598416
0.8309303478658949
0.8452645911410988
0.8532763300367352
0.8598343637699155
0.8747480881878197
0.8963107685957519
0.9137226163771472
0.9248122014603397
0.9394379726863823
0.9623678528891864
0.9844698132619488
0.9976838239705643
1.008403892240821
1.0258134445067195
1.045060935150419
1.0549759044764673
1.0572167295032595
1.0628236447421755
1.07192372080516
1.0730933183820945
1.0639513696014056
1.0555728754695841
1.052344911285912
1.044388561490149
1.0268757071895924
1.010128827840817
1.0012332985483687
0.9919818199416751
0.9763061233933086
0.9635393889202686
0.9614805277370913
0.9622202012019749
0.9587303642496835
0.9592895833398917
0.9706281839951355
0.9835244046317662
0.990295377529998
0.9988207625692934