18.46608390863945
19.479229322885768
19.523071485356283
19.515209689287182
19.52192211169192
19.443238594209525
19.41005516004587
19.392975409507095
19.334214097195844
19.265434611210928
19.284143168899817
19.17754072121297
19.15331228767469
19.060572227474086
18.98454534164971
18.911967368560667
18.817925480978385
18.691663029337064
18.6503513154063
18.487112315408567
18.39123347633504
18.300267862425034
18.175718984862847
18.031153105406
17.918625150284097
17.784141172701897
17.65818528488382
17.497625920302426
17.33555926128167
17.180657910203745
17.043261010544583
16.910762071835446
16.69148257814198
16.571282674974977
16.37205407406415
16.182379116502883
16.004529060078536
15.83557697844354
15.650614163749465
15.4260888303214
15.267555960094622
15.06027277548701
14.830096931197453
14.621025725167337
14.428440912328869
14.243582692849397
13.991057749811583
13.80775756819423
13.55967741425742
13.327310865259017
13.101125607188234
12.873852853961187
12.677725819471364
12.452659055946395
12.195427483014372
11.958595952415681
11.754923167150407
11.52282264499218
11.27409361339171
11.003671166766631
10.790307494779439
10.53607542533331
10.329484862437535
10.052072433701001
9.793608642831943
9.559837343465977
9.354673991452044
9.091008188340062
8.833597252697464
8.580801862303224
8.380791856663329
8.14625771905809
7.902829259872529
7.6264451690064075
7.3450003513876965
7.186592609485405
6.870446421695259
6.629142887401446
6.421827255697924
6.1758712500527615
5.89980591668978
5.719542992231599
5.495397354989203
5.2694087498511415
4.949467531238298
4.726671750883553
4.490041397468579
4.24943133600262
4.167781738043166
3.8567679419382355
3.7439006751247406
3.3204827560291728
3.0644806989354008
2.813491254082795
2.597752014205029
2.8469330338923307
2.149642801669157
2.8956890182348642
1.7025182971237889
0.6834698061003809
0.3852323771217208
0.5674034947743866
1.081704183482231
1.1216824036243833
0.9210780754785634
0.993362855633322
1.0723323869150814
1.0551065861027704
1.0488936665157629
1.0200023056225869
0.9646624098791463
1.0305166924218803
0.9746220340739399
0.9919104720078815
1.0086579062587304
1.0051476283423446
0.9879245122298859
0.9928076161307557
1.0107802362811475
0.9960257283716818
0.9887567803358809
0.997436057378791
0.9976693962401375
0.9906280232617042
0.9966991069164646
1.0071341634193136
0.9958053786922229
0.9946997092534111
1.0019943149294794
1.0026462897921684
0.9976400713064325
0.9941913015800814
1.006122287831198
0.993863992186467
1.002920971672137
1.0056942508141247
1.0048744754295333
1.0050238789677135
1.0000069862409722
0.9969646705766615
1.0025148948979088
1.0012748240033287
0.9968634227015367
0.9961848620542135
0.9968443049731742
1.0013558588159641
1.0022729657374967
0.9975208083824492
0.9999216457501577
1.0030990445001087
1.002597591470786