16.577827153650563
15.052602599799847
15.146306906435553
15.09143967714798
15.058612098621138
15.087738623818254
15.101722413460267
15.014214857346142
15.023705363114185
15.0014412582134
14.919816866804796
14.923713962938745
14.835896360026098
14.778754665708199
14.743926634133173
14.700019672786299
14.600985051344077
14.577276434171477
14.520453375604193
14.40341921822456
14.341032969278551
14.280563615869017
14.193778169474507
14.101078149075214
14.00276553273799
13.93142202427401
13.790133961801997
13.698793507012633
13.579411243869556
13.501405794777178
13.370735695095036
13.247746045173605
13.139547018835911
13.019744826074025
12.914911636264833
12.745653525798685
12.645917232056357
12.472005621062218
12.356937438143333
12.240751272856366
12.106697739480746
11.948195960918115
11.789476176379852
11.615982565432258
11.50696176857889
11.313476298113793
11.187576895100753
11.03960805538077
10.866321888746043
10.710746765416587
10.553526605585265
10.374607120434312
10.170828425370063
10.05015434266838
9.83781541077575
9.672988126819275
9.523464377050924
9.356874981124186
9.178770984107507
8.968450965587452
8.77900673796962
8.65261491779194
8.412866137226453
8.274520542929416
8.105007088846238
7.904691072522252
7.715138300199676
7.552611460874472
7.362745701508042
7.123305121619336
7.003271218206037
6.746865935604135
6.610629373910236
6.453723303357806
6.265323701791846
6.08110255317325
5.882157295076015
5.624317152824529
5.504941546550033
5.267594474982586
5.167002791221642
4.920014296641146
4.691310859058587
4.502931010611724
4.349779291258235
4.258331997636069
4.006634057054613
3.805994008952153
3.6221778800158173
3.577543152808412
3.3218929240361326
3.086443038350482
2.963381532867663
2.9466649130050864
2.570728359810537
2.2346446734427428
2.3973439477724168
2.645064213838384
1.5022112917729569
0.672413590831364
0.4079187920271753
0.5428510303119116
0.987168726153568
1.2031913124417897
0.8737795751433706
1.1039548472598864
0.9428920279171438
0.9551430502903948
1.0009668948759396
1.0027607192641428
0.9778521857813504
0.9697509735914985
1.0261866137331797
0.9820195319977106
1.0223014611428651
0.9858222622264537
0.9820606858324962
0.9884748423492349
0.9859103949650005
0.9866361723037911
1.007124457208277
1.001511860077054
0.9994406184054617
0.9930388952413289
1.008700260043575
1.0094596295457012
1.0084144353844644
1.0091145329553528
1.0005399904107526
0.9925655869448023
1.0079178221403289
0.9936745627053155
1.0011433806146481
1.0067826420841726
1.0055019862142234
1.0054815820408363
1.0049219127119804
0.99664849609653
0.9989747964238179
1.000976073707046
1.0023662420765493
0.9956544761320769
0.9962574398577672
0.997398818392928
0.9966054785440772
0.9968096751992088
1.003351313585514
0.9981968809333012
1.0029961602848
0.996929896500004
0.9988822371186252