19.130248137020853
18.0058518035202
17.931923039564925
17.9441172814039
17.885522613970664
17.89563070617558
17.81971469585495
17.80236006107333
17.793339979671263
17.785618212838575
17.7102086733664
17.638456143332373
17.56400168979432
17.522272624144822
17.456810609891082
17.347964043949332
17.270424609601765
17.210259969312695
17.09926162698379
17.059775540153872
16.94209183775078
16.833279439442812
16.704625736347083
16.623021246113343
16.523279056113243
16.377418463176674
16.250103608551058
16.125832377718357
15.995729211881628
15.861794378865499
15.693066243235569
15.556374539788496
15.421189444127766
15.248686793629526
15.122443889696942
14.974289020798983
14.775189867512067
14.621808531476715
14.477149290691969
14.311688385106422
14.130246178599783
13.943468538971867
13.722186741198673
13.582681661965571
13.35681398336328
13.197048166596192
13.011878009917037
12.8158544048192
12.622824329067576
12.387887752474246
12.180862093385421
12.00667117804711
11.791985600389594
11.553158855673276
11.341042392360349
11.132921093424098
10.920306968461738
10.751104549493068
10.50295421742198
10.309288233263022
10.048161961506224
9.84322832041052
9.635247475932397
9.396560019219343
9.17404487511208
9.002855212834765
8.72708049046324
8.563147921152737
8.304896866077788
8.0596605127813
7.839149444473618
7.638918030200905
7.459263864732292
7.164832245305647
7.014399362729822
6.720899745422276
6.497448487038969
6.2901911378559205
6.052626248070567
5.832721357491701
5.703904458813112
5.396546892440629
5.281705581367678
4.984426041169202
4.727485504516496
4.5092031619638195
4.326891255603446
4.238303250266951
3.9076886600137426
3.7984057383281282
3.4057654024900343
3.2859042758666606
3.149588332109256
2.8709037571067455
2.4667539883678735
2.661982345447979
2.2236030189950986
2.8203470148908174
1.6317703999376123
0.6797897771929188
0.3927757135009657
0.5585891379480953
1.0511331255005418
1.1559786484877352
0.8875617486742339
1.050445216719464
1.059575518984471
0.9998258726156916
0.9950292742766728
1.0256000838737434
1.0294961095846455
0.9690429230685474
1.0286128455556123
0.9847922506777508
0.9810383745854357
0.9906278161114048
0.987415035551443
0.9840464619465511
1.0087855088799296
0.997024562823225
1.0072060211329865
0.9879364251218188
0.9916974099344092
0.9946951730159548
0.9905343501935937
0.9954038277690608
1.0086499089062964
0.9913278508062182
1.0050777873128158
1.0051954791525148
1.000855952969707
1.0016071668977997
1.0055993976148483
1.001477400722929
0.9961635755903021
1.0030847863122705
1.003152709501304
0.997247732737831
0.9956459635052691
0.9973559715469155
1.0027519841518295
1.001894815759406
0.9976893454341699
0.9998342648510976
1.0038712937779677
1.0023296183775299
1.0017168990912884
1.0033682166856897
1.0006204322358918
0.9976249852027151
1.0026082318607683