29.104132964639206
29.875346198874084
29.79861871824122
29.897800171777035
29.787696783094994
29.801415091516613
29.6857343498287
29.586190343858377
29.56075191626902
29.492458987840653
29.363296243218496
29.254103714221834
29.129705107972125
29.02622621249641
28.844590417908247
28.745431633035388
28.547615333357168
28.416758364214896
28.25090922693838
28.055171897290712
27.874531177481167
27.67136853931946
27.498958878324327
27.28692063494191
27.05092768952938
26.821327480088417
26.556344579683635
26.33373964746961
26.0828105799287
25.834648071450278
25.546452245543787
25.237583266197785
24.998808602723283
24.671540111645413
24.371783029807297
24.071639140419144
23.80338190116918
23.46005048388317
23.171767320422514
22.818251020165807
22.480595866999444
22.168311339419127
21.818123276154726
21.472664411859714
21.093242597258104
20.741748898049536
20.38572332970965
20.040491689814157
19.693194032500955
19.318527444128634
18.924256623252308
18.542497759095234
18.196355537884223
17.839968906109835
17.424451000505798
17.039653484070055
16.66547531397615
16.274946407742124
15.886000884349327
15.5427658250512
15.128412770073139
14.722019222424581
14.329798936195864
13.97278816258124
13.620555874316983
13.188040904439044
12.802340842737221
12.431202749135066
12.036341027693117
11.661912869408914
11.32787418070097
10.932562289051244
10.523393390952998
10.149699729572788
9.828768415541772
9.466352536423774
9.086010353513416
8.678249395026148
8.324889617755971
7.965896517803192
7.692722419364168
7.30294089048179
7.038888934779709
6.663962439201404
6.34367999554402
6.045214061563593
5.576078734163325
5.414352936806831
5.0384522914193814
4.698131184659782
4.477042601034096
4.129733690115304
3.7452378803699244
3.341757053419304
3.1616451435146757
2.7478088016195485
2.3327851739232814
3.0450732789089456
2.106964467796843
0.7140535976581099
0.35264726085517106
0.6243843645550959
1.2055788659781408
0.9181708144892788
1.113388650709253
1.0277242015769559
1.0225316190944398
1.0516973118518143
0.9744367770796504
1.0291798456956738
0.9789288280082294
0.974549379587801
0.9844776944696558
1.0183076625146847
0.9866177118081564
1.0169783628685811
1.008360903183239
1.0087375019176252
1.0126702735655584
0.9894864027157303
1.0105983286688105
0.9967985740460703
0.9931563702317777
0.998118150688924
1.0082220448993229
0.9920549144892012
1.00534303123062
1.0066110738485965
1.0065954041159655
1.0038380899229942
0.9939322805599444
1.0047495653934555
1.0028180140512803
1.000084374296358
1.003249789454409
1.0025877809783643
0.9963719691437423
0.999218705953908
1.0034893904090922
1.0026917655110845
0.9985908351014542
0.9991186211628578
0.9997685604464351
1.0036349119964498
1.0028434165007534
1.0032385019866483
0.9982606759751316
1.0012585377091783
0.9972596854991438
0.9989721886139886
0.9983013820911814