1.1708527562433424
1.416158271053532
1.7270739361282386
1.584847345516994
1.4453185410157965
1.5825448243718712
1.6367853517920872
1.5200518761348134
1.5193306819893102
1.5888063243294785
1.57401365423662
1.5527680683144978
1.5378521827470857
1.535843486300968
1.5939571720424175
1.5805118174184487
1.4889012861550213
1.5378128764167582
1.619158614863964
1.546411905082611
1.503905397095186
1.5427773004887424
1.5583015419315753
1.5806928421865702
1.5420232986246065
1.4798312712748825
1.5441589400030882
1.586884033241353
1.544209812649696
1.5226279642677158
1.488370590923705
1.5218226874792693
1.5865418431515987
1.542889169865309
1.5081935575729402
1.484219609144052
1.4912873177993562
1.5638656453439983
1.552786436057263
1.5205511524234014
1.4815669166732974
1.4517915665320436
1.510754119575176
1.534890107843169
1.5496052364538297
1.5169019098880936
1.452267020678793
1.449902353820751
1.4505181811600216
1.5110492453684046
1.5343631854576676
1.526920583311315
1.4928099654869953
1.4281514091383878
1.4181948179138142
1.4107014196812726
1.4666039496206194
1.4971919301747538
1.5268330464113482
1.509478669781575
1.4651796196576814
1.4170568483280284
1.3677162724063692
1.3668968361080844
1.3731269234198893
1.4291976986871593
1.4609503494381688
1.5104899974442003
1.505121500506407
1.50054228007605
1.4439276086075445
1.4009049456436686
1.3329112505684244
1.3007323755524565
1.2669304030918018
1.278631135405721
1.292557714241401
1.3451335474323083
1.3874983871483275
1.4544243721744656
1.4942792577512047
1.5473184715613615
1.561847274818249
1.5844142514421269
1.566564941823258
1.5554685080310855
1.511204388812659
1.4720139844482254
1.413366576084331
1.3551605058979659
1.2938594018120355
1.2261108710588042
1.1697967786922607
1.1013552928590582
1.052590139061389
0.991415663585027
0.949047198580108
0.9014189396308284
0.8635617580629675
0.832480195974676
0.7997711143670289
0.7837029349542703
0.7607067260494943
0.7546986670063244
0.7475822668815859
0.7475839836633756
0.7588093301867532
0.7663503538651844
0.7911732626877231
0.8125157666202492
0.8425267334409011
0.8800371305444071
0.9113743382446065
0.9554648310296098
0.9900687665407302
1.0243211982603855
1.0586175086438383
1.0748544998546135
1.092435033157954
1.093781348876415
1.0815876039665144
1.0686002827449392
1.0379361942854364
1.0087669920320053
0.9835459718493816
0.9555960473320317
0.9459247643024067
0.9472465466111748
0.9551726322712065
0.9811322819616694
1.0068342063359441
1.0255185959414017
1.0429527312429192
1.0413575317435888
1.0241317947887119
1.0062810431471363
0.9828932095306538
0.9657892253927001
0.9698541848350188
0.98366274931316
1.0013100932856605
1.0229571804046778
1.0303972795628313
1.0175158803831659
1.0002797191007073
0.984493881038401
0.9744686703977583
0.983146716072416
1.0053898147759988
1.0193330036837767
1.0181960049420453