2.234136195139416
1.7082059147512239
1.9414227094542598
1.7669297757561548
1.88323530224279
1.8135806144224458
1.846265286154945
1.8253977303042928
1.855809626244434
1.7943195296695376
1.8900322834733205
1.7676004969102392
1.8881312542280417
1.7896027376270638
1.8483155982012602
1.8126366300786572
1.8458468321650687
1.7851576353290792
1.8660479548321467
1.7866517183646675
1.821315524236027
1.8352493273992696
1.785356137767645
1.829472362742983
1.7900606828684018
1.8327007957875259
1.7679345622598759
1.8145116051430554
1.8184808245781718
1.7505985314934307
1.8212864521017698
1.7791762686128554
1.779088933185115
1.7949294187576823
1.7438349255301198
1.8032577726394035
1.7790381081309024
1.7209014603970088
1.7890339483622921
1.7684910637046893
1.7246787922320599
1.772101404588223
1.740036646875079
1.705785728998971
1.7694200909352373
1.7515239874580342
1.6791690694697476
1.717318492165643
1.7517544752500873
1.6912180004861774
1.6809767048797621
1.7356207663037857
1.7094165043547744
1.6378667583652833
1.659464019224885
1.7216200886249058
1.6943724755008003
1.6240110918932766
1.63191576210478
1.6895812896481606
1.6804284831627436
1.6034181450150005
1.5680156816842215
1.6186431788390963
1.6744686477583353
1.6515021641817913
1.573155007266526
1.5302648078534347
1.566123274292311
1.6325605886786845
1.6509802705662624
1.5945240518969002
1.5074589082826646
1.4577693009525958
1.4784602453286158
1.5470999519205046
1.6095413428009966
1.6201069560632366
1.5678699424460925
1.4770441006221993
1.3886718291648175
1.3386435416570557
1.3437038843851352
1.399073744298717
1.4847859283603186
1.5753182785311906
1.6479625063289458
1.6876760379809779
1.6882990577596373
1.6512291660004192
1.582928574456024
1.4923476390950865
1.3888667694582828
1.2809390702058758
1.1753604664535813
1.0770000882974378
0.9888399045060853
0.9122361828683512
0.8473696061372497
0.7938535226767061
0.751404793486419
0.7203774135475296
0.7018982503642487
0.6974359045391151
0.7079253125019275
0.732941068524184
0.7705465093273106
0.8180391909257181
0.8729559095553923
0.9331098873527953
0.9950322693896005
1.0520042560225704
1.0942650737523547
1.1127886404987806
1.1043766920406424
1.073546625563281
1.0296279388703304
0.9831684143325645
0.9460106961934455
0.9317712764058216
0.9491876051938565
0.9908774986240576
1.0327300369906922
1.0506110141961942
1.0376644122937804
1.0046535503143026
0.971171063080788
0.9598527734172018
0.9828456934399685
1.0213119723946955
1.035952394910829
1.0130375754187888
0.9810609739715127
0.9730922319591071
0.9943994490787479
1.0221445369313906
1.021557940970261
0.9899639637733042
0.9751708222912482
1.0003886574248515
1.0213322976210204
1.0067429920479307
0.983981024247431
0.9887211548388568
1.0143756109538633
1.0126351332790344
0.9844829361311228
0.9913352755945265
1.0156606680497922
1.0036648246164213
0.9863813867386125