1.624605940458041
2.1215343838751815
2.042662355854364
1.930162151729914
1.9889381005832432
2.0233207266329054
1.9869626381655834
2.0137049163292664
1.9890438187805297
1.9388182826287585
2.0210719681925537
2.0321529430454937
1.9548422974315327
1.9904745858034847
1.9665645008064208
1.9594943853824578
2.028845794208256
1.9692180070854062
1.990721698273961
1.972078164583737
1.9321600471865306
1.9837368630546284
1.9301488569399903
1.9925551468352993
1.9525080474922427
1.9791751563330398
1.9619044742646683
1.9512669290748323
1.9565679071045718
1.9251540132448604
1.946202875954199
1.9080238657497195
1.9349660249441571
1.8994708077183602
1.9212329508648522
1.897997818151445
1.90167196996404
1.9029519065372145
1.875466102663621
1.9109047046956757
1.8498434380560065
1.9099804155244882
1.8425836886092222
1.8835805669036587
1.866333620791531
1.8372568215103644
1.8927297713735514
1.8210555730252749
1.8615460627925886
1.8605155520515193
1.7965876594502062
1.8558997298776048
1.8122226736864095
1.7671034121770852
1.832750993817253
1.788667452966413
1.7489263955189045
1.8193905594873734
1.7887221386157952
1.7122124898421807
1.7601304290988438
1.7862382663449003
1.7067475971911994
1.6935347947344266
1.7624711764484353
1.7430100717655943
1.6510888942573938
1.649108421014191
1.7271391911014122
1.7293658378552257
1.6350596362615901
1.5793666362865533
1.629901709236184
1.699199939996599
1.6859973610781225
1.5965101892242701
1.5134885680083943
1.5138350587991376
1.5968327083815943
1.6745193926718878
1.6634349711956626
1.5767371684323674
1.465945917663274
1.3787181206752888
1.3697441931864238
1.4387806333746318
1.5380895304496571
1.646314159881845
1.7223348105447445
1.7377025599552203
1.7120694094186084
1.629950980642614
1.5213894211749681
1.3975733803560575
1.2624479121892416
1.1423064080520333
1.0227829028670015
0.9271610908417937
0.8406685430938752
0.7759155708799499
0.7257393847392056
0.6936806330005152
0.6797641290189909
0.6823172163473726
0.7051698112705729
0.7434765516477857
0.8006563044777177
0.8683388225323232
0.9448308139352722
1.0178746614412577
1.0780299416425436
1.1145694988545762
1.11571502940335
1.0875413815352448
1.029248251568302
0.9741547102690438
0.9319010419654342
0.9343908209083236
0.9705809999777262
1.0214655813798335
1.0556921528482548
1.040413230372146
0.9989236196499247
0.960689677238985
0.9639259996570677
1.008187805562836
1.036073580286976
1.0195057160161256
0.9815120507856413
0.9700601924425536
1.0045617192351661
1.0305418981556662
1.003111089924749
0.9734242821767398
0.9954794988874163
1.0238264502138625
1.0025509458566693
0.9784335255856054
1.003148306134876
1.0191310276094925
0.989352986615007
0.9872901468884469
1.01754662334126
1.0014249858151414
0.9831091460870622
1.0110304191537551
1.0049782047356057
0.9870958535016157
1.01101958386131
0.9986823102297918
0.9890292149926005