5.298850891791634
4.143700227979991
4.187944731072251
4.524774080460111
4.494236805208074
4.132120441299081
4.196436383258154
4.558422194158637
4.411801236128966
4.166865907811064
4.319761093026102
4.290686293221014
4.238617871486338
4.471176442965104
4.30429356090795
4.184137210502428
4.3133844816861755
4.117197466497907
4.2531216671499115
4.304831841059103
4.182319500960161
4.367296157096206
4.14188893743391
4.251124254773956
4.138256671819417
4.102686526852866
4.1496776579108365
4.005892169997753
4.153714137496213
3.9564068174149605
4.142412330247235
3.924653303594436
4.117892209827762
3.891406837371223
4.082418278197595
3.853607942040841
4.031486743651179
3.8220638990978153
3.9524925898824845
3.8165649422493204
3.8353178845377087
3.8478054802214396
3.7027382566545755
3.8797975843753427
3.6370040254427436
3.8194680567020427
3.7108456054060004
3.635767194192847
3.7961543963053996
3.520852998571111
3.622418836987499
3.6233300055711624
3.3785986043314673
3.5800386307154364
3.535519043595949
3.3179196811822353
3.5077156024698923
3.4490454768878043
3.1730373252163444
3.3268041536342694
3.4429446873367655
3.1580589566159056
3.0851735274394576
3.3028967181719757
3.2348119220394547
2.9506490352811685
2.9690387339475026
3.185326528232455
3.1299551928612876
2.826805372375366
2.712150173456034
2.918003615037759
3.0985838178218197
2.9292896578563674
2.569295001898592
2.4352410391610855
2.6242096934549575
2.874679163482659
2.9510820906059148
2.755447826449392
2.3709955852823197
2.0886321656557385
2.043131596875666
2.20916474447478
2.5403537983837983
2.847375728614238
3.0229492155801645
3.0573750417680046
2.886210059283002
2.6320132788801485
2.279495951532156
1.9265713398831936
1.58471534873868
1.2791489632789348
1.0310883513567017
0.8203743526021329
0.6697009020802772
0.5460556014309249
0.47093420069828185
0.4141767278645262
0.39581358285671725
0.39237459237828076
0.42203757050165136
0.4676513374018443
0.5428151076038843
0.635870879613497
0.7489775828030489
0.8759212480713356
0.9975668511528741
1.1155294028330485
1.1861182187225494
1.2267719914847868
1.1903551263276386
1.1201864661989023
1.0102120263608898
0.9146767041136447
0.876533771896871
0.8972064885311813
0.9871118053450667
1.0722270224437314
1.097015433658952
1.055537212203779
0.9638833996147517
0.9189645021996559
0.9653851246442563
1.0393435473072137
1.0646979840454347
1.012879269892375
0.944985772318056
0.9623994611591299
1.039365428075232
1.0465989284278163
0.9746121807138132
0.9561175262136765
1.0222438136808232
1.040164361142559
0.9756725169565955
0.9682624335326485
1.0324651906693232
1.019409899898085
0.9631228907173349
1.000890083363513
1.0309580192449643
0.9791539438478082
0.9942258720636538
1.0263113478298875
0.9762445994293415
0.9955456706422195
1.0260040302614355
0.9791072117552829
1.0104273304415274