4.752656976415982
4.734927019291534
4.813625724328057
4.820427324598968
4.69344407177205
4.529408306566975
4.539315730744204
4.765474679028237
4.926952857353272
4.805756321822058
4.636331966430018
4.702544727962312
4.786623467126849
4.620449247038585
4.501630421897516
4.644024602095335
4.642235529745932
4.462037399394313
4.554013328182892
4.6303376896686235
4.44085079836084
4.515257693015433
4.585181576904105
4.3918221584847545
4.520892133377382
4.50263659081468
4.3709956446270715
4.556577640950821
4.386828293443706
4.4659353550208
4.480266404195052
4.342681532842089
4.487593785722544
4.239461164842438
4.393173461867302
4.177671163321213
4.313057589623373
4.188262405242296
4.289409180388765
4.176869978559054
4.210562370429016
4.065142226724231
4.146019855959303
4.008143977992328
4.17036175491484
3.9181237288134647
4.088395591392157
3.8277435799128456
4.031095740700474
3.871135796747177
3.817757799819604
3.9070286525636435
3.6764878097163534
3.8814816427395464
3.67060115573399
3.610481755932956
3.8126947077409756
3.493319235374993
3.544202493034776
3.7011670908605905
3.3637160720273314
3.4156348828168857
3.6056235247661568
3.2844333926592615
3.2135013525079796
3.4650428167326677
3.319475954285058
3.0363559155150623
3.1211272208929826
3.346851081841711
3.1465985002964305
2.813409809811478
2.8967137672817085
3.1433434923665953
3.148747455087422
2.7727098603590323
2.5321401532609746
2.6189185630445335
2.937205804185554
3.0464913489279297
2.8555237754082814
2.4342985536402217
2.1410979720041223
2.086246963458144
2.3388592332773133
2.6799151992310404
3.0056247410108874
3.1414242704797233
3.075094122737942
2.853243097579409
2.4875292568540575
2.106723422890785
1.7193642806346814
1.3647349046915724
1.0850738477600719
0.8477852628758954
0.667697755596067
0.5456908901912141
0.45379377471779
0.39778584390937993
0.3802092002956523
0.38447912839332116
0.4120405542361296
0.4740644476141914
0.5614975019596337
0.6643868995932517
0.7909714601645643
0.9340739106019791
1.0625912751009192
1.1600398158997047
1.220209301908311
1.2199953458671604
1.1471607154282357
1.0317155532239126
0.9255807256579331
0.8739598717985001
0.899645063333221
0.9855138508288432
1.073644249478695
1.098270890175316
1.0384703473562324
0.9504360582324055
0.9256460261410964
0.9899805065229458
1.0613484310265242
1.0447933274634273
0.9653341169657831
0.9449214609477943
1.0167151786573292
1.0579564191404949
0.9972737705086292
0.9544298266175955
1.0125834251841646
1.042118415623279
0.9768911682454972
0.9691495849076285
1.0320525247536934
1.0036083067021728
0.9620080387655879
1.0186930256755917
1.0103491895454477
0.965339031621831
1.0182566573171583
1.0026251617983803
0.9728915750747974
1.0250867775426986
0.9854199403951435
0.9954361017288121
1.0198970117994854
0.9780088280815823
1.0246386370982172