1.641316009412218
2.819742550448245
3.2929014997167507
2.45398998161767
3.1131574121045626
2.9272344522794524
2.615922509106838
3.1454249349670502
2.7573539604770794
2.7879322525849894
3.011929659152525
2.788148095261561
2.828419983733737
2.8791789541775263
2.930305414879455
2.693688039146315
2.914662817429434
2.931831255985802
2.6582921750896213
2.9054227200332474
2.866811422192963
2.794766923583993
2.6920899192083727
2.9462506496624155
2.8006741122931254
2.676090456835232
2.800014015166482
2.87870358403727
2.7453793208276025
2.623498803794718
2.83534058168916
2.818513713350615
2.703627282747296
2.583899979533105
2.802210305212456
2.790950394907024
2.6855433058797624
2.533195911311143
2.7072964010167513
2.7736396566093333
2.7068120139101364
2.5126355803090936
2.5472066807924176
2.6960831393383597
2.7332747677849927
2.6077369529607943
2.425019485703943
2.502580008534824
2.605192330710872
2.723339928514378
2.5509349515082906
2.4143315709343227
2.3426971384002164
2.463825079063432
2.6231583627716732
2.598932792470207
2.5007507374965874
2.2793946009204937
2.237816164913908
2.3136819851197434
2.454925450480625
2.587484655885598
2.5037511135383204
2.3673043350299343
2.177243974616353
2.0518491554474068
2.112130515057691
2.216097337893135
2.388594979579557
2.5099990153334244
2.4699778954883955
2.374131146394055
2.1832030135840608
1.9597082223417657
1.8393019786398495
1.7756875488069173
1.8075150285315604
1.963061554774521
2.129198994616952
2.3058099750314396
2.495424760488799
2.5964378903291614
2.6229116360550906
2.622928525269869
2.539640735122683
2.3812978713010455
2.221587465706121
2.0443050400090397
1.8269771918772382
1.623010987000504
1.4507258091686412
1.275169184793974
1.1048290534482974
0.9718715548118494
0.8633490002117872
0.7567686510130295
0.6658449748339481
0.6048286635647621
0.5589765134676229
0.5153959738080613
0.4846165217498606
0.47651956178050003
0.48185109640235746
0.48991038488366284
0.5068833185990499
0.5438876158351391
0.597157340847016
0.6539016300667309
0.7131312608003407
0.7855842490669086
0.8721909799462595
0.9573019627834511
1.0284047044190472
1.0893541507608728
1.1455085272209737
1.1865666659661511
1.1958332889745074
1.170905334586441
1.1247973073948587
1.0698431281360916
1.0103841824029791
0.9511303407957867
0.9044286221242187
0.8856971936485433
0.9033893612077717
0.9525111021438754
1.0147875674504792
1.065817310252405
1.086456902534265
1.071283736527674
1.0293253778067566
0.9794608037140731
0.9439834826105716
0.9398686480445568
0.9689874715492421
1.0143985938691444
1.0485170017739964
1.0497664660755268
1.0174026113325647
0.9742875978903319
0.9529030960068353
0.9708172882076367
1.0139344508125105
1.045247280608477
1.0363306634687146
0.9947970156683671
0.959685684321654
0.9647752650146942
1.003489163386409
1.0336093216652023
1.0224833205195087