2.1691062207137723
3.2933375981718322
3.153504412529533
2.983076830154152
3.301148363042719
2.967008109400871
3.219709039249693
3.0938539287096742
3.0773332499375483
3.1565659003866124
3.095422955759713
3.028393344156802
3.260410058261366
2.887652019034712
3.2762118547526584
2.986318196016052
3.0772673432734905
3.1235903224114456
3.0540211371769668
2.9769325899761134
3.2189971909267654
2.9027217144363187
3.0818949847589785
3.1037721800470863
2.943641669300768
3.006944806084963
3.1041730918854356
2.9422651133993742
2.9147590803051675
3.1424439095335717
2.890441272291832
2.9044360613717535
3.0257724468291185
2.9857862161118986
2.8296358547556215
2.892937611645111
3.063355559909835
2.8237332351466473
2.782718131835088
2.94973217969206
2.931082916582017
2.796055358262587
2.7096018404917435
2.8914903796348748
2.939525276467625
2.6942509956517804
2.658859106564373
2.8044967876129414
2.8592929937856613
2.7614466988085504
2.571388763197783
2.592110891622571
2.8038288879534607
2.8067932797107398
2.6087439422434433
2.484461549937208
2.5083470927402525
2.6526549803555097
2.764878434658546
2.6442251223606883
2.4032923956358108
2.3219112216744158
2.4287814429594605
2.5753145967909084
2.6586432232634833
2.600759449288885
2.3888671801667423
2.1756165076882477
2.135088661321642
2.2624788776047717
2.4325614982719617
2.5545797249418927
2.581531402122587
2.473645893171623
2.2464659037379966
2.0022108662127285
1.853308899696297
1.8370020274892254
1.9257715298036184
2.085807262677577
2.292175914885738
2.5047214039146275
2.6656597401761557
2.7318250709450367
2.6995947806769114
2.594342965360591
2.442211204108376
2.255686609546595
2.040452282904457
1.807472449587081
1.575107308645451
1.3613333018935567
1.1757580950156168
1.018381404610803
0.8842391501745263
0.7688483434940984
0.6707005443032945
0.5905707466847762
0.5295706396860804
0.4877719538716505
0.4639968450946141
0.4563793376569944
0.463061481657809
0.48264908147805896
0.5143660881246992
0.5579773206632609
0.6135239569970486
0.68087197063556
0.7591008009639587
0.8458499217751724
0.9368262819575259
1.0256933445706713
1.1044970742300344
1.1646653934657387
1.1984892287286404
1.2008804476768578
1.171100211598687
1.1140455896671704
1.040585713649759
0.9664232969428163
0.9091472277837115
0.8836498011999935
0.8968968744536194
0.9439146650075432
1.0072887680853717
1.0618566923511488
1.0842899251430262
1.064331471783543
1.0120098819204792
0.9552353831568172
0.926214101585908
0.9422131571805661
0.9923643033796465
1.041800844128285
1.0545208664143222
1.021235382526374
0.9697821962339661
0.9448071145599106
0.968857556828564
1.018930744021261
1.04556361420368
1.0224007958595012
0.9767715753625711
0.9623717709938776
0.9970332392888401
1.0379764658478294
1.0328648080309377
0.9891610707454734
0.9671153017890597
0.995887142432676
1.0287953227539888