3.3896783118262674
3.8849984764264214
3.586937025934617
3.736784120956098
3.657565833054732
3.7048755974545946
3.5941986419576626
3.819624632892434
3.477360505614641
3.8494913640315715
3.5403917131521205
3.6789205453354823
3.6829993382202755
3.617592081259333
3.5968258600314638
3.7359122618217784
3.515039234752147
3.669128620304338
3.591745374684199
3.6461506410571882
3.46415232944993
3.7435210221128674
3.456797486238445
3.6087537990474683
3.503374156645857
3.6076495310636267
3.505556846186837
3.4280216035409925
3.6384795914808574
3.4017732140142702
3.5226610664515334
3.4164019840017286
3.43008406794993
3.562449421893763
3.2919403903907063
3.4205162569561853
3.4327688188204335
3.2951239958112444
3.4659302492742654
3.301693113337304
3.201104156818492
3.4162746269345283
3.280002566456769
3.193054979880875
3.356700030774916
3.1967872747779147
3.0627476612666324
3.269658116554936
3.2445115517180376
3.0327884590961314
3.1334238712775075
3.235172171115551
3.010506967182845
2.897908997241278
3.088259259319583
3.1246216522349415
2.8954687816054987
2.8336143607240523
3.03056756995319
3.082635619207952
2.850868740257619
2.6829011768485542
2.8044148306694576
2.9757139976557694
2.8928442887834622
2.6283503335734255
2.4977251820808473
2.630002475768929
2.8302228065331905
2.8377886192449364
2.614471413401658
2.35615897985219
2.2781112502735956
2.4227727822308993
2.649313996517866
2.76754167380098
2.6786659784292826
2.4238056401249755
2.1356018472280573
1.9505566999669328
1.9422420191589667
2.1021990520169394
2.3612473805376895
2.628037035350629
2.82367468007493
2.901534806006251
2.8511685114160397
2.6907708638465957
2.4542507695766944
2.1782759329904997
1.8930403968014653
1.6184592878937736
1.365321411043013
1.139142932586418
0.9437687091845655
0.7825797401011734
0.657153959931305
0.5652655446407779
0.5007898036431042
0.45664304201400235
0.4290588164495321
0.4195432777322524
0.4321165982837316
0.46785207558791125
0.5223779180968416
0.5898979873326147
0.6695808926807518
0.7652669819415454
0.8761231841043059
0.9891647512724405
1.085746045853103
1.155633291219635
1.1981357270869069
1.2078502822283053
1.1717846031968964
1.09140629315482
0.9966774199071153
0.9229792246151256
0.8855671207370381
0.8912646962173223
0.9479067476398888
1.0334211004053124
1.0903589278453392
1.0851190323521156
1.0347761381909424
0.9686570663133353
0.9243728896516161
0.9479032988447085
1.0209741178448501
1.0628678847191955
1.0418435953690797
0.9868235670759838
0.9445420817431712
0.9713381465183003
1.038120206184623
1.0444514489244496
0.993700063813601
0.9593794048832379
0.9822821143330943
1.0381651999403885
1.0262393926994307
0.9688026110497155
0.9769651183803234
1.0214485329917724
1.0269118261633599
0.9775008390322785
0.9769405824187527
1.0298276884940145
1.0092015614040624
0.9747922270391959
0.9975492996626601