1.409156930133519
1.409134972026
1.4090690891646294
1.4089592559462698
1.4088054297433548
1.408607550970388
1.4083655431770448
1.408079313167866
1.4077487511485642
1.407373730898929
1.4069541099723304
1.4064897299218357
1.4059804165529115
1.4054259802027387
1.4048262160461
1.4041809044278608
1.4034898112220142
1.4027526882172725
1.4019692735292038
1.4011392920388486
1.400262455857831
1.399338464819881
1.3983670069987515
1.3973477592524495
1.3962803877937275
1.3951645487867521
1.3939998889698617
1.3927860463043078
1.3915226506488547
1.3902093244601261
1.3888456835185194
1.3874313376795422
1.3859658916503776
1.3844489457914617
1.3828800969428576
1.3812589392751684
1.3795850651647035
1.3778580660926125
1.3760775335676385
1.3742430600721476
1.3723542400310305
1.3704106708030726
1.3684119536943231
1.366357694992984
1.3642475070252953
1.3620810092318472
1.3598578292637322
1.3575776040978862
1.3552399811709357
1.3528446195308437
1.3503911910055568
1.3478793813878698
1.345308891635624
1.3426794390863366
1.3399907586853073
1.3372426042261887
1.3344347496029534
1.3315669900721592
1.3286391435243312
1.3256510517632465
1.3226025817918428
1.319493627103421
1.3163241089767415
1.3130939777735873
1.3098032271946922
1.3064518434433723
1.3030398851778198
1.2995674320628365
1.2960345993161497
1.2924415389870596
1.2887884412257808
1.2850755355415766
1.2813030920476935
1.2774714226911048
1.2735808824649415
1.269631870601505
1.2656248317436574
1.261560257092349
1.257438685527992
1.2532607047033393
1.2490269521054782
1.244738116084508
1.2403949368464207
1.235998207407687
1.2315487745089633
1.2270475394853715
1.2224954590906987
1.2178935462729044
1.2132428708982412
1.20854456042131
1.2037998004983563
1.199009835541069
1.1941759692081806
1.1892995648321363
1.1843820457781018
1.1794248957326179
1.1744296589191774
1.169397940238064
1.1643314053277962
1.1592317805455379
1.1541008528639194
1.148940469681703
1.1437525385458283
1.1385390267823925
1.1333019610342145
1.1280434267026898
1.1227655672917327
1.1174705836516834
1.1121607331211703
1.106838328564994
1.1015057373062551
1.0961653799510238
1.0908197291040216
1.0854713079738891
1.0801226888667927
1.0747764915672495
1.0694353816052422
1.0641020684088507
1.0587793033418191
1.0534698776256624
1.0481766201461264
1.0429023951440095
1.0376500997905795
1.0324226616480559
1.0272230360158294
1.0220542031633726
1.016919165451004
1.0118209443399648
1.0067625731595014
1.001747110399305
0.9967776117332485
0.9918571429782573
0.9869887725112472
0.982175567660466
0.9774205910039553
0.9727268965788557
0.9680975260055739
0.9635355045311615
0.9590438369965371
0.9546255037325309
0.9502834563900164
0.9460206137097302
0.9418398504342483
0.937744021029563
0.9337359120263363
0.929818267228062
0.9259937756900305
0.9222650614335645
0.918634705428882
0.9151051981312377
0.9116789720169257