5.142104315973683
2.921936200335633
3.751293876999084
3.105343412226809
3.632816064264821
3.1880119592564164
3.542572452979631
3.2733185761190713
3.43452177512719
3.379306638052149
3.3075269890188217
3.4876353790613885
3.1996913259398014
3.5411083479576733
3.1799615062593514
3.4734118117664385
3.2896499746419408
3.293777227786537
3.448813150411838
3.1543260285074886
3.462475976354781
3.229154564588662
3.260870791369734
3.4168452632559148
3.118275982109767
3.3676450140486756
3.2799004286486824
3.117028822906639
3.3868395817439376
3.169308388568453
3.1315592860689434
3.3565945044650225
3.1037780654392737
3.113612912728791
3.316968565863192
3.072935578036138
3.0539290433123285
3.273015742160713
3.078986401495091
2.9652659714333742
3.1944183299112776
3.1262944850881627
2.898233393369896
3.0386155322201054
3.1635528782261244
2.9396021405055786
2.8464720707399693
3.0513668016869877
3.0672953277359154
2.8254933061797294
2.785847845662739
2.986692759759543
3.003359212808435
2.7716959692871903
2.6741129687889775
2.842297660434968
2.959106378323845
2.8052969821483598
2.588370335610433
2.5973190877356704
2.785958342296386
2.867540129957929
2.7093578772822697
2.480896391742573
2.423417472756976
2.573167701501783
2.7457154233672036
2.745676248311708
2.55255305465495
2.3176269532692477
2.2158513988416293
2.305857609243783
2.5030469312010863
2.6576446861564196
2.65909414735877
2.4946275250762473
2.2402279617480505
2.0078555887131766
1.8883366726852548
1.9180430424797288
2.0764369835211216
2.305445338077388
2.5360210945180413
2.7100861045588367
2.7923508923982236
2.772151716175672
2.658567539497092
2.472724566928113
2.240318779664215
1.9860101831593753
1.730141205217673
1.4874772025237726
1.267350952544089
1.0745789764716116
0.9106569747669538
0.7749196710751135
0.6655061150927358
0.5800804301701232
0.51632086125365
0.472217347253386
0.44622229366137184
0.43729124517222767
0.44483710938258736
0.46860818095735113
0.5084896150383649
0.5642228611467026
0.6350408090985677
0.7192313316606697
0.813671492180391
0.913419525476409
1.011506680049269
1.099121020903966
1.1663918072227812
1.203925075461988
1.2050655382713902
1.1685464310805649
1.1007781540030857
1.0166598552176553
0.9377278472713894
0.8869801167285876
0.8810092335309606
0.9219208524017538
0.9930966098800091
1.0628573317816918
1.097316642030873
1.0783170069844161
1.016789167837975
0.9506811898511636
0.9236000692981249
0.9542503832549211
1.0186646680221147
1.0642873857591457
1.0520952259279799
0.9939921505605654
0.946688964032141
0.9580724337205786
1.014682816226765
1.0515738321440198
1.0253975522909462
0.9701427096418194
0.95833330344508
1.004762818101244
1.0419032984659564
1.015158520138485
0.9675818112018156
0.9757200723788305
1.0241105652827387
1.028232927117068
0.9824053251460206
0.9726935050377253
1.0159935017247173