11.629742871519758
10.055932860322354
9.834684423711533
9.721918816813158
9.807483219312953
10.03205520723265
10.11133926479108
9.925467989956129
9.820437151385994
9.975371071163243
9.933514179635923
9.719425960508834
9.86570270872694
9.875738353424962
9.755133402004297
9.960814954426638
9.726473977266235
9.736767682573042
9.6134642537278
9.63831288869205
9.65607087805449
9.548608601765444
9.435584655447284
9.526887650492815
9.343671639175495
9.399713405094007
9.235745761720409
9.250726329689892
9.210305767789157
9.048583014542507
9.027983017601596
9.095395321649843
8.818580335198936
8.792832460210619
8.806040256942566
8.808787524767656
8.565157831693261
8.46954102747228
8.375545823412462
8.407313637347142
8.40413547469706
8.29391116519955
8.226922649601752
8.10167316804278
7.943647267042882
7.854441959858939
7.7760617007608985
7.66295937160749
7.5653123109277205
7.514291259304228
7.481034545537054
7.424655704416139
7.319226839847378
7.151619170505127
6.936419531440834
6.745567887482196
6.679509641555224
6.7308894204424226
6.698379800290564
6.43677688098507
6.207981740876255
6.284891877955914
6.253624673012629
5.884053025341405
5.877819547698165
5.933163887178033
5.520789040213327
5.66646900207984
5.481552168320029
5.248019588566729
5.368783102137885
4.914481945220924
5.1955866336394765
4.674982570008984
4.954138255348925
4.451619801067367
4.638968374814985
4.411897771931658
4.096989784898837
4.470580045837962
3.7940176516564312
3.8813544954045267
4.160974265713585
3.441937063735153
3.297973105935937
3.84199240477474
3.680129209425707
2.8422133595640187
2.542633677856363
3.059721296263469
3.722135791677773
3.89769515010344
3.452924322888733
2.696764843837531
1.9156047405451606
1.2652970359092277
0.8097543851125257
0.5254964958871922
0.36209250184013797
0.28557240580136395
0.2777145109004276
0.3300187159920952
0.4397075909458847
0.6035333090562387
0.8103307606561233
1.0303279446632383
1.2053952899924114
1.2608919435626944
1.1584487871532194
0.9656062039834937
0.8524988514303973
0.9372472019818867
1.0995628964037367
1.0893374681391574
0.9351395317583813
0.9461197107308535
1.0817597136332209
1.0089074711446178
0.9378365975016253
1.0590661981062341
0.9883836087659206
0.9684325691167982
1.0481584171027818
0.9506311759223421
1.0459795688422133
0.9675013042898398
1.0261758688625902
0.9733789592840411
1.0296647711630644
0.9703844663906632
1.0313139702716818
0.9695464377387608
1.0233981479687677
0.994917673137119
0.9838361084734827
1.0264893120481464
0.9878434477093194
0.9855837945098888
1.0209515271551808
1.006497060100827
0.9762538005678876
0.9976744765118195
1.0178745875617268
1.0133547911529082
0.9908522632428507
0.9805872542014112
0.9905743109313224
1.0003327855258095
1.0129906438989373
1.01725995813194
1.0133733807205652