5.084947618094968
6.257182776480424
6.787144439303545
6.749493839628519
6.562937348362781
6.602077458050964
6.486575641687598
6.4006810399073295
6.67487738157433
6.700389072516375
6.56400782599566
6.641813703270936
6.444135475630685
6.40997254609867
6.419024131400332
6.302895266897444
6.413688224575255
6.288757600675841
6.388263182551777
6.275284986236257
6.339662014189909
6.225999614509526
6.272410556122695
6.147704281847842
6.199409629547574
6.087665553563817
6.154223704467889
6.121180379365782
6.158159791824966
6.209911082205048
6.115847362317936
6.084691092925913
5.935368500723238
5.819280862274586
5.895566725251722
5.942903140300712
5.8884414852664
5.775242460080407
5.6596399830049275
5.680555011666038
5.740981706192751
5.60996747949427
5.474324007121238
5.556506876296751
5.504956044506633
5.301157981240895
5.408939858452199
5.4046976990910585
5.137331311081582
5.254717724952217
5.140963378953186
4.989565345324708
5.159254510120896
4.868189104758034
5.027626612767579
4.82567817682822
4.835263617687921
4.7656674241577015
4.663369918117028
4.66318117169148
4.534284128092256
4.515527318938332
4.456395002405172
4.314505386369629
4.425951082641478
4.084910236526722
4.35517506904329
3.964012248726256
4.0607441586868855
4.062685171116088
3.6746416158493425
3.9699080984185042
3.8036814896608093
3.466669286656027
3.778413445913787
3.673822389141877
3.197812705089166
3.354449882469506
3.6447970728997374
3.2789127340920503
2.8277249425815314
2.9947504111822076
3.3965670109845734
3.3120919042373442
2.7695958947542985
2.330456122804116
2.3553479231013967
2.7791994377331712
3.2718488918933017
3.4779330668057864
3.344580046119821
2.9381917525606625
2.3823402577155695
1.845187633817375
1.356396488583877
0.9898547830883974
0.7084346492971177
0.5265126589454372
0.4040510904673187
0.3457211885774035
0.3243253457756759
0.35229004822647414
0.40959918195177003
0.5158023839786521
0.6479126432354058
0.8182486612955254
0.9900220782895882
1.1434014603763067
1.2365938403880146
1.225971642083436
1.1314886571806884
0.9754033729085214
0.8698941034179593
0.8862148894735871
0.998601882679475
1.1050096235561317
1.0816433029998074
0.9561713431797254
0.9149990955111721
1.0167841617858198
1.0782797233282286
0.9887599933319318
0.9355209672106859
1.0296688939983716
1.047859768301982
0.9514964240521184
0.9918973860085681
1.0456703695520162
0.9643153256985699
1.0056602967676933
1.0314428350167972
0.9591287941656701
1.028233786799326
0.9861696671235491
0.991208445499692
1.0199023612736096
0.9733826270972226
1.0313471352853916
0.9725595074420731
1.030799648650611
0.9753734539280594
1.0287608974756774
0.9770336457582279
1.026378141778168
0.980475147608038
1.0176283763158247
0.992278429154442
0.9969547539286702
1.011436698335723
0.9782898219642597
1.0149994284665331