11.378992241093988
12.81265941863742
13.080270001719997
12.956086544654635
13.023356122583174
12.638898174587414
12.895965044779082
12.909455627596074
13.000008710217058
12.872549763138013
12.865326565668475
12.658584511945604
12.736196419968698
12.544393259474816
12.571466026788256
12.577947646043146
12.449963158270466
12.498508757522883
12.552441594554821
12.450603825210258
12.302477838578483
12.179109033056886
12.09733316754574
12.10472726341656
12.122824203567108
11.955621285999037
11.72518862878351
11.751036629772264
11.726202655810303
11.46596380868319
11.518146186797109
11.393952925266285
11.224455917108848
11.281532099116916
11.018570721909018
11.129724482825464
10.842841773734918
10.899393600374045
10.613474543395114
10.554917176769928
10.528705659401762
10.260381224830944
10.279614862248943
10.12545162837153
9.890484129249213
9.848861054093085
9.829467704248827
9.611572023303676
9.330514850112909
9.272133106197453
9.206501502768354
9.185942470687323
9.019402000202506
8.885153463434484
8.667104073818455
8.517660412282627
8.354003117709658
8.19596699574632
8.104143166851946
7.986966040805636
7.874027654649296
7.772051498849675
7.585687698751149
7.288553164031202
7.001926754216133
6.903080629461479
6.972178435347216
6.860315761925768
6.446202385777216
6.298743406446697
6.43508122376511
6.0274058166908215
5.819082909184799
5.986134357187024
5.407495275432086
5.640884170448475
5.190179862503328
5.25638085445871
4.887816218378562
4.987944976698745
4.432332075873663
4.84976657052133
4.050133913584477
4.370973687932046
4.267277423067306
3.461205086252403
3.9261717381540797
4.11141272759583
3.1785465570487808
2.688578974261966
3.3101751980671095
4.0659246160972815
4.053673960753985
3.34265588810343
2.3638444994207726
1.5089828343481368
0.90652391436541
0.5333150370516444
0.3399716960884121
0.2577118511606961
0.25665510916435336
0.3287483108075417
0.46694081835668844
0.6676308135453943
0.9187692700957186
1.1558945855633944
1.2710100567903193
1.1924711349571664
0.9788774370472976
0.8458280446157408
0.957053603097987
1.1229176488101684
1.037110045395036
0.9002970527295776
1.030382687358149
1.0535970908551986
0.9231123834854752
1.049602808914592
0.986453272139714
0.9851300411973434
1.0308500271533163
0.9679016470285119
1.0359028436217326
0.9753182723187878
1.0137644686979785
1.0012424633203043
0.977607330411948
1.0378098729377716
0.97248759038888
0.9961398828690975
1.0306484735572197
0.9832228204825726
0.9781640004342675
1.0206234926173097
1.0200396211461815
0.9933727237243143
0.9770677444141866
0.9843109252034619
1.002487786721313
1.0143602412627473
1.019164761021044
1.0202952212090481
1.0156007285367892
1.0177562287092177
1.0150066174450483
1.0151985072037757
1.0179804874059672
1.0131689798426893
1.0040211719818832
0.9949101144749743
0.9881135102083437