16.1453608539746
17.87512573593433
17.947888184285617
18.00712989447576
18.07785166071737
18.10346833706654
18.020259128667078
17.918724274956897
17.995995234000908
18.078608072292873
17.80353048578848
17.716850724458133
17.955456467790334
17.56955202961154
17.67220654250526
17.587913469192472
17.421502646440516
17.444000136368206
17.290070108497968
17.172201292557638
17.195546098377676
16.929352945266476
16.90599859526821
16.8432890485408
16.66878133459048
16.48576183022167
16.378136520026324
16.336661042239207
16.2629246655601
16.1077908663622
15.903612621990094
15.69746472867453
15.510943539877783
15.345913968782224
15.201103636274132
15.078899055242928
14.977618638518651
14.871559571648266
14.701960850782877
14.431917642693552
14.156154590853896
14.038262837588965
13.96302517248343
13.661725492919578
13.445984173042294
13.405554172209923
13.021347759698978
12.969223156089114
12.693521494292384
12.51031242207175
12.303309861203026
12.130182048036124
11.806174448427923
11.814815754213463
11.33431818620236
11.277774448888913
11.154440343833098
10.726490690383274
10.503230765035129
10.448092435990782
10.292724260972205
10.004941299719802
9.681716655405715
9.386629343963065
9.12745339517802
8.88833370457306
8.654410558074275
8.422610850629573
8.207037762581576
8.038817872768595
7.942829179350274
7.872945196673546
7.665915808985943
7.209484244250596
6.7985920852478845
6.844142171913662
6.798139438259125
6.153821984711877
6.154868056305716
6.083094768845714
5.433398853329654
5.795901010534737
4.928987895545279
5.420410633646013
4.466595491725629
4.936881687717973
4.376537183285581
3.8600987845890455
4.6166883767513465
3.7816102696837017
2.886682839651425
3.595623276590441
4.4695740702996325
4.217373045123037
3.1195112192617716
1.9361849061615948
1.072524639374512
0.566015443202435
0.31592337577518076
0.22460631827666971
0.23640761049611186
0.33252776484616275
0.5136542344627852
0.7739615654415755
1.0637062459368445
1.2619401438415856
1.2290799133924648
0.9879661038533389
0.8382975183670134
1.0013345661538626
1.1303249480619961
0.9425308971437043
0.9593921027157822
1.0893816369569007
0.9227014711363222
1.0560238847708265
0.9653784861864996
1.0296979436663902
0.968814785941637
1.0417832817275063
0.9531633336481347
1.0389621752657252
0.9935144025225884
0.9703416107276096
1.0299985544124204
1.0158689119832678
0.9723964144009166
0.9781184851882013
1.0108097439306503
1.0286291757712385
1.0246894531170812
1.0117835092420304
1.0005577712191296
0.9945503870766296
0.993600896909306
0.9970211644779947
1.0042586433412828
1.013389737319498
1.0188798648370474
1.0128259584665114
0.995106470635447
0.984533608126143
0.9996331300118508
1.0141948053566985
0.9946215100607186
0.9914072589720746
1.0137653515166203
0.9899360694588168
1.0037058841506403
1.0016157662437335
0.9957556785209498