19.81272906996889
23.846603679273343
23.101414256476907
23.37887110261861
23.53912508142544
22.970956180771065
23.316335965008584
23.445334714026984
23.06954786100778
22.862324695531353
22.918618570523257
22.9921555969244
22.970518059549626
22.877393379903875
22.756647972726277
22.62979973483092
22.502275130188632
22.376611121963343
22.25423418615795
22.11727645027882
21.922965261684208
21.70040780397856
21.61974409534737
21.598694940327544
21.260241606729174
21.095273684546125
21.099452076173144
20.647303395196353
20.75310663239628
20.267930998917343
20.361736445410386
19.890006571833407
19.85726686910897
19.649759587248624
19.25173526031364
19.18264175262899
19.017226447999228
18.662846330405845
18.36189075557471
18.165179313851436
17.989134255345252
17.78318976591353
17.54819165003079
17.299601651943956
17.04489845839545
16.775075151304247
16.46439915575704
16.097787246619024
15.740853681157907
15.539330978590849
15.444068843003924
15.084258670007438
14.60734540402487
14.563251505967983
14.195206632441558
13.811971554854049
13.722164768449522
13.192611965619339
13.13296297256037
12.6564614453358
12.432855818440569
12.239576528537718
11.7059045265602
11.570426529216181
11.394502420481832
10.927615368427995
10.50251383982447
10.258705276518507
10.086363057093564
9.886360333182646
9.641007123912447
9.365972194987904
9.067375592434773
8.72661854320745
8.313534311293234
7.84998318775164
7.498827863895241
7.452238194457884
7.448890929482681
6.8811234981865095
6.3377029617461575
6.611174663851273
5.978884085111068
5.7045307791050455
5.732462257430925
5.025964308963087
5.19948090231799
4.7430713296922855
4.166323780200422
4.913922104658671
3.6700848116700446
3.147853737384434
4.296212003981746
4.747855472599965
3.781550230894016
2.3511509968894706
1.2382269639505692
0.5980063187572521
0.30012299885737237
0.20147907952399546
0.22310193907066522
0.3411184131196061
0.5577907481564494
0.8598216274582432
1.1618185393238987
1.2873997029104638
1.1151551912130522
0.8589192672425654
0.9282733895603761
1.134550646315002
0.9685291605661015
0.9511901066092032
1.0856184955795316
0.918323207694183
1.077194544015023
0.9316849900220251
1.0625736541900979
0.9591389219132164
1.0036931470395845
1.0398177391533874
0.9602398399692385
0.9864917170465621
1.036952484956328
1.0220960417399518
0.9856061235851898
0.9698353373280334
0.9733707019257405
0.9820438505251708
0.987696501382556
0.9882697060029061
0.9844241741617309
0.9790209348843362
0.9786935400358896
0.9917116741723182
1.014238983259748
1.018162329587483
0.9899909002680699
0.9858146985408853
1.018051789690251
0.9940015078650817
0.9943715654057332
1.0118773372786578
0.9865584818755847
1.012873175597191
0.9898962448811757
1.0047694907131937
1.0035619975067587
0.9892932666090282
1.009057036521778
1.003479072810346
0.9902486709621471