17.763136302678145
16.578317179178114
16.39517573896134
16.583520706205153
16.93298645499445
16.74058997713785
16.60100897594146
16.813714108397935
16.514374297387374
16.656062045913533
16.468995585076907
16.468798866647443
16.250374589378094
16.29211203568839
16.065764296559088
16.2952997456906
16.10497713984276
15.890607721503175
15.991230124389585
15.920789492360223
15.623707271458716
15.610143201448414
15.678343664857755
15.515183998886698
15.4433557867183
15.173932795910362
15.105089278804318
14.89114319939612
14.823550577195526
14.682149138587379
14.527040623665142
14.483174619309553
14.364728113737302
14.264123893240896
14.212337284881656
14.048858517282605
13.753876609849709
13.545626381214927
13.531253212200603
13.40075739831108
13.078753495714457
13.046718006939935
12.926548938935227
12.589352759577151
12.629260224705199
12.233102902265074
12.248573973695688
11.861556248545652
11.908187387910807
11.516617521958494
11.54163016684929
11.26175464941879
10.939677766085643
10.98246540519713
10.740724702893772
10.346613990851003
10.25083470684367
10.211797108875647
10.012186338274255
9.741309210719109
9.40868853059112
9.179437531415537
8.935522983795991
8.749817418366828
8.538704818678989
8.315051027155247
8.133317584401327
7.95025195135515
7.836802119773596
7.79560521759965
7.664066895091409
7.292851247577903
6.849724176875396
6.767148119517791
6.861588110382296
6.3922712741832095
6.063205129942672
6.295434188904588
5.6348934871129694
5.731979556801778
5.411026109090244
5.206775668831179
5.015573238382597
4.922499892949225
4.368246814017541
4.877261444954879
3.8472730487874314
4.060675266875499
4.441057563738745
3.3375479129214125
2.8816088187138593
3.763267986513451
4.429322072068035
4.003182897003757
2.9232684155510347
1.8168691775256391
1.026564923733933
0.5569097452642303
0.31923507656764794
0.23314199543489464
0.24058256376192408
0.3291327493607352
0.5021680550343269
0.7468754185953612
1.0266494946666418
1.2448345326745982
1.2576226196859703
1.0447770306123758
0.8456167753153713
0.9338128523568657
1.1263401920507556
1.0182137296113014
0.9078632146575089
1.0803668474949883
0.9878841205419403
0.974130568106802
1.0541634266129505
0.9473576826253206
1.055149033796508
0.9538960993520281
1.0324389771094842
0.9864283395441464
0.9853448402965141
1.0408506422566746
0.9675149396247322
0.9913614856327949
1.0367711008531666
0.9974771206117804
0.9678791284863681
0.9921160566688406
1.0173951699173243
1.0285477254335822
1.0156297126957603
1.005901788925068
0.9931992281876983
0.9925197586173515
0.9891501176827284
0.9933174414620949
1.0012384372822776
1.007205173627235
1.016094195200955
1.0178647634171765
1.0029632194776206
0.9844748395977897
0.9882901785798024
1.01113216685736
1.0092191867955733
0.9878586514946727
1.0050401013973242
1.009525186825697
0.9888761648076907