21.870352317806645
21.480323987377748
21.642000925670626
21.220043456741042
21.34100672214182
21.567079467569243
21.49739375908215
21.392189511367803
21.36122651328087
21.093345857393533
21.18403437601692
21.104481675423926
20.95200552985566
20.988891464059055
21.026481722663366
20.88299645364906
20.601413318927687
20.395037423552385
20.40620238953681
20.351192101696334
20.046015659545557
20.012926040152294
19.946842835562677
19.664227207486388
19.757671025820883
19.42698398851242
19.464748659441376
19.05136255035561
19.017330014976363
18.894467962586322
18.555094040545136
18.501302592628498
18.390056918517143
17.98585127135737
17.823296575764633
17.679450323276374
17.59904449035057
17.35792575853792
17.18930303368039
16.90877496801122
16.689651323805734
16.51738656653633
16.279598290623667
16.026221201384242
15.756577868136773
15.431620707093096
15.137597938809234
15.005337260649833
14.866668702761332
14.447742506287018
14.161949083615376
14.116253322508333
13.640634211621382
13.551432577677737
13.195823856209953
12.983707910321307
12.61500440148773
12.520237650886124
12.034982364911626
12.001750339444092
11.639379908214647
11.22253721710439
11.114661946941405
10.977337935792802
10.581698993543887
10.15625601640586
9.836665133289568
9.61226572672069
9.374506333922236
9.156079183145508
8.870995062526287
8.544893736416274
8.221261849660607
7.924354527158385
7.742672300742922
7.706295233407926
7.5581415744838685
7.006344205914765
6.5566597421673105
6.747207115430198
6.344762761894493
5.776749981657317
6.119367741517685
5.1723837895756954
5.668213577397996
4.627588520388767
5.276243013605439
4.173512451802187
4.367000686112547
4.6671496518562945
3.2829944761819965
3.2527839490552273
4.399528892988854
4.595429453147183
3.5590729892823374
2.209098028655952
1.1780872781784857
0.5890803383157633
0.30574458968693397
0.2079728306478108
0.22718291950691047
0.33837452926686684
0.5407645430358005
0.8278820698905468
1.1319211456319822
1.2902736011378437
1.162337536883137
0.8915254756347639
0.880244778991371
1.109810525711291
1.0341220915133897
0.9021013143502852
1.0887870482130217
0.9503454811259013
1.0285664816319802
0.9874927578844837
1.0217215619865632
0.964215830687961
1.0493793734569397
0.9551048483183839
1.0145075691097099
1.0312400422604335
0.9692177682096843
0.9767277067491479
1.0263109602584168
1.0305735745388243
1.0108522803356939
0.9854245849836464
0.9783486135130542
0.9732187282233999
0.9741339748598956
0.9782930593194362
0.9802862580107695
0.9884810978014091
1.0057736547613572
1.020787974258596
1.0153683480953226
0.9903454453486238
0.9846696380553667
1.011594869516011
1.0051789354978014
0.9838150585250574
1.0136215874917114
0.9925430175990233
1.0051253216891454
0.9992822431147155
1.0032992359430253
0.9915293494081249
1.0110976015090298
0.9896773973218362
1.0035928064691184