12.12580420410368
15.993876025204713
15.029208995464618
15.266243501749654
15.367355214374609
15.38911841166691
15.138931449911855
15.178495319978017
15.065823903436385
15.342694248349835
15.103870259361534
15.156136996084284
15.184736095344782
14.930531505742065
14.898222219021415
14.995183825637945
14.920147171263615
14.736715616498463
14.603990814952436
14.535431820503803
14.478309700906017
14.430111758652723
14.41667042268626
14.388430624084183
14.257387531235876
14.10403177194726
14.05335415377301
13.92336531759598
13.693820636421922
13.587538725765457
13.400081768509612
13.376950116420126
13.366396573908103
13.216492170551517
12.944877882777988
12.86284942220644
12.844377972260546
12.614998023602507
12.424559274997868
12.441250961604338
12.125519707289738
12.141067912875693
11.80394400451586
11.854620112500669
11.534803837801718
11.559014508490874
11.160649495753368
11.18542378520228
10.957498908508898
10.695462002449334
10.736394831185523
10.509264733919645
10.180004179406806
10.0901663108096
10.056998763131991
9.86782818242958
9.573920759853397
9.305782167403699
9.111351180493074
8.956975588868593
8.791523816556104
8.6069683291763
8.431294202924315
8.242124196941095
8.001768795440041
7.795682681259354
7.665659300361205
7.581587842556614
7.568736584505351
7.362028273139358
6.9587485928753
6.653656150545147
6.763179507692449
6.611366918960053
6.0789243596292755
6.16047206760712
6.014378073094889
5.504778704854979
5.801689927913859
5.058437190836115
5.466850788393597
4.665161484609863
5.145396468378386
4.282418843307933
4.604088412283005
4.403474559756524
3.6109579548651087
4.271747845091255
4.091501504091576
2.980793106590707
2.9786128994067584
3.9101373261655947
4.336790480634305
3.78119918068938
2.722042986637536
1.7105743339535202
0.9842603535688854
0.547170317586652
0.3250234429360654
0.2413373663558741
0.2460630840607645
0.32774191151888654
0.4899224356137311
0.7198048752690606
0.9913136382202398
1.2203566644831367
1.2673329387179555
1.1028444232537777
0.8766933323547945
0.8838956937315188
1.0852752735734803
1.0867235465820313
0.9038205343381461
1.011472312420537
1.0646209280804462
0.9222920394510347
1.0629391453387798
0.9654161434942017
1.0173378184136572
0.9890667466297987
1.0187498015118932
0.9752715451796002
1.0363892638957346
0.9556280697246969
1.0292683329380898
1.0021596695192754
0.9683791242229538
1.024692390517652
1.020295616318908
0.976461727744954
0.9794457585842254
1.0110143032189103
1.0247621582786512
1.0150097077288371
0.9991222181578745
0.9886178428919465
0.9833031451628436
0.9795662942796655
0.9786814527020871
0.9825709599881949
0.9855702110702577
0.9886249895336113
1.0013471506578662
1.0119843051426323
1.0150916642989931
1.0073941763669645
0.9869046958381426
0.990514500114665
1.007756455232031
1.0100769493582815
0.9868476780646332