27.914926329416613
25.175629527094213
25.42455980101841
25.20471285123095
25.405885681374777
25.54160086884035
25.35009350304302
25.400856132055477
25.299417562796986
25.114945358713914
25.256164287732425
24.94570480734252
24.719331289682046
24.736679186293657
24.732113460797525
24.61308121241422
24.323579745048477
24.09884161856706
24.076052077159147
23.834773859707415
23.736152988556725
23.54590805129324
23.431633803107378
23.284198315043874
23.27840997588466
22.996074701939
22.698533978080754
22.51901246856577
22.4312510052831
22.06927295200758
21.851880748573663
21.79949106955952
21.390430419231322
21.35401036675866
20.917377940073536
20.807425303782015
20.530840234088796
20.1409534488806
20.04368510443644
19.734467783106098
19.29500482918068
19.03546669391666
18.879799954051407
18.638838130326207
18.379202511439065
18.12958383412987
17.786190408206966
17.53359982898028
17.18602483687281
16.872156948855707
16.420051073295546
16.06084342594847
15.804037007272191
15.646085710456381
15.263560946573628
14.793363751190164
14.6975739316486
14.201242991698823
13.932369087256173
13.648762590411359
13.28971252466993
12.950665826263124
12.764336314453383
12.1682188811684
12.081940529181717
11.773179911774344
11.208898634183438
10.914204489634535
10.785984571761453
10.55890444764167
10.237835850621146
9.883320123313903
9.510423854901083
9.219200658423768
8.94157280742058
8.710032070431685
8.389177245673073
7.922789728888045
7.322339106656944
7.07798712878073
7.217204958275515
6.709432765481707
6.044007615163535
6.415321274168945
5.505850556978985
5.730898964485468
4.972415121227489
5.329720391732093
4.122430514273543
4.990030704700418
4.138873255877969
3.1159026789125814
4.149741838972212
4.869406642208124
4.019797957404561
2.5147224288898005
1.3033905505241794
0.6157310403030369
0.29654357310368756
0.19598993020379726
0.2184587055909794
0.3443332958252292
0.5699982371735265
0.8893033123962532
1.1892730897131025
1.2882290684742053
1.0656672125211943
0.8354283580266694
0.989267291881689
1.1300678406172102
0.9100041748338884
1.024235238196877
1.0222924297537346
0.967424934024105
1.0349882208628336
0.9887407010052801
0.9878225247845367
1.0476093803356914
0.9531983997013872
1.0039351424277618
1.0413609396652037
0.9918945803062126
0.9633978827766984
0.9796839074007104
1.0036116604654555
1.0212216610302085
1.0275323586863108
1.024545041617705
1.0249528583585976
1.0140902075933735
1.0032374226142051
0.9824047111584681
0.9795144039330782
1.000681382453038
1.0186906177921546
0.9976749531278241
0.9860670442677795
1.0167371360112931
0.9893650741153268
1.0008734822112542
1.000810120561861
0.999323691435205
0.9974546746894608
1.0094269524644426
0.9864158461766976
1.0083231868146711
1.003985393601853
0.9871846357652576
0.9961901465817327
1.0102325601365696
1.0101416228828288