0.7118523577162497
0.7232807606543932
0.7576259861062875
0.81494710550321
0.8949697898244896
0.9966271311226798
1.1175941524476998
1.2539455543468931
1.4000466750208254
1.5487433973277345
1.6918565851505898
1.8209255764531038
1.9280892707190698
2.0069670333285226
2.05339279417917
2.065882720463429
2.0457622172325607
1.9969378215014044
1.925359789357703
1.8382702080603759
1.7433613431812107
1.6479703637092131
1.5584226632624267
1.4795911116541716
1.4147013427970228
1.3653578453080173
1.3317427812858353
1.3129115952657802
1.3071187763717718
1.3121173527793537
1.3254041996073866
1.344409049335303
1.3666446744807703
1.3898468823262873
1.4121231143338553
1.432119287003266
1.449184794344098
1.4635047720380754
1.476148733707027
1.4889953939872247
1.5045052679259097
1.525347461281907
1.5539209912238
1.5918448633592102
1.6395121908598387
1.6958059997378936
1.758054403933692
1.8222640475671068
1.8836172723964082
1.9371644988165888
1.9785968032860635
2.0049581534847842
2.0151597559037002
2.0101863422921746
1.9929412282778132
1.9677437166382534
1.9395626767790195
1.9131227608094972
1.8920543167171913
1.8782469505639525
1.8715405600991266
1.8698113166383872
1.8694433084645996
1.8660930147431498
1.8555955885720528
1.8348319056786258
1.8023815758260884
1.758829601065718
1.7066645264309785
1.6497899789456438
1.5927506492938743
1.539834442385372
1.4942380640784416
1.4574693577099502
1.4291107074678437
1.4069908545507805
1.3877244970470113
1.3675005747109137
1.3429462319472303
1.3118772718008647
1.273771167283627
1.2298603622287791
1.1828285041858446
1.136181457113829
1.0934388381512423
1.057333141390803
1.0292012155328418
1.008709600636432
0.9939763429756893
0.9820587573030886
0.9696889456750973
0.9540785800459396
0.9335965234333506
0.908152700538956
0.8791930834525856
0.8493071100552332
0.8215466321189698
0.7986303130873285
0.7822386937520859
0.77258441112077
0.7683722800138055
0.7671623325475436
0.7660412340392548
0.7624225061453703
0.7547575621418495
0.7429599533797875
0.7284210383704148
0.7136075243117446
0.7013496746112591
0.6940202354460036
0.6928404201614348
0.69751829493929
0.7063322810501664
0.7166431927452819
0.7256891330384976
0.7314276528238658
0.7331680595020664
0.7317935198567782
0.7294938299549998
0.7290807438870677
0.7330920054622336
0.7429652804728438
0.7585495502185193
0.7781224453450474
0.7989218690898597
0.8180312280085498
0.8333339616814026
0.8442191421027501
0.8517918720115126
0.8585012979464811
0.8672954366693965
0.8805798386299265
0.8993363474120651
0.9227161816950858
0.9482664743003023
0.9727303210655668
0.993152487254825
1.007902032666329
1.0172380828846008
1.0231977189310058
1.0288264744423217
1.037017026240313
1.0493785265131381
1.065563605797245
1.0833225156000965
1.0992860473181396
1.1101984716827091
1.1141372770880773
1.111245215896729
1.103675388755641
1.09475152564992