0.8160966136674621
0.8429657569735822
0.9235891521910945
1.0565217710341295
1.2353202975377053
1.4452790240254532
1.6628787745426332
1.8591712399015665
2.0063729691162893
2.0852756030229838
2.09051285930081
2.031572074255383
1.9292375662362184
1.8090289252501388
1.6942573666553833
1.6011371478863412
1.5371715214532016
1.5024756515132995
1.4926048935373895
1.501270729756171
1.521986681333611
1.5486686954917062
1.5758944774071868
1.5995357244197401
1.6178847652875625
1.6326767197426113
1.6490604987265982
1.6739121542564874
1.7127469685220302
1.7663975776472074
1.829030430416234
1.8886786836158753
1.9304212326150338
1.941132496888266
1.913974906459253
1.8508722024423776
1.7620485932819374
1.662922998735894
1.5696347186330222
1.4948524074698228
1.4451565526455028
1.4205314629517338
1.4156941177418818
1.4225160380122415
1.4327263600169375
1.4402785618075928
1.4429921118783102
1.4431908108089102
1.4471174772958986
1.4630367623812714
1.4983047623064085
1.5561961226722414
1.633682160891291
1.7213112339022472
1.8056866844377752
1.8739346054373553
1.9184916992276688
1.9401018196946638
1.947455405908436
1.9533145072837999
1.9686367611353341
1.9973156870595774
2.0340598049390226
2.066581815140025
2.08122639708205
2.0694432792550903
2.0319845614826098
1.978721002216781
1.9240811081941729
1.8802933582880006
1.8517458740563097
1.8332637657814157
1.813154433387098
1.7794665744786236
1.7262711518803995
1.6567650527700772
1.5816424014118435
1.513631940448204
1.461089491941463
1.4240004539584488
1.3944519853182828
1.3612427633686237
1.3160977473846733
1.2581234135709947
1.1941309674654508
1.1347342018881459
1.0884489770697687
1.0570998070841362
1.0350744555274518
1.012777389374774
0.9822505118993298
0.941708877278436
0.8963900964614868
0.85527740828839
0.8256799782597304
0.8089142943165063
0.7996631750983191
0.7893669107084974
0.7715458024025971
0.7457622173616083
0.7177630382403485
0.6957236572663474
0.6849802250641309
0.6846230963146493
0.6881598855593768
0.6878343230540526
0.6797781382663228
0.666574567542796
0.6554837765330511
0.6534784571609884
0.6624394443976029
0.6778305769432329
0.6918391169865735
0.6988643825367908
0.6995148028127389
0.7002192224558603
0.7086193539494196
0.7279760664562597
0.7546577692389113
0.7806566902181012
0.7994173840995303
0.8107150381537541
0.8208670494532855
0.8379554857652204
0.8655436131039358
0.8996781361671738
0.9316231139644959
0.9543968269984142
0.9681072448626128
0.9798183995434934
0.9978593649527969
1.0249463283159161
1.0556327097320697
1.08031219614327
1.0927263558706517
1.0949189959125014
1.0954607666055682
1.1022278153440352
1.1156434360752392
1.1281117183365903
1.130295432184647
1.1190411339123238
1.1001644485179216
1.083569372534804
1.0748154954958424
1.0704957955514611
1.0615959281644454
1.041959912867268
1.0143004198596475
0.9882387871968913
0.9720373750042337