2.986030917076921
2.8724343268399966
2.5723806672875065
2.18550816579073
1.820108005069886
1.5514559319404801
1.411505894952477
1.4024441013798636
1.5097575809319588
1.7010986246714355
1.920364031846065
2.0957617488461833
2.1666601473070357
2.1126630325778426
1.9626693410179745
1.7773066227948007
1.6187875621572345
1.5282790959692092
1.519459515821686
1.5826367685438454
1.6908207918856013
1.8065170046565768
1.8931807888379901
1.93044262699254
1.923623883399695
1.8979305872365735
1.8791027067634436
1.8746172148946643
1.8699640305511689
1.8420152137298178
1.7779728197628049
1.685855085488328
1.5913009901732251
1.5256109964713613
1.512838744701557
1.5604372317531485
1.6551576531237544
1.7663507934929543
1.8583535441535386
1.908180691859855
1.9177923705835431
1.9104530967645348
1.9115317694088239
1.9274933108844765
1.939960024107086
1.9201378764211765
1.852155960868233
1.7467776008572318
1.6354176845707684
1.5502507578355014
1.5057401446801628
1.4937195692303176
1.4931700414271438
1.4865406737907247
1.4720694322688122
1.465029700091392
1.487075473413863
1.5497540982051856
1.6432312847477222
1.7399640250695414
1.8131723730778224
1.8569362506821638
1.8903795204378384
1.9399257807620878
2.013494604962176
2.0902464694338647
2.137195483221359
2.1387986761795323
2.1115945259329614
2.088735142096214
2.088302394685617
2.0961555272745187
2.0806297136241825
2.0248270251918834
1.944174264230173
1.8714666390090038
1.8246470442890987
1.7902661678446787
1.7393104023058792
1.658504187931285
1.5643359801659729
1.485608594417715
1.4336215018203682
1.3917641303596344
1.3349757781647176
1.2573598548185507
1.1780071555260174
1.119447433409457
1.083148864878296
1.0490989409230973
0.9991535823801324
0.9373322424337187
0.8843168489278938
0.8531838537450225
0.8347039322662607
0.8089366363001886
0.7689431427062802
0.7284470079832573
0.7046954165790775
0.6975319429112721
0.690059342193375
0.6697852608141641
0.6439560564531294
0.6300419140413949
0.6334575384222206
0.6408059839206823
0.637313997979095
0.6260280656198415
0.6237414300908979
0.6387547508432486
0.6597430659169057
0.6708324348699736
0.673051050551002
0.683079475447592
0.7104123612513549
0.7439019948203434
0.7667302207971562
0.7797306271740884
0.8003729484976498
0.8379518467731014
0.879615788310349
0.9077985316693974
0.9250120064815358
0.9501216027651967
0.9904406272270357
1.0298800249471942
1.0513674076992525
1.061392571333835
1.0799665468583726
1.1099706136356675
1.1317184543136152
1.13182098087903
1.1231272937326477
1.124829197231589
1.132680761061069
1.1255851422849439
1.0988962916716245
1.0723100069694986
1.0594895520167513
1.047589482705088
1.0197173158223767
0.984127337991876
0.9623551196786323
0.9555422832077338
0.9447177166711503
0.9246249090718953
0.9139597607573632
0.9242262524345244
0.9402723115155905
0.9463417785184661
0.9527159448364275