1.2578297241134753
1.432071899808786
1.9154944188785956
2.4211523361655782
2.5250576784479164
2.2066757188938237
1.849132808477007
1.7576711176957116
1.971495961797798
2.292864054808921
2.405799774522768
2.2062745025177994
1.9213976593790072
1.814400868074357
1.9452210914064816
2.1701361782346678
2.273374374415485
2.192295173334122
2.0648657625246973
2.0052696586663425
1.992387960312306
1.9790944724718091
1.9764361431740496
2.041421292775207
2.178398200053553
2.25818570527355
2.160965284311449
1.9643718484775508
1.8502287210833521
1.8888698629389284
1.9973248391526874
2.0652354952606604
2.0913235870556712
2.143817187607696
2.1887440464918555
2.1159565144492736
1.9449832242538767
1.8253431818556525
1.8346006113837132
1.904904249258091
1.951015148907521
1.9964474429119088
2.100355445580042
2.194951460444813
2.160192529243801
2.033274412285349
1.941371141128685
1.8886785191998392
1.8048423309213784
1.7219780664921667
1.737651851960734
1.8451345702800412
1.9360049716766965
1.9829341147794788
2.0635703099512486
2.1600199765549677
2.157534690694468
2.072754597409041
2.0135126757142676
1.9539911375084054
1.8223927853537785
1.6880267003514047
1.6332207685338018
1.605771725020247
1.5590367786815853
1.5620366036723756
1.648522421836073
1.7342069291539135
1.7927556338853228
1.9029387458293083
2.042250805634382
2.11414060624699
2.166791411412199
2.2614934909113225
2.304176428814309
2.2764579148682085
2.280884472177021
2.2756793756701055
2.1892034042370523
2.11340355253315
2.0656637423294186
1.9548657366780573
1.834477782629733
1.7616005955047938
1.653492498432265
1.5229541760992198
1.4429456253050306
1.3518788830666852
1.2330751510878244
1.1588302935651134
1.0893308459445488
0.9917197577233968
0.9302789663353785
0.8816214182960053
0.8067215990385211
0.7609366458599971
0.7306009230892748
0.6764029298965994
0.6470172131677081
0.6325547345690714
0.5963834241770041
0.5835885667246143
0.583291592736806
0.5631817966017121
0.5673940002102693
0.580194245447299
0.5752191414665035
0.5970440871217234
0.6218580386462428
0.631711507466909
0.6710570903106903
0.7056616977808935
0.7295956182349513
0.7839309991424457
0.8235670728280314
0.858793737428461
0.9209319551216545
0.9572956037357264
0.9973626894417289
1.0540516260529023
1.0760352844584131
1.1104496562650004
1.1442000717897103
1.1420117300693657
1.1589630849487473
1.15556567266102
1.1282964329345495
1.1213386084286914
1.0820910758316127
1.0443682177893117
1.020034574411862
0.970032014739049
0.9484740057558457
0.9266746164215581
0.9046402558546294
0.9177867757295337
0.9177796757654186
0.9429443150213652
0.9769640537990548
0.9963749120030253
1.0396419032218382
1.0532745900753244
1.0663189148937555
1.0733451440762165
1.047130779087705
1.036724888874969
1.0000374214348637
0.9734843627552193
0.959265207112825
0.9397894296358494
0.9574920035092872