1.1647988920150587
1.5392043577590862
2.3892250394725183
2.7957248088133135
2.389801331122337
1.946929408101063
2.007527658077865
2.387720353348652
2.5281849487080783
2.284032091622399
2.0823769697564187
2.1370328517184114
2.29454394428406
2.3332210746682245
2.292363749962202
2.276829491657132
2.204544879336943
2.1077714204306037
2.1518137698213744
2.354761850693788
2.4319061734874197
2.226710491380597
2.0337752929529964
2.0926909834141982
2.2607129054259723
2.307932961869371
2.285468272618412
2.2787716794967703
2.1728820202163264
2.0216286187787538
2.051137833613891
2.246107748709591
2.3344474483210886
2.267017690007638
2.217459915884118
2.1429516819223613
2.00270081640439
1.9841816819852363
2.14081996160416
2.252356395030664
2.2511159313847857
2.2666674016256656
2.206996071405392
2.0237353449068327
1.9327364741297168
1.973769929135179
2.0061846539583463
2.07881700899243
2.234298557676663
2.273707446519865
2.198572322792615
2.1539997825471375
2.0370354476854864
1.875486863431393
1.8411032742257638
1.8572929402068756
1.8706624797258213
1.9952965473624993
2.129861982999217
2.167873086781813
2.233390739370452
2.235566022963095
2.1164949358962186
2.0357760013868793
1.915405591178148
1.754708128673959
1.6921517710484986
1.6371847246772115
1.6019777770504187
1.6783458068718582
1.7471995153125615
1.8357176738628784
1.9960842428638772
2.0888509042198105
2.1996646080078244
2.315412814981253
2.3340938360559558
2.390768483440613
2.3827659103599754
2.3231405112421157
2.2981970810443717
2.180745743691803
2.0910920132682986
1.9869806148783369
1.8367112223563322
1.7421974841347811
1.5934042810043636
1.4764069624721148
1.3690587939913255
1.2357846767802192
1.15653758756597
1.0428232334070797
0.9641053168997975
0.8906887438553446
0.8083383318645221
0.7657816658219534
0.6962695913101133
0.6640394795418051
0.6221138219938273
0.589610933880001
0.5760249326569414
0.5468929080797298
0.5519778941979352
0.5364213561206496
0.5493720105102942
0.5555673398927725
0.5707122894054961
0.6005553678475023
0.6186737279712369
0.6675548049957716
0.693676320525486
0.7525914430139504
0.7919285555889521
0.850579183104409
0.9041550899224988
0.953744994502411
1.015612811203163
1.0501793625144893
1.1078855969342911
1.1239948034952179
1.1626096758830207
1.1586587580130963
1.1669546517753822
1.1437957509788457
1.1200104251178458
1.083278774690669
1.0377417465633465
0.9998281128837796
0.9523897691185668
0.9304940373434664
0.9022289708817991
0.910501257063424
0.9120469583483536
0.9508207106748072
0.9736314974622874
1.0242271129188099
1.04303375766948
1.0767001601267387
1.0666725326893463
1.0664261188143254
1.0256033346677684
1.0042206530902098
0.9600094548284674
0.95221594402029
0.9377020242454867
0.9651237635415613
0.9821223851284918
1.0251294846874435
1.037581181980043
1.0545816099479695
1.032181021092935