2.881369701242622
5.496980341301055
4.809967113765573
4.316184112513049
4.936269800073747
4.923516975699617
4.529696320381371
4.750851801486411
4.745037247022719
4.728822766063287
4.840172768170837
4.49762898118725
4.69645294991183
4.849976234345349
4.601330024806633
4.748611313767471
4.491611518109381
4.66270777375369
4.718960889586982
4.604435338044056
4.717856298073397
4.419624570020839
4.640134443903188
4.417261539474145
4.6751153606559335
4.478302057155406
4.645848989967867
4.425469322383766
4.5405681997182805
4.328022063455698
4.473968807253482
4.265637062213323
4.470502033376739
4.2312777089979425
4.475523139402724
4.211283843069673
4.427998894212559
4.227551312119306
4.296096658257348
4.292024091252215
4.1197178523939995
4.328157402000231
4.036329966248403
4.198179303326608
4.1337654929760665
3.953150137384967
4.186414530216949
3.927521621529848
3.9268319043014785
4.08249229896861
3.7679743169823703
3.8429235234082975
3.9564369103610466
3.6314851933071015
3.6833182479139746
3.857641703292703
3.5722565140873077
3.4986318040196958
3.767538690338519
3.6477448104278194
3.3462136753107807
3.471834147769881
3.644559328870177
3.3874356256607236
3.125638965257372
3.297961603509353
3.53246389442793
3.35038822053044
2.9814871243548042
2.934589971181627
3.2148436740353064
3.3754573367045495
3.143603557441039
2.750689298389291
2.604671132864257
2.8179492825420804
3.1324937480455346
3.210547623606412
2.971898258495815
2.5860810143383204
2.2596761399624836
2.147965518784422
2.3099310721875725
2.665243208716576
3.0181208420860948
3.2378040845998997
3.3159901836765324
3.1985731606523995
2.9096528157024615
2.570022688199036
2.179717504402098
1.785331416907965
1.4571340897062621
1.1556353278342373
0.913995565637415
0.7347022545147758
0.5824058488710764
0.4863598207663183
0.414203348343901
0.37133626378304757
0.36054245384178607
0.3614125811330253
0.39855277939391637
0.4441522825461214
0.5226609906781998
0.6154087567753788
0.72641939531239
0.8559029796097842
0.9749316272332126
1.101227868969858
1.1784701971309701
1.235236454407203
1.2152407075149612
1.1618459137051282
1.0526717483963755
0.9545227449940394
0.8755013795563198
0.876644826550545
0.9290947937834234
1.0326632124298143
1.0923328934365837
1.1000640577666536
1.0191755805092435
0.9442351143034919
0.9190129872977312
0.9796056973837947
1.0590630594066865
1.061049616529174
1.0011222035090326
0.9364107875119684
0.9714247404722889
1.0438139448774437
1.0416165802364836
0.9811331756896133
0.9523348126476789
1.0130762842327812
1.0485066368459586
0.9836793586055576
0.9607328652581859
1.0239297188317267
1.028040692059934
0.9705116819284475
0.9883446369577082
1.0331234534781115
0.9916813699528184
0.975775737429603
1.0276042853065837
1.0002360020352024
0.9730218537944247
1.0270469535892077
1.0001481575542843