5.7831719329511175
3.2123086697003176
4.028295502305268
3.4852103860682266
3.8464201215733334
3.6102189525184176
3.731938718611613
3.694054794802909
3.6559179827905526
3.7289426179364513
3.6396147456829473
3.6895366479116913
3.6974566914085107
3.5860449729668193
3.781165536214576
3.5085458275503094
3.769988377886757
3.5757896641367775
3.5968705854743597
3.750873457692808
3.4284551804365075
3.7681031391748636
3.528093783506783
3.511887208342862
3.7478922522525573
3.38432194002756
3.61744250190637
3.625144553193653
3.350011919861636
3.6360359839819436
3.526384876391813
3.3386442179474365
3.5884771300013485
3.4816851700145897
3.3095545179805805
3.500584052151719
3.4750112119703127
3.280722417471399
3.37216750928578
3.4651565317525956
3.2999623467832255
3.225682146630968
3.372784618603488
3.371907652335906
3.1713010301250386
3.1626739476673493
3.34096739327521
3.290555578605787
3.0531496069749884
3.064500823729989
3.279075148324142
3.247144565040965
2.973008680017043
2.905912128917913
3.1315185170404
3.237005121279328
3.0118030509177407
2.7660345274732365
2.827116187921712
3.070306895324982
3.1328039051037444
2.9080740610482962
2.6451651059673034
2.614715884693423
2.8113586090165077
2.9999434881884603
2.9767753058215223
2.747625880771394
2.488707585775386
2.3807951228680126
2.477098092686886
2.688406537987513
2.86223549086955
2.881682201015091
2.7229376752353884
2.4527521758371655
2.183480919342752
2.0178343523718496
2.009964110793396
2.1542090644730485
2.398026973825083
2.6673884022989456
2.8921670057091573
3.023302195632601
3.03917513801831
2.9430331943361074
2.7553403080884675
2.504892588572876
2.221332818355757
1.9302362881735626
1.6507966392019116
1.3955087615333617
1.1710631578315693
0.9797638209656346
0.8209943147204372
0.6924720564491277
0.591194669833402
0.5140827904700587
0.45837121604549924
0.4218122102434495
0.4027470909058145
0.40008640560985
0.4132219281988197
0.4418790896496043
0.4859083058891716
0.5450095689694483
0.6183884989153301
0.7043560585277893
0.799910236828859
0.9003761612919741
0.9992266559623134
1.0882457927511722
1.1582108628026668
1.2002214983950275
1.2076649579648733
1.1785568192060125
1.117663824893161
1.0375017392493635
0.9571922975731315
0.8984930784818286
0.8792478214417673
0.905954638753899
0.9685972780318327
1.041374721081101
1.0914621934929856
1.094104713997298
1.047432767026483
0.9774785060937349
0.926575580176884
0.9278319839647686
0.9804102017231239
1.0454443691025432
1.0719540100794804
1.0382038908805242
0.9743213772186464
0.9396073057934405
0.9670342645416647
1.0268295688352846
1.053726041459732
1.0185981092766805
0.9654437140581221
0.9607319770979247
1.008016812869129
1.0404119583113072
1.0128387500521534
0.9694211769412148
0.9780437977090954
1.0219579355900457
1.0255610796986163
0.9842684567781852
0.9748829885268976