1.5448707343801322
2.5129689238986623
3.576701533140067
2.7215614253979097
2.5539930811661558
3.279495363010193
2.9319608634016965
2.562555054720921
3.071644979503737
3.0449151643664285
2.6724802201035858
2.87924185269931
2.998085153162404
2.8735900926057028
2.8195882949347353
2.7815415541695416
2.987264828965442
2.9560794640391883
2.6291091509473863
2.8599709101906297
3.0287872151888187
2.783485356547831
2.7485863971000315
2.7673201470366413
2.9324511809844447
2.930369651224973
2.620303570880784
2.7384195547004047
2.877690807875038
2.883257645213163
2.7815178900279216
2.5636633854841278
2.763190412479787
2.8661665627737363
2.834582545791457
2.685044325459858
2.52266840955153
2.7228453390952208
2.7937963276630136
2.844702777408298
2.633191300343133
2.498541887304067
2.569255672010169
2.6810534406749325
2.8386036295370207
2.6779555476443457
2.5629295514934216
2.382902399857499
2.4906493436914805
2.6049553342664407
2.751499453969046
2.689892202595436
2.536186729412166
2.3563561707790224
2.287886587483174
2.3832276184190295
2.5245790273009963
2.67009257891108
2.6475942375566834
2.5407031364115182
2.3266921899032953
2.1853326716452703
2.111662770220321
2.197319035396403
2.33337451907
2.506766973921784
2.602549287956097
2.5957861497284767
2.497269066234092
2.29321254106258
2.1147998907727534
1.9138043616710592
1.8511943594985536
1.8128945230878797
1.9347870218028544
2.051196842248308
2.2701128816542995
2.43421233277911
2.6047497378642444
2.7208050222749165
2.7489026684293196
2.7697491490271884
2.6606512945025207
2.5722008339057867
2.3977240025404143
2.2147378142510323
2.038019597859145
1.8129827431339651
1.646322534862258
1.4475179586172349
1.2802574252898071
1.1406031268283066
0.986632665907246
0.885917600248502
0.778073262026256
0.6883324357523245
0.6309391399541178
0.5612159356574813
0.5234726616313505
0.4952445059791156
0.4636158989971016
0.463528748416241
0.4607539047314238
0.4644360931338197
0.49548800717375324
0.5183576874012952
0.5556374971991432
0.6152044972141111
0.6625598328100883
0.72927559405506
0.8099027123288166
0.8719772534744322
0.9521992937424895
1.0322429900420067
1.0828837414242372
1.1426487208881146
1.1855805959222163
1.1877163262675312
1.1894236007098116
1.1689082855270239
1.1099325269504439
1.05639571004842
1.0026487747022512
0.9366889786763214
0.8975218745770637
0.8933464592952882
0.9010823527830844
0.931607418888112
0.9927399924271112
1.0466915785803057
1.0726081215151237
1.0854265062208024
1.0735332148629375
1.0233825783965866
0.9686321743279218
0.9414299375731483
0.9385366151650097
0.9557033746351434
0.99822604947452
1.0477920774959604
1.0640595343940678
1.0371798760369688
0.9961053867738429
0.9653559600573566
0.9543571574983047
0.9702096648304003
1.009895487429654
1.0459528115949006
1.043196923289486
1.0018784299777999
0.9626118930622548