5.320861938571505
3.203993750275005
3.2905001211797447
3.7264620764074152
3.019396273759127
3.806082539926604
3.1158459674017567
3.5440680302955494
3.413246172533237
3.271836503820816
3.5381346135890976
3.3133350321518944
3.3597025931251734
3.4750428275745326
3.296100789964488
3.3349831394201312
3.5158780560891407
3.1568482798070514
3.47622798490614
3.3505132390348544
3.2448075347434613
3.3579111274536566
3.4148963046427707
3.142375852420157
3.3808176976043445
3.367556463036062
3.1464967823712184
3.291592223408087
3.3559210147814955
3.196019124091752
3.115498537486578
3.405583257722643
3.1783968031857013
3.0960789258308083
3.203089119915558
3.3044908063326544
3.102092745512605
2.99676670053252
3.2671595977127965
3.1888740358654126
3.0168963028302063
2.9748002823529696
3.1454874897839966
3.215622885565076
2.9267390491957146
2.883938459611344
3.0548422124116943
3.1210731089436514
3.0191083985695912
2.777532663841421
2.812611227815743
3.0489667576505495
3.043707041652966
2.871520804168983
2.6975803864368455
2.6699253446634845
2.8855643065509247
3.018485922933338
2.8632054348162788
2.6453956216435826
2.522976085969279
2.553368964367321
2.7603204976625797
2.921976482119755
2.831144338527352
2.59944537098671
2.3996630815130495
2.2935136636214226
2.351348913879912
2.570518670266033
2.773295345915914
2.806728128266295
2.6890561282255296
2.4850967526765846
2.229478170620912
2.002837084605485
1.9173023119348658
1.9985019849939187
2.1774951416807777
2.3920487713622163
2.6201260627955345
2.826315335045731
2.94781052301506
2.948595661239205
2.84989774191604
2.6941226330608665
2.5008952279214967
2.2694490765124007
2.0078253604148317
1.742638640814345
1.501260520861102
1.2936132787072607
1.1134584734452586
0.9524348838864465
0.8096712989578054
0.6901154387524955
0.597542106134913
0.5304923650311225
0.48357490693976
0.4512436554634662
0.43052111923551556
0.4214143370458983
0.42575171498088454
0.4456032432706967
0.48199813510753114
0.5342408617723882
0.5999544633755282
0.6757834607068897
0.758352612536348
0.8448414608303662
0.9326998354866921
1.0185954822164638
1.097292646741444
1.1613711905693729
1.2023365243132005
1.2129570135732752
1.1900261138661834
1.1365110855950762
1.062251820359731
0.9828001645573753
0.9164141416678
0.8795953041612293
0.8820034286784945
0.9221725633279714
0.9859601971416984
1.049534857469743
1.0873875930150798
1.0833321633909816
1.0397280600361696
0.979090409360622
0.9346331897872979
0.9322788068027005
0.9735552300419495
1.0315464263155592
1.0663279657021714
1.0529571137890057
1.0024675647939232
0.9564658870361662
0.9542313220631239
0.9969752857448304
1.0433719551055751
1.0470626550772206
1.0044011314251475
0.9616318407296301
0.9661558317847135
1.010738650257262
1.0388489540673844
1.0137634940695601
0.9684971731709516
0.9645303183508045
1.005966960166176