3.4476240497451762
2.9854915937417363
2.339062822241111
2.1815330653295164
2.460680809621618
2.7735369988776943
2.5927038748563973
2.2328133552114147
2.23650280377938
2.601039601459602
2.7733081401489494
2.457069931861029
2.164048218826652
2.311142482406021
2.6526015852041973
2.6637562227476566
2.397704169164445
2.2826752271935176
2.368526824163929
2.4523318164964727
2.4853882646741736
2.557456241278014
2.5082760981567804
2.281556295671875
2.1976650429861495
2.4082747941438067
2.6016214858800004
2.5217125133349874
2.3903849286790773
2.3341967128443204
2.248624689907146
2.2302042925409364
2.4173910640381164
2.5824379157979767
2.4843050620121634
2.3402461815890914
2.277047196766713
2.1811402946504566
2.1615639296609968
2.344892984162251
2.4943840060063174
2.4561557265028524
2.418519267904623
2.332909526732436
2.1315065882824373
2.059955272425783
2.149741085805591
2.2127910722366804
2.3160888057482727
2.472242093612814
2.4443539468965394
2.3343198146316144
2.2597700861628596
2.0846551127868347
1.953992661388681
1.979106900767213
2.0031074375916704
2.0842035568589257
2.2696021665499657
2.347551641335003
2.392044878326335
2.435954981727591
2.3130122093381598
2.193967539583246
2.075715825632915
1.8814211323149381
1.7917706748005455
1.7366040029863112
1.6898829630078693
1.7760330908727382
1.861052269278978
1.9673565653353582
2.1546328143715145
2.2586652862718766
2.397708938802879
2.5147540128498997
2.535153599532186
2.603935360268938
2.5598402622403675
2.5106791760437197
2.4532064203063952
2.3065497004523414
2.2205169506509317
2.0558167349680203
1.9165566995226468
1.7833266552392464
1.6104824564360722
1.502072513378408
1.342617600004473
1.2346018002517452
1.1189096340807123
1.0056667935434602
0.9315870678779199
0.8277756077156866
0.7760958823133735
0.6986219117389234
0.6536206764309467
0.6087551408730109
0.5664215590035361
0.5495973643001995
0.5145369532064126
0.5166507045128589
0.4959306559713896
0.5088801570461919
0.5080173341944212
0.5269843464817824
0.5485317584932232
0.5719438825604068
0.6152382722791371
0.6437801538845052
0.704890260783001
0.7400872901084714
0.811906967457589
0.8543262156149698
0.9270880671748553
0.9744670614590406
1.0368305372706752
1.0829812000477514
1.1237298165715226
1.1592770750722372
1.169696329354859
1.1852529788400257
1.1621733181009113
1.1533848061119796
1.1022505251555372
1.074552652358007
1.0107119707206538
0.9803895982493745
0.9259610305189897
0.9144793368217461
0.8892607893406665
0.9111529203365953
0.9202341667993864
0.9707291795492361
0.9971495303635896
1.0503471556805164
1.0627244364055775
1.0877279527430348
1.0639122377964638
1.0515313034468914
1.001703839221546
0.977442918545837
0.9403336518619474
0.9423153304413825
0.9474531228915969
0.9826715985218115
1.0139931977638135
1.043590505830863
1.0551650545618976
1.0403427848776379
1.0183086652647577