6.481200725059547
6.9185498683033675
7.065179661902395
7.296348763106924
7.496149878812341
7.486317625395887
7.255240649120734
7.038679354714986
7.048085765689722
7.153814924644932
7.082878725893516
6.921479028216118
6.961090845363785
7.064188622044034
6.955266635531471
6.89796625884248
7.031856560481186
6.992645018468825
6.947835660114039
7.093218042871867
7.02608777239623
6.988364877976929
6.998586896123806
6.7736261357940455
6.7494035880931955
6.647217588123308
6.6942522996799045
6.804786654074436
6.75001720844713
6.682507520703683
6.442445584971857
6.511036636054623
6.5489366423905775
6.5951594072575475
6.31887398718273
6.296751279391058
6.403500633011346
6.342580090213085
6.126584488026678
6.152038266715414
6.275069171967987
5.946918917969159
6.011543833561313
6.099757188416628
5.752143531854386
5.929629776681572
5.8419597424967815
5.601930227217565
5.825513424572072
5.502165502231152
5.638973323535524
5.417038778588133
5.470437812713481
5.3840734925135605
5.247800466183135
5.259905961495757
5.138645882132367
5.1423389147827
5.027644527191909
4.897905071024365
4.968772938026564
4.67086832033907
4.952277534273603
4.501878095467411
4.727976172072888
4.530285581360951
4.282998858785611
4.5863093272540905
4.148502255765182
4.134267031735594
4.391407826799903
3.9119557645451737
3.84988093765224
4.197828585587236
3.847537030831715
3.4460695357309103
3.750894540568081
3.947315371687227
3.4665992566129904
3.036172663108345
3.2569037762842292
3.6740983389015955
3.5970652997280044
3.024725280583114
2.509885571911287
2.485429559590324
2.9144587181595516
3.4456901072289425
3.746389267912437
3.6888920346795397
3.3233423586642723
2.7713471662747917
2.163490011696037
1.6114063521065258
1.172934060288998
0.8438119191759447
0.6021120290083058
0.4415206176177266
0.35098514116296997
0.3048122295169856
0.2944749326091194
0.3274425536411718
0.39386424801442343
0.4881599290093447
0.6245327838365666
0.7872782161530552
0.9522902952364383
1.1162407801390395
1.2279389442897835
1.2485197076575931
1.1890523650851905
1.0461586643927638
0.9073564845222767
0.8566301953796615
0.9185341625447114
1.056171520138596
1.1138790417851205
1.0529211452998144
0.9292119951883542
0.9280006487944378
1.0293194670885693
1.0808897218619558
0.9805151881657788
0.9381772357047624
1.0221146238288186
1.0556307155050144
0.9566749742819081
0.9780397169210466
1.054717399018063
0.9763100501264699
0.9774035374853852
1.0441709212102173
0.971121952904418
0.9991675789166535
1.0278700785928925
0.9616030839311832
1.0339585879841884
0.9833487695376089
0.9985012569071323
1.0135364101665099
0.983158700627446
1.0211254308793574
0.9732398765918311
1.027716722669374
0.9777491041229266
1.0224986514423833
0.9758960226627129
1.017521016292932
0.9890403640506269
1.0088259262597978
1.0037126724265506