6.030433671929375
8.38024894022088
8.984930240726278
8.217916026567663
8.50742883201601
8.587490012159213
8.569128618823358
8.390830792287264
8.311484044375113
8.671609998024492
8.441872699724415
8.442835998286036
8.174915400799662
8.404847622524706
8.363962294218704
8.496868028495083
8.35500559014741
8.240354404216838
8.194234873844753
8.018481451254523
8.107309094145227
8.023641907418016
8.003915792129883
8.080464389316559
7.974548038045781
7.941010584991947
7.9740370158160045
7.866834649033547
7.754176999017051
7.735805938964689
7.681675090418298
7.553707997858361
7.467018351999387
7.481723878030628
7.542136536634378
7.56792754787659
7.513126138606502
7.370189193828959
7.1852797672908695
7.06852576292292
7.105543858658105
7.20319424031261
7.135358475927599
6.888080209444237
6.774840307916174
6.889063788191409
6.823546426461049
6.530573298545685
6.544050106759306
6.639350057180385
6.331220311388271
6.305319295450571
6.416648721158565
6.059793198435905
6.174862024713108
6.07015519022225
5.810801436928413
5.99260964156704
5.566551613659591
5.814653144656278
5.438631432505461
5.644673440661131
5.283074889349262
5.44631041302426
5.0422904262236585
5.324246540024403
4.84084654019492
5.153691941765496
4.67425019530979
4.815737019648968
4.776532553975112
4.316498471213451
4.7148428638573785
4.326185273252143
4.0567693698114295
4.480543018626434
4.065020766224027
3.6578659132345197
4.101995031272764
4.078815191164621
3.428433168961072
3.2506459430960097
3.7497960612479933
3.9095773633875703
3.3464400299263533
2.6734473940564225
2.582719679137256
3.068773298610723
3.687979259585655
3.952445902056507
3.785048551749035
3.23300957765837
2.5435084227314566
1.8846221476811233
1.318681160624117
0.9058324737600596
0.6230579371074594
0.43344325768882774
0.32623189799896707
0.28176060256035873
0.27984739527616537
0.31658754445312925
0.39791076780498563
0.5229543303597507
0.6806317794727377
0.8610187708924062
1.048794427897919
1.2026338520790871
1.2662595410906485
1.2102944368896953
1.062086000917458
0.9067469337402808
0.8515065008429032
0.9410332758539316
1.083860060625674
1.1156609567374864
0.9981274012880873
0.9040512853642673
0.9788768371191823
1.0792659567454526
1.010210653108215
0.9257225494207731
1.0146980732201436
1.0510340120984798
0.9476326335966727
0.9933288294392993
1.0439396159174754
0.9511084152968698
1.015313846197898
1.016029423232306
0.9645642554907825
1.044166167893854
0.9686487479321647
1.0259500400914128
0.9862063595426892
1.002780909134375
0.997679039201321
1.0001930686217213
1.0033414104819807
1.0037067464910705
0.9890998110477885
1.0142606203313085
0.981353044942915
1.0256911370173372
0.9749086023305874
1.0133449755661792
1.0054608149058923
0.980319152150088
1.0207078898368853
0.994718289884588
0.9852475161710998