8.55724600855473
6.4251287927474925
6.178698564056046
6.023103813549327
5.911648922614056
5.851266885941885
5.85947948830992
5.94160987890941
6.071245950679529
6.186281543319207
6.216231336580201
6.137240716755145
6.013145231256506
5.960962332273201
6.032412733505975
6.122707235258061
6.062011691956863
5.852737807704154
5.73160313369426
5.852959732737417
6.004360661698125
5.921033581488813
5.771695103885298
5.8287334316360635
5.861695499757145
5.666610240489094
5.656473973296532
5.863215430247832
5.70528608432783
5.49573122906911
5.68996937726553
5.63303112313105
5.472887595308324
5.6011325384926955
5.416181650510154
5.455500133272981
5.5103030891847355
5.2176686343732674
5.473872674415924
5.243437766302469
5.23751388901257
5.278567401594134
5.1033853998723995
5.2087448209523455
4.999244908601647
5.157595282196605
4.86221538625895
5.109322616316412
4.744535197859785
5.016199120072118
4.670899029604554
4.869782154953405
4.646944836308802
4.663315778269659
4.675635272753802
4.420468481234653
4.6830697320145465
4.278542035886515
4.491430548186582
4.372868184634302
4.131645153714354
4.41058379190368
4.0951838074430365
4.007503655079749
4.251255415703531
3.92389809325644
3.7712059172978214
4.105151140470057
3.8365745204535435
3.4974039570981805
3.7934852900939
3.870000325827646
3.4383763600132253
3.2523461822752333
3.549577310737906
3.7041166484845762
3.320988293336874
2.8892663362958824
2.9792926984642696
3.386043059533387
3.5155739406442437
3.1704549467852403
2.6469539663490482
2.336772266129576
2.421140264936282
2.8166660930436582
3.2798115084291912
3.5682100544425106
3.5617117902976196
3.281904802702081
2.8315628091461233
2.3218601537859715
1.8324825593833607
1.4061239667061698
1.0586659103854525
0.7904050176514045
0.5937103752471085
0.45776381673279976
0.3716530360413517
0.326327725988477
0.3155313123134343
0.33584765065466055
0.3860723654177615
0.46606476911027983
0.5751226001477533
0.7098892578872179
0.861977931732398
1.0159478324432147
1.1489305769848364
1.233742255734273
1.2470031549160332
1.181677986794528
1.0591840247107793
0.9314815969226367
0.8631686545776328
0.8935991363126881
0.9996523490168546
1.0963488387501341
1.0977634466146224
1.0029185323666112
0.9149665536859396
0.9372802196681189
1.0386646390647805
1.0767424659335056
0.9987524256678408
0.9370987655451826
0.9967377164865134
1.0579364476959066
0.99676412736899
0.9464356653010603
1.0202241674968597
1.0449714078847763
0.9634966443744644
0.9828387979079778
1.0423789556477594
0.9807719363512083
0.9852450398339648
1.034233259224365
0.9720985073699833
1.0035731996678867
1.0242501177573287
0.9648547515175026
1.0272593613774692
0.9919391734542652
0.9919288899348756
1.0177953483942523
0.978667082166318
1.0232684905013518
0.9761074993112497
1.0240345063359446
0.9780151396462701