4.396056973247453
5.987707200364182
6.1243480918669535
6.221056796687145
6.323155325234162
6.432362576654711
6.531269863175071
6.592487692637933
6.595298736703217
6.54776781238351
6.497384959494348
6.5077953567157225
6.60035424597592
6.706924773297461
6.706527303065567
6.5523827572758995
6.358545355806581
6.294193024617475
6.372321879117941
6.443584236686271
6.437911017263308
6.425312146058097
6.376469782013858
6.21737831135422
6.157004447627741
6.337322169791244
6.360348696588876
6.085809472601639
6.0460890121175686
6.223036499543768
6.136270123386824
5.970173128415826
5.975162737205313
6.056080269772915
5.941324047929143
5.77197522930907
5.9776359416961675
5.7879173954745955
5.666057039985965
5.8757691978006985
5.551961049463763
5.672001940236976
5.621013295721111
5.441017341496271
5.5890293870662395
5.344624301668618
5.438178724444576
5.310050665529934
5.268347335205588
5.251590174775253
5.133881843166054
5.145174374498917
5.034405439165627
5.007779775003552
4.947071156834126
4.856116881908731
4.877648479178804
4.6604902945480235
4.856058921419308
4.449140346438348
4.740898112850112
4.454367539082714
4.357393224416129
4.583695098355056
4.135051621636324
4.29385158210363
4.322368154106475
3.9073504855512335
4.135241814316759
4.147945507829224
3.6771635683947
3.8041648806560464
4.069703285207266
3.661519806858843
3.323517444469775
3.626952919443522
3.8322818858587175
3.425446546603005
2.987654498043579
3.1105644389963207
3.5193171566736363
3.5796501008975867
3.130814758874887
2.5711256107277194
2.358665469972448
2.6118407039462883
3.1114999624156754
3.53850659058195
3.6815247244083524
3.5000125232896644
3.076172863037363
2.535136219444013
1.9863083329745246
1.4992588437066314
1.104679104263896
0.806213364462323
0.5932400981020449
0.4502943275962095
0.3625443056483568
0.318316256349296
0.3098895864088605
0.33341458647021505
0.38826491754644993
0.4756459288611857
0.5960474904490545
0.7454515309639431
0.9112659402375026
1.0703533837898491
1.1919784805801645
1.2466854584153246
1.2186311924465751
1.116750456483631
0.98066046860681
0.8757275207174425
0.8660618184522366
0.9624611518965609
1.0852034905805736
1.1141239496481135
1.0197374797318146
0.9194779950838727
0.9393727188579611
1.0406527278119073
1.0706390132690051
0.987315588179103
0.9353866027801809
1.0122207033361967
1.0613387793814035
0.9734096371706472
0.9576984159338899
1.0482443582763419
1.007025999539354
0.9564371104105468
1.030398219988849
1.0107415342425445
0.9645493866443716
1.0304612558492878
0.996041449232495
0.9784345821756838
1.0359805745065356
0.9655132573212708
1.0245815485263583
0.9899014677508057
0.9979467908337561
1.0117587588076333
0.9827848085127922
1.0207095968859965
0.9778502707160545
1.023542293658321
0.9758466703834725
1.0249259304358276
0.9760948899680811