12.411383136410624
8.903467629794987
9.395002485192313
9.282353377204686
9.146605659156377
9.365813895702843
9.205480347558478
9.09557199016345
9.464016198970372
8.95952785686252
9.209314252869746
9.297622565764277
8.995309326269226
9.073105039038621
9.118374532411803
9.0986748475723
9.028840437271592
8.855394373528005
8.864637466957733
9.037193371083948
9.028617026758686
8.81057788204225
8.637434844764995
8.617859571355627
8.655680932260408
8.654971245354009
8.614259627199418
8.572718227262596
8.548824775072333
8.533408678339159
8.510319128355155
8.471006965957203
8.415412105044094
8.346372672229233
8.264681812040521
8.16766274399762
8.051765559261748
7.918945128443906
7.784728314820485
7.681130382674949
7.642850382886117
7.671296399442798
7.699782790859282
7.619042672268975
7.396048476559594
7.176471550407136
7.153249066374347
7.249622694133723
7.153479602170291
6.886869377565833
6.857107426121241
6.945438071765826
6.6740686328334045
6.50274587601449
6.699149730848614
6.419919881953217
6.2226024372852775
6.432330490177308
6.032028263360513
6.1089295750517305
5.989360169187806
5.788420919001401
5.884736028978263
5.514921281777134
5.742061069614917
5.269732929710501
5.5602659316265735
5.068651931152973
5.307911599379105
4.963483908812843
4.9229068986442615
4.985506008446953
4.488363135420878
4.857027705657085
4.457742449874882
4.214231402225799
4.6282931920648505
4.087076203822012
3.8084909742440765
4.3094957312399815
4.0420796578393565
3.3597031013876695
3.496980250583688
4.000149552359069
3.827203594805136
3.0675724982726607
2.595088413818869
2.8633762092851267
3.5383453699456573
4.017745988659034
3.9787586833813084
3.4778212691500228
2.752162199273024
2.021002977794079
1.4074146790903246
0.9487354259198653
0.6338556275996792
0.4340561071823488
0.3203423475992656
0.2706403012309535
0.27138143461378345
0.3164376681281882
0.4046944772270702
0.536373158071138
0.7077103146206338
0.9041333418461102
1.094137759595818
1.2295420187009358
1.2602257583637553
1.1668187469922746
0.9968575955133876
0.86493077667421
0.8785139401639597
1.0204737403346833
1.1248133507475089
1.055421077476936
0.9186342869318204
0.938457768194494
1.0685234966782555
1.046397465533868
0.9339173371987923
0.9972555440840729
1.0588764681646372
0.9557482684799026
0.99511838544305
1.0470471143691031
0.9489864668949114
1.028561433464066
1.0048432618326155
0.9726565230291759
1.03854857569281
0.9617358643226935
1.0355908024168305
0.9682888510496196
1.0306062807705583
0.9699059585575943
1.031391526090824
0.9687206119772114
1.0301258213922326
0.975833948198118
1.014101819477213
1.0010803966648123
0.9845268050753532
1.0229662742491272
0.9841436212247127
0.9973040667071715
1.0186372212693573
0.9863682584247349
0.9909281685075796
1.0210707341721141
0.998673713900512