6.960909801945345
7.595870057080042
8.035191135205348
8.081459639005962
7.636979462935495
7.5247524230320755
7.936530929696773
8.001697585713071
7.80175364814586
7.880310110627325
7.6907718663963855
7.533590576438442
7.686323839666225
7.549292954433188
7.672226571958796
7.684902037179136
7.642038820524034
7.735707363525833
7.601796242208003
7.703348797668681
7.5440111694926415
7.62469808437868
7.455809465520944
7.500508086222715
7.328014167337213
7.3185305915913865
7.194463155847624
7.138529386040433
7.166646243076347
7.119618193390543
7.249066591664608
7.199130318420533
7.088942459715326
6.982628991488714
6.800366845793974
6.829022869513552
6.973703262402826
6.871071910947999
6.627618998206409
6.582087030340933
6.710114083941556
6.634488214925744
6.367549214821906
6.390924701469
6.532646804679148
6.2613214714142496
6.128672849971172
6.290145908861054
6.032362270868817
6.021245660830454
6.118417491956284
5.763977906039727
5.942418025675637
5.683229583459721
5.652546899770513
5.648640834648492
5.412500774255712
5.569370594091352
5.228077664801224
5.441996164604924
5.070936534518462
5.271539912168749
4.94867814334637
5.03058622137214
4.901710988603558
4.698270141034227
4.906837387682508
4.416267974668904
4.723615932140007
4.485546142141958
4.221785890702577
4.58028395725386
4.1397146094592205
3.936835775695362
4.315944451188432
3.976258486622442
3.5609748684808116
3.911033863753203
4.0383165638401195
3.4594574030274674
3.125152838046191
3.494219540289278
3.8312151591389947
3.5272480206734427
2.863284717404383
2.4812841274786557
2.6967471605971154
3.284957678589835
3.754374408092719
3.8488041971687035
3.5657519283429853
2.9870502623390545
2.3534044303610937
1.739365573717516
1.2451116059087972
0.8718767119804576
0.60875253896066
0.44074327565972066
0.33744911315672227
0.29204450341079485
0.2869751060507804
0.32239603066874384
0.39537106364591873
0.5037778033541773
0.6528208828855504
0.8206511406918323
1.0082465898419515
1.1554767134815553
1.2542549294397762
1.2376477580177714
1.1318767180035327
0.975853197215028
0.859276161372206
0.8803098647160605
1.0032126541243247
1.1080987339072819
1.0863977088541472
0.9573617627204064
0.9082537006121651
1.0143674854399092
1.0855772824115972
0.9914290728965345
0.9292414973145814
1.027903686091287
1.053877519955088
0.9514794535789138
0.9884103923565069
1.048431192283053
0.9630692140390341
1.0027891362989976
1.036886626804982
0.9570992175875918
1.0278888122472785
0.9889277141205829
0.9864190994342212
1.0244223681184421
0.96962110346383
1.0347001835669416
0.9710633809060418
1.0326329308686308
0.9749626283867334
1.0302385857103713
0.976240553708746
1.0292214940288449
0.9781554968939106
1.0232041430899945
0.9885546032030085
1.003721208997851
1.0093213013544917
0.9795551138697405
1.0178039764318487