3.8566177439023495
5.683558923299315
5.988226823358354
5.924375090361824
5.681666138411516
5.5217498913852765
5.565720134366832
5.676420333718821
5.627420320991043
5.417522884952759
5.313548306043122
5.458358102154632
5.592723495824656
5.465436142865036
5.32306567543923
5.456276568972376
5.56115940541014
5.370281443137045
5.305398555150315
5.484780421485215
5.385880822643505
5.220739671016227
5.400625401394185
5.353903700654602
5.192273506575918
5.405852178463344
5.313650797707111
5.2232160033175035
5.412390861039904
5.155790777916888
5.213871760635236
5.176363284062476
4.991823544407979
5.203984333606757
4.969038933381611
5.179782546277047
4.960389404426978
4.997476597586032
4.893399796534987
4.896919240295979
4.923132298537435
4.8298116633724515
4.802882417059341
4.721406565143366
4.742099660262311
4.731663763951193
4.571123241500365
4.676608076874062
4.459534980049156
4.677413278496232
4.30656354108382
4.548831760043744
4.376555990097498
4.258711866675448
4.447382606683844
4.107481249804698
4.274279390837812
4.2182019248471745
3.9523158597928
4.197937071163505
4.031885572484097
3.782099572575674
4.07361273541934
3.917269624203477
3.5792273338996066
3.8631055914365513
3.8722137711199003
3.48968686198832
3.4426347546557934
3.7609740388885156
3.632700268270049
3.207582041798961
3.1844542842410806
3.5100438664072118
3.5575543321617267
3.156704263921876
2.8004695836115543
2.903362068395469
3.249573247814213
3.4308674460722974
3.149175262876108
2.6850288395435236
2.304923459978059
2.297854947610763
2.6064535018875916
3.0246235737589795
3.3903633438440828
3.49543552736032
3.363175128738408
3.055229903574708
2.601833357760494
2.129998275673412
1.7013180958591063
1.3117947473971927
0.996683683982645
0.7665854190860258
0.5915959624092518
0.46256922225008973
0.38414319519539813
0.34551077746224435
0.3323529735704896
0.3438736805640515
0.38693257866280895
0.46145269310060455
0.5587301740614118
0.6740191846329381
0.8099512933943055
0.9602426272543644
1.099484903052041
1.1975936040414332
1.2371949401569449
1.213142647410344
1.1294637465570168
1.0095585767551305
0.9022026561677475
0.8616202720832287
0.9106474398841249
1.0159396320786658
1.0996313086945844
1.0935919510234458
1.0049950648070929
0.9248032029519855
0.9412224653279673
1.0320071996726903
1.0771563623441842
1.0137843894043195
0.9372142023280763
0.9668689072670843
1.046733039225898
1.0305605134282727
0.9525188755272498
0.9709968552456548
1.042173331647719
1.0063813801617674
0.9520253894841285
1.0110116509236482
1.0291911613284852
0.9627535755169688
0.9976932746114618
1.032020476672956
0.9705160269976256
1.0061131653374533
1.0267272572072255
0.9720663572628913
1.0225814337909978
1.0007524420570268
0.9800688557606733
1.0234791960621468
0.9724982362556389
1.0177822331388722
0.9959094275283191