9.305126861774987
12.196806051434665
12.335136993656086
11.98830810111834
11.861903363831745
12.036803060834583
11.895289640635722
11.589145853808553
11.768314474755506
11.79845318809194
11.535273479584513
11.760496007557446
11.605651032160846
11.560331864541977
11.679239875957519
11.470416326350298
11.705722108491289
11.45355643488426
11.647917626269047
11.31985450472554
11.398325368858705
11.18810036198608
11.226175254637496
11.306439657935533
10.99026224701476
11.069429389242396
10.986052932341842
10.820018034017318
10.855015425468547
10.791318982467052
10.583162412355282
10.476194007933918
10.606210542321318
10.476886472601514
10.220173915969617
10.115342355642413
10.024194910905319
10.103603057097441
10.001812653795712
9.965941991321744
9.765256479853958
9.653073041750556
9.481747458265762
9.33554479629475
9.250927912866707
9.08647745655131
9.022766017117116
8.950235192989968
8.83925120786563
8.80107704986623
8.742093710987497
8.568360300876448
8.329050227675735
8.095705065938834
7.944546146298547
7.935623135101344
7.953934464807472
7.7554996561297465
7.4014788343268005
7.324171456797641
7.458325783045041
7.18060080038769
6.855704904633231
7.04084562449144
6.768126294916111
6.463769518407406
6.687434921833003
6.154834712024786
6.31430628928249
6.000335679156537
5.901282007009633
5.777568041696537
5.579162736458279
5.453745667176319
5.413200779087412
5.020962608328859
5.3348074662949285
4.572090337340174
4.97089414662533
4.685124316555113
4.130938153577484
4.666358082936447
4.312488515661321
3.5777953076183553
3.9779114457536893
4.370028994934498
3.651194200954087
2.8278197264704414
2.9735151811523854
3.7465511941998924
4.318459889804511
4.1596574519671625
3.4691640772535277
2.544351733385324
1.7226107019134906
1.0921949838751779
0.6733625288026628
0.42677645882170206
0.2895818172012071
0.2393867961752626
0.25096217976788326
0.3100445268092389
0.42506841751354485
0.5963500306916797
0.803865321344855
1.0271425988402776
1.2141647758605147
1.2776746184370285
1.1788043157474486
0.9838604431239002
0.8496084661183982
0.9078921184919249
1.07939550340483
1.1120563852934051
0.9581502491710493
0.9108794507274057
1.0562268790842029
1.0491665732189885
0.9261248803322715
1.0270713560748126
1.0394885547169466
0.9413669682501631
1.0532289638683396
0.976830061278078
1.000915866392163
1.016223159659132
0.9726538704468559
1.0262830333499673
0.9710869012265178
1.0238082191158802
0.9877434573061898
1.0054607507547046
1.011143427008974
0.9721252337104367
1.0312281513301054
0.9820393760006481
0.9963298721485468
1.0225977108516948
0.9816607078908489
0.9921579828954659
1.0217102532615818
1.0030328258256072
0.9774546877628698
0.9948993315579517
1.0213149311404088
1.011974235821379
0.9959886705973281
0.9797927335065291
0.9870431970559354
0.9948860650118085
1.009716596357094