15.830672216478654
13.231707914055026
12.994408228112542
12.81320855701119
12.694619773691368
12.715104055275786
12.897662887441712
13.101347831846992
13.09506721024092
12.875264383548483
12.76464952926227
12.85417036172769
12.74135979498259
12.513419454771924
12.723633583724869
12.784943557449093
12.410112760288483
12.525625450336934
12.475949100694914
12.387884894450611
12.34832576145152
12.184755002448117
12.332094034575459
11.961174179009706
12.199947888780278
11.856519110813013
11.946980446971795
11.822854881021756
11.632860906986108
11.755881934625696
11.462753486984326
11.403557070041781
11.495768500287967
11.152176755755058
11.097275720304133
11.111864886527673
11.020274611351546
10.787878973273015
10.571333618291572
10.587175345524813
10.628905875235414
10.492582847678236
10.276074506229099
10.094957400818569
9.937452926749282
9.77118300668121
9.604581512070315
9.45572781267415
9.32498743676393
9.201350696865832
9.07827285209711
8.961296352213015
8.865599444386733
8.804091282667418
8.765806523008333
8.696020666506223
8.514715907554809
8.20775334999932
7.922995286726344
7.86019915845608
7.9229848437464625
7.720747194570668
7.315792411900193
7.304372187828679
7.3972534182003535
6.918204399430018
6.7928647386238135
6.920529496401735
6.375097723805081
6.554518258732445
6.200996837732836
6.079698653757529
6.038610865776535
5.667172215341155
5.756731071174279
5.401377396914992
5.307987631751198
5.315141241568638
4.714196406533438
5.219005753682925
4.465908607098107
4.428507654129968
4.8303083744418105
3.959689656329444
3.758844003768763
4.415281595249944
4.15910832543497
3.140914973599556
2.85436659939438
3.570871956879331
4.318746756859404
4.35432124047713
3.700928846616879
2.750862153291903
1.8474019608670438
1.154333966841167
0.6939650878846871
0.42171451111402675
0.28105819613272987
0.2290653462757833
0.2417056198665133
0.3102265708001422
0.43465733751013874
0.6152104958856652
0.8403080451867279
1.0726549737053017
1.2432176281567584
1.2729513202209335
1.1358077466725098
0.9286223066913075
0.8429059323970679
0.9687996808399302
1.120342702653281
1.0524000422862536
0.90353437053661
0.9849512825894564
1.0926147238911557
0.9599160454552084
0.9655782489122906
1.0673759982108946
0.9483844441237059
1.0238330987238204
1.0063898913947396
0.9739901111480628
1.0392535265888772
0.9585198770874332
1.0404961755102686
0.9660071478631209
1.026117228731012
0.9871506522631956
0.9965300912193213
1.0225016709528036
0.9662250227247189
1.0293382066033914
0.9955841553951241
0.9782398668845126
1.021976929617684
1.0082324255609156
0.9769645357383696
0.9939727137254822
1.0241700173987738
1.0114683016655348
0.9830480774452096
0.9806171969302236
0.9960488844960825
1.0093738473592027
1.0162912317132975
1.0177913386296789
1.014039246928055
1.007146233489381
1.0008359435359229