0.6950795464329299
0.6975279117091532
0.7048890419772863
0.7172091059246661
0.734558700960773
0.7570236674984825
0.7846928930674802
0.8176437345473929
0.8559258168688643
0.8995440624653741
0.9484418631161863
1.002485335465706
1.0614494815332591
1.125007282044357
1.1927221981488654
1.264044848655915
1.3383142082970392
1.4147635973537303
1.4925312595767433
1.5706759478683336
1.648196046833457
1.724053220976887
1.797197863305215
1.8665969643955191
1.9312632909219485
1.9902838690829034
2.0428470080140113
2.0882679871813905
2.126010391560604
2.1557036796517677
2.177155655028963
2.1903593540533963
2.1954939764491046
2.1929197085506593
2.1831665211649596
2.166917255913018
2.1449855363531123
2.1182892441765455
2.087820478037881
2.0546130558731845
2.019708724920404
1.9841231635939776
1.9488138760532254
1.9146489386395205
1.8823806809083714
1.8526236402595562
1.8258368688778743
1.8023126281088577
1.782172618807262
1.7653686050794613
1.751690748356625
1.740782101217583
1.7321574995370779
1.725228246667812
1.7193299817722514
1.7137532422556654
1.7077753922865808
1.7006926342523776
1.6918508141336754
1.6806737774970966
1.6666881289257098
1.6495433910545376
1.6290267448606708
1.6050717536153596
1.577760720539721
1.5473205950632154
1.5141126140990364
1.4786161318335538
1.4414073429845524
1.4031338294603093
1.36448603767097
1.3261670240807364
1.2888616122740102
1.2532066050078483
1.2197633640895873
1.188993718608383
1.1612407599234524
1.1367151486942384
1.1154876998478749
1.0974885690616831
1.0825133776483873
1.070235374850417
1.0602239296695042
1.051967858740229
1.0449027132287059
1.0384406452742219
1.032001361654862
1.0250425900959808
1.017088479354645
1.0077544312485793
0.9967670204721463
0.9839778914218869
0.9693708211321143
0.9530614923609718
0.9352898952072474
0.9164057350692385
0.8968475175038334
0.8771166207116764
0.8577468632178765
0.8392738251560395
0.8222016439182165
0.8069731215250671
0.79394286361618
0.783355565090074
0.7753310723422808
0.7698570563175926
0.7667899577377064
0.7658642776307336
0.7667097695824153
0.7688755702199651
0.7718598269144477
0.7751429799473982
0.7782225607863844
0.7806472037028716
0.7820475523862076
0.7821618849548819
0.7808545779445281
0.778125969568531
0.7741127410570807
0.7690785785176533
0.7633955592109831
0.7575174285203531
0.7519464357096283
0.7471961696669045
0.7437528357002173
0.7420381336972084
0.7423762190413686
0.7449677151114404
0.7498726091827933
0.7570038608546622
0.7661323058070479
0.7769028151976887
0.7888606971337943
0.8014864814628374
0.8142364877427578
0.8265860155669252
0.8380716720868434
0.8483293028029325
0.8571242367730469
0.864371090691555
0.8701411671062187
0.8746564755329459
0.878270525599163
0.8814371971116707
0.8846700830231821
0.8884956273990847
0.8934040502837847
0.8998023912825345
0.907973961996136
0.9180481004727551
0.9299831857671198