30.391110488862427
26.309829804146695
25.882534462200724
25.52991031206618
25.51340078553522
25.73573448122461
25.621457162204024
25.254316686753114
25.2625344109749
25.050392934577694
24.876090861291637
25.187491522602627
24.937344357642477
24.805421190225154
24.54334718050544
24.785051906341806
24.333026483976397
24.312242299997568
24.275407316701536
23.975316413823105
23.85915091445275
23.728902130474843
23.580551814318262
23.49221564275039
23.021738531739146
23.01211925278808
22.8366106538245
22.448398840182307
22.30777504624065
22.255284173785142
22.03724093640924
21.697642118598203
21.372471273059027
21.118976512470095
20.911999541522803
20.6807326547031
20.38002297706427
20.08279434581911
19.87839091688804
19.663803433923416
19.43535763417525
19.323640240900442
18.984729272897006
18.52256216737354
18.205682922715678
18.12206391966427
17.77424487615659
17.296950453266163
17.23063773282105
16.768965924557627
16.528532709003432
16.181065601275527
15.900355474936108
15.555791445270279
15.346699268706406
14.754915046957404
14.746019021926559
14.285754995381156
13.817134438104661
13.75382357345324
13.498069426203186
12.9631778570629
12.493954869193274
12.206089366650213
11.995922151107365
11.770525828740201
11.513411347745457
11.23163691762132
10.907004337546441
10.522992696572834
10.105695829544953
9.650648321620846
9.181663609016645
8.950813059769596
8.960839834935102
8.744267101405143
8.034826268752363
7.654650319271587
7.895279893910513
7.105901109845437
6.8789675379042885
6.919614651893528
6.027829585339696
6.450431128993583
5.430159321092179
5.767623750875894
5.2797219078161
4.469571374501117
5.397215271859448
4.350166348407461
3.293199495310987
4.248925802477045
5.202790715826052
4.6695396519217205
3.224909771467012
1.8444344332338962
0.9312428377826628
0.44458857345331737
0.22952986679594417
0.1706748331717671
0.2097863195276487
0.3265316673749544
0.5259811305181105
0.809871405061938
1.1120167536447538
1.2884204372385741
1.2124981673426314
0.9396651052022648
0.8397572038841935
1.0560790597646732
1.1095885012465565
0.8997118099247653
1.0258607193768283
1.043287035232396
0.9329641278694187
1.0758417698608245
0.9301501765108984
1.0632123281537644
0.9511602687165671
1.0329748920553747
1.0026160082564393
0.9604787423203986
1.0393225081167337
1.0030516822357374
0.9604790358243682
0.9982231448060669
1.032871271826262
1.0222875570816865
0.9942981446891681
0.9759913400640835
0.9716616888784166
0.9745732721252561
0.9768942264406402
0.9752252627945257
0.9748958117857791
0.9822068519272208
0.9930795674669053
1.0081192249889896
1.0218551917168475
1.0056128251899195
0.9846341870337306
0.9919696180259436
1.0178119144922873
0.994227817464536
0.9922200873901372
1.0135302334203355
0.986426628372791
1.0126971278663728
0.9887518519303461
1.0094430161455785
0.9899182018234539