16.89339247167074
20.359666295582503
19.611105553027198
19.778667503912907
19.54542312039917
20.03599351094145
19.606093312224015
19.702287001335847
19.30950298489057
19.643276096251416
19.44352038682743
19.442884636258327
19.600117952609377
19.31624783914923
19.19177300760555
19.297344868231097
19.21130850062671
18.929595368306256
18.68589661599529
18.57649001348409
18.570747266487434
18.600860432789045
18.561590446695025
18.386489074999858
18.20257048421015
18.142292529860544
18.001511125891174
17.729070427828685
17.58950459395605
17.320774783218383
17.101196119199102
17.070804325260347
16.97972526599133
16.873806809422696
16.454992559731117
16.319056516672404
16.333744436686498
15.957348420093503
15.772022023838444
15.745010684974647
15.275316740951897
15.343982329641417
14.962998778513775
14.853838474006915
14.48596067849682
14.491678516111646
14.04590714756405
14.101243367030863
13.687598594680944
13.422059360719764
13.418469463881616
13.0175755148653
12.658033323160218
12.608786159575052
12.5105216239344
12.186342536625292
11.785377070450316
11.453079854149378
11.21099354495525
11.028442590863143
10.86344281070262
10.654527504317553
10.380964875977353
10.106620961879216
9.822004998327671
9.473748853253182
9.209580956100016
9.060426035128723
9.006633106924914
8.914507384149697
8.448280358107509
7.950439441484051
7.909879618211904
7.949600696750248
7.274118760967986
7.120802183687403
7.223319612010464
6.403781296685266
6.768362378386261
5.968218088083431
6.281841393052106
5.459044605386727
5.9226352120859715
4.8351263391863295
5.466689506951508
4.79021621697789
4.182470466852884
5.027918609998687
4.366530327166593
3.176304292577491
3.581502935007658
4.668741984100825
4.830656000893947
3.910538339564208
2.622947435898964
1.5363577533574264
0.8215438992477511
0.42772257094110405
0.24813006787425812
0.19242776044370924
0.21760539351816569
0.31831033232761247
0.48975748100214367
0.7291561135465606
1.0138396047111364
1.235454189259213
1.2790597676461848
1.0989318968964
0.8651983456832988
0.8841717339412477
1.0952869657499837
1.0847482039144762
0.8999983862242881
1.0133772004372483
1.0678851828584428
0.9189740338201461
1.0646365980912347
0.9614153614060439
1.0277279584855759
0.9805222010049672
1.0204402991097026
0.9688095996720439
1.045213536208966
0.9577112648143815
1.030282899984008
1.0092736683181096
0.9640644493060524
1.0206953825765908
1.025013037203801
0.9786525591657661
0.9754622239911529
1.0087988295140244
1.0292601865025222
1.023039376331292
1.004800757862156
0.9900726462519964
0.9844737424675968
0.9836526837559577
0.9813527538761233
0.9816055008476192
0.9893235227669681
0.9959203103189508
1.0053861085228926
1.018339421677513
1.0135152968657668
1.0011964943311438
0.9831515444732917
0.994998785321903
1.012369962929411
1.0049889929001832
0.9843313745523078