18.136662854268465
15.815219840960397
15.313950476130998
15.300954891061794
15.35439796761067
15.047728539661554
15.04471808558847
15.295464635523933
15.079634931536377
15.166129717331351
15.150502457816856
14.974343425072155
15.044646711651739
14.802658924212205
14.902154006637351
14.765747473688535
14.913242036986173
14.889404984011726
14.741061968681437
14.615586575365592
14.375694892600054
14.51016894042194
14.533885044737598
14.154960332650672
14.112084744547362
14.245968070812335
13.933232305193204
13.901578723439572
13.773000997488584
13.545415024246305
13.668736352514571
13.347508401515555
13.4762170481109
13.11153311362754
13.199652263745033
12.890384904466435
12.83432295263027
12.764257209970497
12.4295648622087
12.507310152738379
12.303314907190048
11.967394571101648
11.956210187022444
11.885963487561924
11.588973830166875
11.359081953926822
11.294887083117088
11.237612973971567
11.114648488949983
10.94182848808987
10.678639445278028
10.40361030169628
10.228519515802255
10.015615592402199
9.821871376565943
9.678935466116629
9.47704428353619
9.378977838725291
9.233623347982638
9.194679493877485
9.057029692527577
8.886423492929218
8.512267975745901
8.171071250542623
8.08094162955425
8.128589058935095
7.922378461851494
7.428540596783171
7.386633081780004
7.443501920796994
6.867235798411411
6.901812335228519
6.802741830102125
6.235695550169311
6.566172834024873
5.8246356893335545
6.223882051090698
5.435868073791257
5.899818920109454
5.026983710756236
5.478865493352781
4.9090029184158555
4.609555667474974
5.112049899223528
4.145093815796977
4.001680068839927
4.696431939492773
4.096365538200759
3.044981414704467
3.1889361020374567
4.141786433143309
4.627145569896128
4.193073343393252
3.194614078222784
2.1179590128271917
1.2827230966710523
0.7405901025546051
0.4215187201216901
0.26934508780036054
0.21296878000833117
0.23323516888236784
0.3114804840693678
0.45528420608011805
0.658654200629765
0.9079304069487057
1.144316800250065
1.2795299086783616
1.2247590516019053
1.0205441445493573
0.8438726188206614
0.9111592245767133
1.101977892274951
1.0852041406016466
0.9147113402329172
0.974333846926339
1.0890737641405297
0.9467961562747228
0.9914367177303065
1.0576624693282215
0.9365134786742696
1.055974336653885
0.9526353054827658
1.0360600242597326
0.966612543343854
1.036853513969541
0.9624388269669555
1.0437233402719641
0.9668907284717896
1.0177181258375545
1.0139619615378785
0.9675657982495633
1.0206813724405908
1.0121374416561801
0.9699915280483401
0.9943403957491643
1.0280236129410165
1.0137725675261628
0.9823132142119939
0.9752278901809379
0.9931194490053259
1.0111793770872426
1.017131499289252
1.0205432764215565
1.0193006893152416
1.0122630987705068
1.0139431524254032
1.0116705709608935
1.013625972691722
1.01630030198285
1.0152779327666646
1.0129542575616959