28.286255273026914
23.806765391415496
23.493016208913073
23.337731811103055
23.360958642555172
23.539791811188863
23.599931099248813
23.258911400861095
22.89568659236028
23.11328470116699
23.26458870616653
22.89700188898323
22.919718273155798
22.773710272062157
22.787924698215715
22.53697604611522
22.56504914911528
22.30399912235897
22.37193732318233
21.96259534367264
22.142725653920266
21.77706304069691
21.63326844328961
21.5634995347422
21.465648169314424
21.193935410929647
20.861751507215132
20.74204627268328
20.72939446932243
20.62075083851564
20.403361721490597
20.157562448999556
19.930298317029045
19.722181158775385
19.512815803052273
19.273457114811656
18.976596743994016
18.629297995604094
18.319594640146875
18.16950794557572
18.11137973809506
17.83919123256094
17.396892682819086
17.257331367563086
17.056372882228356
16.577379274402134
16.58559585443395
16.087711864761953
15.942096659673611
15.612553022765434
15.375953076833198
14.996654564665734
14.904467732315313
14.36936109435018
14.248917565364769
14.042080234207106
13.479298955532549
13.272363771361233
13.227470920829035
12.857434952406452
12.353730473084232
11.981130466026206
11.72492485715154
11.494456249843415
11.24960604995954
10.981799988249273
10.685118480898055
10.350580249059501
9.974670464914517
9.58283805307252
9.25746013315707
9.104616874856786
9.076707313915728
8.83113407051753
8.1898571801449
7.8208217224886365
8.014508658778654
7.474929030828796
6.9162545546547864
7.264286136824463
6.29091765652227
6.639921870130198
5.790777566684419
6.154608044782943
5.087369710189021
5.810858762230354
4.6322099635136915
4.660892588246224
5.240441939349517
3.8440458141526435
3.3078038984654237
4.433617419487678
5.117457852444945
4.420979638154146
3.0195359834371307
1.7375604616424198
0.8916107076514148
0.4370977306525829
0.23459485917216255
0.17696168650026695
0.21063669467596785
0.3211349853351245
0.512436605067263
0.7803287846890885
1.0751069748075675
1.2747444266499162
1.2383275972776093
0.9888140305736821
0.8310514936882347
0.9973074979583335
1.1396409283861502
0.9470663169595994
0.9476607513108788
1.0959148138099273
0.9256302672189017
1.0483057670269018
0.9737100873513874
1.0224784969173248
0.9744875654143412
1.0392581275265755
0.9503234089195222
1.0501088739093456
0.9775854195528606
0.9794954749083025
1.039970365853671
0.9992950671405365
0.9665146135836414
0.9922490410652278
1.0249901998399154
1.0295907171042418
1.0121776652223584
0.9922925423809809
0.9806718041571741
0.9772081402496336
0.9781734668413786
0.9813980297185004
0.987295449263167
0.9973478664500549
1.0106617863554688
1.0198395020552689
1.0130135839275447
0.9907848754102367
0.9813806190320896
1.0042791390799386
1.015161922242334
0.9891730905951818
0.9984908332876261
1.0098379547128107
0.9868857937693742
1.0135950232673137
0.9874486206063241