2.6966333229165387
2.6819066074561864
2.638661748841346
2.5696151016187403
2.47900627776116
2.372202729331443
2.25521323018263
2.134166320073343
2.0148118844743474
1.9020984260648344
1.7998677688525708
1.710687951203837
1.6358351783420058
1.575401794950541
1.5285143609181364
1.4936092082374417
1.468730949190377
1.4518110001783933
1.4408932311135387
1.4342872951097339
1.430643660870797
1.4289581028184284
1.4285242926760102
1.4288597322477306
1.4296308631245462
1.430601437785592
1.4316159385750584
1.4326247407988033
1.4337399481503526
1.4353083978549686
1.4379752588189931
1.4427164060453819
1.4508166672999232
1.463782923713852
1.4831909862846777
1.5104787578184635
1.5467101456943368
1.5923434121680102
1.6470406123319246
1.7095545625358304
1.77771989499921
1.848562768291143
1.9185269245031538
1.983796272150122
2.0406789068234024
2.086005243673359
2.1174884525682462
2.1339970349028965
2.1356989799990895
2.1240526802511006
2.1016397927649426
2.071856736260223
2.0385014380554543
2.005307366271121
1.9754854007332
1.951334743953239
1.9339742838337195
1.9232336958492002
1.917716527924748
1.9150300984029156
1.9121484525577013
1.9058601055704736
1.8932372930645596
1.8720616618207462
1.8411467238481107
1.800512218177099
1.7513859585720821
1.6960340490713082
1.6374444768902596
1.5789109489669877
1.523575849634283
1.4740032274204686
1.4318387568721498
1.3976096502457864
1.3706924257962805
1.3494503847240449
1.331520533549146
1.3142040302346423
1.2949001286716988
1.2715164586479886
1.2427922419827797
1.2084846266739147
1.1693898201976103
1.1271968557780208
1.084198664934527
1.0429079153565073
1.0056412377563164
0.9741404866303697
0.9492937140912239
0.9310029809515725
0.9182208314372788
0.9091491885894784
0.9015663116665191
0.8932249441183792
0.8822517374945485
0.8674770409914035
0.8486357335872098
0.8264022632886211
0.8022527514677948
0.778178572384179
0.7563042372184451
0.738480297521612
0.7259290923664723
0.7190115483044516
0.7171616376990841
0.7190031966447963
0.7226282089139027
0.7259830872599056
0.7272865720971191
0.7253946439861787
0.720036612279193
0.7118712347906803
0.7023479185633863
0.6933987124315175
0.6870233913309676
0.6848548116825957
0.6877983363193785
0.6958259429130326
0.7079739403429763
0.7225495155973901
0.7375046582397875
0.7508967755230914
0.7613328207367378
0.7682940251739195
0.7722624543654428
0.7746141977463032
0.7772977915281184
0.7823682694997096
0.7914840670112551
0.805488206297639
0.8241767492973595
0.8463185341534054
0.8699280229889657
0.8927313727081135
0.9127146699085855
0.9286182672882276
0.9402496466399343
0.9485288943854069
0.9552467105758278
0.9625889990438912
0.9725454504646788
0.986354750288377
1.0041352318465993
1.024805727192286
1.0463272326959794
1.0662097391604544
1.0821540966351537
1.092656639303415
1.097408351002051
1.0973717193470096
1.0945050488201922