0.8445696210322075
0.9411834863228871
1.2262733250147362
1.6580101048706164
2.120037012868999
2.448949254800639
2.5279076890051693
2.3631836136129367
2.0713059474692317
1.7956358379622246
1.631980809989155
1.6108925248257928
1.7153924591256007
1.8948851554052533
2.0738986448006402
2.178744647227858
2.178536201625875
2.102872317567684
2.0128580622865933
1.951372886594038
1.9194578048518456
1.8934312634827024
1.8555390284944688
1.808346407346276
1.7710176893488387
1.770592744573941
1.8306202063146269
1.9523258111498507
2.0984627956616744
2.202917326814015
2.2106678661480537
2.117767908466662
1.9740357755079343
1.8454286075744666
1.7706316626046992
1.746380740142287
1.7445867967435356
1.7399333264468948
1.728503558147965
1.7304810790605392
1.7759914495446802
1.878530526101959
2.0134748453685822
2.125232522295538
2.165844968053524
2.1333136833720827
2.070635224374638
2.0233338304509147
1.9972452523870554
1.9588035139695907
1.875188141799233
1.7516493321348285
1.6301965651548158
1.5548828234187522
1.538313610046398
1.5572283552255826
1.577094073825844
1.5836366845947476
1.5954907091228772
1.6460348297962952
1.7478529406924523
1.8733209457524456
1.9755716296627281
2.0336969113838945
2.0737794956941307
2.13744317339025
2.2296283618726473
2.3075085098830455
2.3279679878499064
2.2987782634079346
2.269542523237089
2.2710053388472127
2.277622342719211
2.2412679699261435
2.153860730078566
2.058733518992991
1.9962239952443674
1.9543213236647083
1.8881916654658195
1.7815712699889228
1.6685120519471661
1.588056003792812
1.5340480948595099
1.4670033001162393
1.3697252118332885
1.27004158593945
1.2012806415368518
1.1570952567732509
1.1029130177207267
1.0256977285721558
0.9510515966392985
0.9050991038870947
0.8774449190975173
0.8380062642428204
0.7813750459302908
0.7333195190700925
0.7112835178467485
0.698771610991313
0.6713761801783872
0.6338544810482296
0.6116786220943673
0.6109872788910198
0.6094926523360245
0.5921276214297064
0.5747460361321665
0.5781863013728434
0.594469235502525
0.5999651458738039
0.5943039842268966
0.6010241160360932
0.628261203983926
0.654742091049541
0.6654109054648955
0.6772106776982021
0.7103513635404982
0.7529804902662764
0.7806291434755819
0.7984070832438293
0.8323223535011631
0.8830088100385499
0.922932841236334
0.9439720217246704
0.971619961194899
1.018631188336587
1.0601476367651768
1.0767705105865577
1.0889284209488792
1.1187216690266804
1.147753700575994
1.1495923559754746
1.1381255100887437
1.141167479125804
1.1478016998961547
1.129285840554357
1.0945958128657267
1.0741132771100383
1.062505297285075
1.0318810125809512
0.9894930352405287
0.9658374893327817
0.9567389279579742
0.9355601342673973
0.910526359752177
0.9098381890410043
0.9248176499487676
0.9288456937349362
0.9328823165101305
0.9605971665058833
0.9949075027859392
1.0102127164091224
1.0228283066816446