1.5628876215409644
2.595448547466828
3.9766161291351896
3.182873199053367
2.6730332320769845
3.4030351476578335
3.4700527898049214
2.8889795755120393
3.0674161885677638
3.393070705809628
3.163124816799914
3.064444744292315
3.1124587980071463
3.1757598604054262
3.310208088019445
3.0617824395920183
2.9058470582206115
3.315640044409173
3.307484396271227
2.903152528443745
3.0209392846949465
3.207410748065075
3.1893955219866696
3.136048015199823
2.8749026055803544
3.000542814824159
3.3089436455671217
3.098752620702101
2.950233493522145
2.905768552830522
2.9868685265392227
3.261592371061805
3.069321952536298
2.8615747962749585
2.8557433961443754
2.910922339840601
3.1851551880603117
3.078822333467783
2.8761729150667787
2.768984826793248
2.740627564583275
3.0281729898342173
3.0605887368704288
3.01406002059294
2.795049403248003
2.6071091571760876
2.712093515756027
2.8076226278047685
3.0437513330533994
2.9671843758767733
2.8448334249975793
2.6049519037946314
2.483813436039219
2.5621204249391814
2.6866793872627963
2.919935172196366
2.9099505917740767
2.883296382311706
2.6089407054877762
2.4560342492363194
2.275845844227607
2.336827184293156
2.4333927690056134
2.6603173955901256
2.793032487113426
2.8876431309528248
2.803450411597133
2.661189536460021
2.409302400806072
2.203983354007993
2.0125810341002777
1.9553317272548203
1.9644904166037223
2.1081108598596576
2.2723748204696634
2.518871312051058
2.693699672930388
2.907365512522973
2.9740276138421753
3.067762744253578
2.993277865974016
2.9469989746134075
2.7705842351958507
2.6101063307423096
2.3963262863236148
2.1682718159382777
1.9662304112198377
1.7219090280103966
1.5494304505624605
1.333712380581139
1.1858302151615754
1.0263231659265903
0.895071060141525
0.794600509365143
0.6835410273828598
0.6233894754471558
0.5460887496326157
0.5024229598811877
0.46733319277653845
0.43119696157619913
0.42887248228910263
0.4119182214931663
0.42161347551577355
0.438709652622575
0.45188888748052103
0.49782981511403396
0.529972763757115
0.5826800727948416
0.6497929279783172
0.7020964115779537
0.7883064699545801
0.8585618287926566
0.9300667870888454
1.019992566117849
1.072148530122746
1.1383608492707789
1.186475165184684
1.1952795811718528
1.2148706691836384
1.1897008125780164
1.1432389641266254
1.104115459532223
1.02911710311025
0.9656637889066411
0.9259638327867444
0.882627864094684
0.8781140291338866
0.9106155274744937
0.9432026065087835
0.9986533175920801
1.0617202581657263
1.0838440470027797
1.088206901175566
1.0752880433872187
1.0196985581487614
0.96536169718014
0.9409007739779941
0.9299983409023311
0.9472999915638524
1.0024413026064243
1.0486379156028547
1.057681509795869
1.048059482209654
1.0160778872196887
0.9647850325730065
0.9405224548721098
0.9650855520480884
1.0063543686790644
1.034239485572794
1.0446816546535576
1.0263978722603202