1.2014894797721638
1.714440920199088
2.913645434073025
3.4774863205228295
2.8643373629179583
2.2343944146593335
2.358311238569159
2.942441489766836
3.120663821296499
2.7008480846915615
2.388805895665941
2.5300242939628603
2.8356261595286734
2.870244365451158
2.715653942397956
2.64312825907434
2.5975035486827913
2.552829363156167
2.6308676972153426
2.857686899248046
2.892764292967569
2.5861288851017616
2.3648154256939673
2.51773659283167
2.7855504188397684
2.808896410822561
2.7067222743260766
2.651821069944747
2.518560637680556
2.379485470427966
2.4895172783645134
2.7685963822083712
2.824810807741197
2.662781680583216
2.5628708516991114
2.4640066005569365
2.329504787636584
2.387314732640249
2.637920235815158
2.7453040502677433
2.683926276964599
2.652783194391814
2.5143984306226845
2.278750266063314
2.236100948755977
2.355897165841759
2.4313895583347276
2.556335553345591
2.7306861381244234
2.6842113909617935
2.5348422487256514
2.4427990718393238
2.254093116762394
2.092079199894341
2.127619558749217
2.1913203358854387
2.2671107117929603
2.477401113214134
2.605545553028132
2.613834639084074
2.6606019489080386
2.5546056769483583
2.3594173005830092
2.2400983975467037
2.0436139524124193
1.8839320728819302
1.859310250476117
1.8191685104143345
1.8661518703800846
2.025696494780855
2.131402568479363
2.311599450099814
2.509023128038677
2.6007427180912597
2.7591907683392725
2.8221783157276703
2.818258969090344
2.8540701326442766
2.745986252974228
2.6720391215265966
2.5622091914491567
2.376691732731314
2.2641912159474913
2.0626350368614266
1.903284468880231
1.7523114940206959
1.5600555752086607
1.4443887129784267
1.2771365789417033
1.1590762276849707
1.049054460006659
0.9255111639638314
0.8582992061770158
0.7543762306365751
0.7003690174213693
0.6353280705530634
0.5807186010893692
0.552450748773207
0.5029126221805412
0.4962083307197369
0.4642477029594412
0.4647840315758178
0.4586607191837749
0.4602562189455119
0.48052396899748423
0.4852447708525239
0.5261812091825463
0.5411067074334936
0.5937077987292929
0.6266246301157249
0.6818408902695777
0.7367399524526144
0.78815887121646
0.8617676933392595
0.9065434029445045
0.9875254276044169
1.0248882555312422
1.096467257094575
1.1248581400544229
1.1700051344448552
1.1853404756781007
1.1925975589526345
1.1898754582643536
1.157932143176084
1.1361133144727424
1.0757814580654794
1.042873815598379
0.9752922501953525
0.9488889169668638
0.8988563677830883
0.898860378989144
0.8836447891253202
0.9190499794999926
0.93695113891556
0.9951946561976199
1.0225416648288805
1.0727294513489096
1.0770316484964446
1.0911221166969785
1.0567597217379285
1.0357408395243168
0.9819056029619188
0.9606395817809165
0.9278828113001796
0.943796812253196
0.9520278527503393
1.002115921500456
1.0230304009769782
1.0617521327745056
1.0490754699579756
1.0438701480523944