6.702416180346015
4.744012436537885
5.470257164492443
5.213933921195917
4.915225560132764
5.575412403365759
4.9241676848197935
5.161264530704348
5.421964823683676
4.8753672403799255
5.3184626554058605
5.094406038232254
5.228009070556063
4.936940484403004
5.2807072734023235
5.099242275302961
5.0050217125344725
5.083033002049437
5.127665770677239
5.074691906470751
4.915649002123323
5.045376493687925
5.0563888505552965
4.991423516000842
4.917427406961879
4.851535290031816
5.051535012027325
4.834830862131647
5.009452745819481
4.636467381446654
4.945930730186485
4.718302744407727
4.885090982617155
4.807289260220765
4.5892285041774405
4.8068787059511795
4.4875094109595866
4.731118426408082
4.6874263671078875
4.483330494183576
4.740895776472118
4.421252859156424
4.395715407629544
4.5816234520563235
4.241223670479019
4.358036037773845
4.519202855404838
4.177203457716989
4.278072009931167
4.4646581750101095
4.116913179012227
4.0743512234589065
4.344120121358548
4.115330940271363
3.838679525753433
4.075194663772577
4.169326311795846
3.802824234807494
3.6745194434864326
3.966267166742333
4.006351225184472
3.6317971465597627
3.455713276437422
3.718815966914114
3.9102474571369896
3.6547342513230126
3.2756769151152567
3.2589050755068647
3.567199544890862
3.7421917706994248
3.5106476234995703
3.075652863038569
2.8393473178196964
2.9777407582131086
3.3152058538380547
3.5295806031027
3.4244306800692392
3.045382450462716
2.6091090306474247
2.3438519825424944
2.3613287792326463
2.6279240276289304
3.0197347096157174
3.393232788109067
3.6279007253899427
3.6527710708590186
3.469379322154192
3.1440691287836824
2.755570851068961
2.347204342848074
1.9359935569398337
1.5499161548805311
1.2261015634235275
0.9744069017727534
0.7729797490585794
0.6068826174073741
0.4846071367387693
0.40825359363484526
0.3584200359836204
0.32398182065205045
0.3160335257022578
0.3365324988870641
0.3694436658630506
0.41601974271916053
0.4924705421288623
0.5890844358810896
0.6891507325211574
0.8068999711323013
0.9418878936528561
1.0575510513362572
1.14966670060211
1.2269813728820687
1.2492264977616234
1.2072680166270637
1.138269846426662
1.0357316092222237
0.9248078794550291
0.8714304157179156
0.8702667886111942
0.9274133124971625
1.0315828227237336
1.0953124818146391
1.10460292612631
1.0479791327766566
0.9513525762653351
0.9178350448863309
0.9465921013671138
1.030198807706397
1.0792958609676588
1.0360702285760583
0.9684360025633684
0.9322825029078796
0.9978040989558168
1.0515735909033999
1.0390492916733154
0.9647170274652455
0.9558365500251862
1.0181907380325523
1.0471262938413273
0.9911965780630749
0.9563109069900437
1.0095327087541766
1.0406742758513357
0.9853433635323131
0.9678610247407237
1.0218474935508468
1.025680690050403
0.964700314449916
1.000421644135466
1.0280560530271838
0.9863006506845462