2.90310460219495
2.902336371574837
2.900033035133161
2.896198656817781
2.8908400021813354
2.8839665268401435
2.8755903603159862
2.8657262852601724
2.8543917120593623
2.841606648822857
2.827393666751262
2.811777860887311
2.7947868062501757
2.776450509355992
2.7568013551286836
2.7358740492070828
2.7137055556566656
2.6903350300969464
2.665803748258898
2.6401550299905936
2.6134341587337153
2.585688296498743
2.5569663943723855
2.5273190985974674
2.496798652272821
2.465458792729012
2.4333546446448207
2.4005426089794715
2.367080247806695
2.333026143491311
2.2984398615817083
2.263381696182566
2.2279126239246896
2.192094149164143
2.1559881667827305
2.1196568218894876
2.08316236663557
2.0465670143755417
2.0099327914296263
1.9733213867240493
1.936793999610034
1.9004111861861221
1.8642327044735123
1.8283173588193657
1.792722843929156
1.7575055889550983
1.722720602094112
1.6884213161749968
1.6546594357404416
1.6214847498063276
1.5889451340334553
1.5570861725501812
1.5259511765539269
1.4955809662978068
1.466013916522164
1.437285527083798
1.4094286124910667
1.3824728082373505
1.3564449477417948
1.3313686830994982
1.3072643536100932
1.2841490242086973
1.2620363347532313
1.2409366315784112
1.2208566532249567
1.2017996715207826
1.1837654317606747
1.1667501479046578
1.150746512002037
1.135743718329702
1.1217275026802822
1.1086801579874317
1.09658075970589
1.085405023603982
1.0751255591557278
1.0657119517522002
1.0571308982475975
1.0493463586762712
1.04231972392255
1.0360099990175857
1.0303740016253078
1.0253665751635228
1.0209408158869648
1.0170483131373693
1.0136394018423116
1.010663426220514
1.0080690135275765
1.005804356553701
1.0038175034650887
1.0020566534645075
1.0004704566352522
0.9990083162277483
0.9976206915505647
0.9962593995391409
0.9948779129972933
0.9934316391572539
0.9918782628621108
0.9901779343400587
0.9882935922099579
0.9861911981933653
0.9838399705469549
0.981212599088666
0.9782854397146866
0.9750386863752077
0.9714565185689565
0.9675272285568361
0.9632432896183287
0.9586014583759446
0.9536027809402531
0.9482526005234837
0.9425605252160205
0.9365403621097156
0.930210017339746
0.9235913618939356
0.9167100633308971
0.9095953838540097
0.9022799455047668
0.8947994635637524
0.8871924495776545
0.8794998857630182
0.8717648728687138
0.8640322539056077
0.8563482127450052
0.8487598734264874
0.8413148455235765
0.8340607923939537
0.8270450001157476
0.8203139137360191
0.813912569743737
0.8078844164230591
0.802270621359871
0.7971097497903588
0.7924373528509048
0.788285580413997
0.7846828263029112
0.7816533923523531
0.7792172527976535
0.7773897339283236
0.776181358671611
0.7755976792313389
0.7756391709066032
0.7763011780565814
0.777573914094673
0.7794425168475008
0.7818871600272547
0.7848832209445774
0.7884015039398382
0.7924085183399016
0.7968667998290317
0.8017353282021975
0.8069698991573935