7.452713359326068
5.163527345295426
5.642034138195725
5.870118155423425
5.5384830470825
5.65123813192567
5.5702745803507625
5.608442435177843
5.859884237280657
5.385898810232449
5.486268496250687
5.862420079175398
5.47735206532959
5.60313723907907
5.445594643945559
5.479607482379223
5.762443601931324
5.393396921379343
5.5895096034559275
5.2777897867303425
5.499145119312237
5.464611107935162
5.476858016539761
5.484487439402329
5.279461619073726
5.379589092385464
5.167478873893763
5.383790421596107
5.189950393673069
5.40084824929611
5.194288953269132
5.313506289511425
5.150778280497719
5.144272721072476
5.122396596416624
4.955658734328176
5.127339108442639
4.8065843690693155
5.0952703953676535
4.773167173607765
4.929295505722411
4.879963497698933
4.67420661858811
4.94561902840703
4.594586956876434
4.714113126480849
4.76673886909801
4.421577928950722
4.686606666170624
4.566005337907243
4.293961208012585
4.592982408468396
4.440700589386364
4.165706361235341
4.466173082958648
4.416712829431597
4.047259223370567
4.228003465114295
4.389926159413641
3.994387191557316
3.8244471265559397
4.12812387491792
4.123801147263379
3.716519426369413
3.6387778621479363
3.9700552675056757
4.018559305665452
3.5954502204468257
3.2907499358866814
3.488958782973141
3.8351652916133347
3.783031058814592
3.328029834183926
2.9556464594589635
3.01944963836079
3.394261551460945
3.6583139420117345
3.5420437647696037
3.129586087713055
2.6685240074355425
2.392519298830436
2.437351677951693
2.7810713892963848
3.2396967808201835
3.5814036924758725
3.7359500909783496
3.7000230742435565
3.425217773192792
3.015583974760926
2.5814946158591736
2.108500273527578
1.678874612383057
1.3310359134907093
1.0198501032167502
0.7891249743326216
0.6179329258232383
0.47936188001462554
0.39898269800962194
0.3383689203629313
0.3099757521722654
0.3097820455232689
0.3212959241550973
0.36867952503754037
0.4223900948681509
0.5095632282868637
0.6105573358414861
0.7269516523790422
0.8652839692859001
0.9865627198695149
1.1188062141717037
1.1967406921657642
1.2519584023698922
1.2318196370817258
1.1686021249261187
1.0588282409837968
0.9478047368609346
0.8709767706065159
0.8642910006565611
0.9261358540485392
1.0293963578332443
1.1008998210851246
1.1070527333997227
1.0257812286574786
0.9445789835684091
0.9085675048789592
0.9783873235621041
1.0528966958339137
1.0754398871338136
1.0025782060473196
0.9349222215254016
0.9662901426033371
1.0353085726047437
1.0569213560933004
0.9819428306654095
0.9450656092439657
1.012811051030309
1.0464159548463472
0.994156637546096
0.9590534000853878
1.0094211051418123
1.0398115053306312
0.9789736290983843
0.9711829464487391
1.0356053153193434
1.0074215905192485
0.9631136473267966
1.0201660254015985
1.0182833920432586
0.9680732804374216
1.013999448349753
1.0127434612001243