9.172697440235227
9.244892695743902
9.29514979175174
9.209928365632884
9.114284104233143
9.284516126248636
9.60622406517289
9.604556887241213
9.284002866700481
9.186450759496077
9.309396668708924
9.152097459822814
8.951896044135308
9.085701051460713
9.041938368842287
8.866341540188259
9.010740679490167
8.936611224871045
8.863957194931467
9.019967951381325
8.885513470402527
9.011260777526854
8.971124708380314
8.905432195247812
8.867063133585766
8.61526771061455
8.56836627809074
8.383667071822062
8.53922366112411
8.526931060342879
8.60995070513002
8.333994946393325
8.175956329851855
8.143793613573692
8.266163865741811
8.256157434009593
7.882382952185654
7.897134212877564
8.018138020773106
7.860102574542647
7.627162160638465
7.698215916842973
7.707791986875979
7.393877160431373
7.474494704219182
7.429842327393063
7.133447720746809
7.35422117109724
7.0158192967637705
6.965754039253438
7.095867850792629
6.678234340995221
6.925088296235923
6.452258883562354
6.752501189292356
6.344032341577633
6.557005660851589
6.121466593406593
6.344193636670363
5.873770353774085
6.2114314511250335
5.66701267291604
6.036686586487688
5.564073730228281
5.649210504703027
5.636536689058927
5.147716914724419
5.560893877895634
5.0874527822917015
4.9172496926352425
5.296846053057091
4.714052427981633
4.56141369640403
5.01421079342967
4.578757524870955
4.064933729614061
4.464359793951213
4.668516448054106
4.008066597168709
3.515170544897378
3.8675265225494315
4.347540203624733
4.122263078792683
3.347879776528704
2.790837263891775
2.906925930436312
3.5171710729975962
4.1426460317037535
4.395310293700859
4.148060396831814
3.54381660402579
2.8176118375424872
2.106179602661269
1.485812710928932
1.0218449624252401
0.6996329885827733
0.4734776704219894
0.3385022876238612
0.2689115597273139
0.23711488053358093
0.25202751282903996
0.29719593861785876
0.3732722920020663
0.49323501277149573
0.633382433847922
0.8101431884165111
0.992496521504847
1.147754726991897
1.260322780901194
1.2601355418913363
1.177903944650452
1.0145122375398852
0.8823642394065141
0.8470811755218034
0.9504297452413666
1.0817562174877955
1.1248827836969721
1.0136787501612112
0.9123545708445877
0.9424027529749939
1.0697814859450017
1.0612001280712446
0.9473539217489935
0.9555135497082659
1.0548609665539488
1.0257423603266203
0.9403579453639478
1.0163003749897934
1.042953696225328
0.9506932561271074
1.0134666654510252
1.027688050506706
0.9585583418899962
1.0343803556668438
0.9850319013895734
0.99239616889835
1.0301566196759118
0.9629927613763194
1.032486284001071
0.9697838998954801
1.0302700103812752
0.9795166310950671
1.0180582048246212
0.9783999899239441
1.0173088378479285
0.9797374599478818
1.0261556585980336
0.9782551006968914
1.0270540509363772
0.9810232545239417
1.010613938163131