9.133145526124906
7.357104315536037
7.147611603028187
7.109997926318541
7.191429015797959
7.317644911719187
7.385737800983097
7.317453057125763
7.130842112590831
6.959604325567148
6.9573531698007
7.13080283871715
7.284640964883124
7.222206938678235
7.026965367388276
6.999981424926193
7.203947500610332
7.29143920150796
7.068395733025581
6.901364131282542
7.0334578025787735
7.032760526721395
6.73823859105962
6.7379310715527465
6.984884615026804
6.838048183680025
6.716469215104095
6.90358288054366
6.657684011507146
6.494843564279517
6.7724723517996726
6.557007650461733
6.5406080029375975
6.594149798723822
6.258337689199803
6.560946666678989
6.343667010103682
6.276444325879981
6.308745182028646
6.119786529435725
6.33824888868614
5.906150373951201
6.227973167435816
5.866950170533421
6.083311731308437
5.713467057320513
6.03743859695214
5.561490680747772
5.9014148452795485
5.489764798064477
5.716953338800446
5.4334859381010165
5.50093533758663
5.432556004409906
5.214495756995516
5.441241841972223
5.024143659787478
5.2112812927482075
5.137942088589562
4.773399175662631
5.154028407856725
4.776240093215888
4.618104108203418
4.949630563360569
4.57791857435298
4.327103571029924
4.734408582691598
4.4829836662752545
4.048341196147298
4.257143647948933
4.5255597488496395
4.0293882616349235
3.673259258019174
3.992210430267533
4.2523892907872485
3.920905351469541
3.333495421050121
3.2815409892579845
3.7381019901609944
4.004415082841487
3.751356873812981
3.1449196993220903
2.629398191173247
2.5984197524754715
3.017447497304312
3.5578835587978874
3.950914092873995
4.0587337011786975
3.83587392528015
3.3521570441013595
2.7561313574379467
2.1725015645264882
1.6572029666563284
1.2264706526374078
0.8872466692722342
0.6393351180918897
0.4710829489792376
0.36428142248569134
0.30258418774576284
0.27538815077399703
0.2772080842521651
0.30606573023701594
0.36236942054849186
0.4475963913438529
0.5621318657183402
0.7026497726895172
0.8599228024015072
1.0177579426856151
1.1535876111895145
1.241571462645643
1.2593778411983505
1.198811625349439
1.0771244531135664
0.9411434928538769
0.8544049729475317
0.8642366975048109
0.96328812930666
1.0783039380345039
1.1145532967200371
1.0397329820373244
0.9309985327809169
0.9092294972314607
0.9980464636442951
1.0768942477797827
1.0338408157376602
0.9397758957665444
0.9525913247165025
1.048077185364765
1.0481865852826129
0.9602092338580529
0.9730424895606248
1.0519859509320104
1.0078181353500524
0.948145670265538
1.0191660447158561
1.0277186539364467
0.961010951832888
1.0178844422041615
1.0248171014917753
0.9586446658849497
1.0214148933315659
1.0057813326024503
0.977894778860673
1.0330701618202314
0.9706121905261254
1.0112231623302135
1.0083313180166096
0.9834789788426462
1.0205134610892943
0.9746698656488337
1.0293591328081768