25.887198442069902
22.25864862513205
21.120002258139177
21.114991130868326
21.864068456811427
21.727636720346272
21.611244620374126
21.75876342480954
21.2650012564727
21.431464492291344
21.105998376644585
21.209147056261354
20.988717661109593
21.12537254181721
20.903972516258072
21.107766824561427
20.87049365158938
20.81743189762889
20.622230602763427
20.197428138650373
20.198942626359138
20.352011604100994
20.157164728075955
19.739250264110186
19.660029622822826
19.829745197746046
19.460661963448104
19.143895994362335
19.217388796601888
18.742646058912406
18.795451986846953
18.530238973415337
18.370968019415866
18.210195597696366
17.988138647358497
17.745958181281235
17.651599104410085
17.183303907326074
17.282998845024828
16.817659555443658
16.66786270929974
16.707924698008707
16.21047171825159
15.867481347669635
15.879141320888511
15.720899658642807
15.26543805763541
14.847965154154878
14.728028329710202
14.673800088862135
14.462097233505476
14.269561113879256
13.94547827496111
13.633482985648612
13.356466131717363
13.056772656742346
12.84029555901038
12.60031307125062
12.402711536069265
12.189020549137695
11.84999573438886
11.469051081014783
10.955612205152763
10.61681274172153
10.618448154319564
10.58671939895175
10.088241353296153
9.500464717958542
9.571237758407841
9.50286115936636
8.685419829385141
8.747997431342434
8.579961394610535
7.8440788618849835
8.255780424368202
7.272730483590045
7.730664083258956
6.734758203439358
7.267252238621182
6.123128650071293
6.773688272918549
5.789416473289884
5.707415683417332
6.097248613465326
4.763962997847332
4.988586633841456
5.665287048466699
4.508410875169561
3.4237854049044625
4.036675864745037
5.196505691586296
5.401228981641662
4.517561010549778
3.1420652662785544
1.9166384280918802
1.0619932406659243
0.5525474873019524
0.2943463543864119
0.18151940823825286
0.16163063680402953
0.20420055788814975
0.3004176637896173
0.4616741864658569
0.6750556589944837
0.9408845851669847
1.174723619989153
1.2999247006990051
1.2241899894870094
0.9892592795941298
0.8323546750805727
0.9309114003859544
1.12126830632805
1.0680768541496526
0.8970885024789759
1.0031166162473915
1.0887881585524262
0.9237487269562067
1.017477899790803
1.0306478382291564
0.9435605687240806
1.064567698933668
0.9424078050269056
1.0581045291268905
0.9501193150481964
1.0517453527822254
0.9572616682113416
1.0306385324861254
0.9915817456322633
0.9761806765707156
1.035803299174522
0.9781419488314117
0.9867507537924256
1.0339457081708041
1.0011869349507014
0.9684734705330124
0.9948093315341078
1.02482109511437
1.0197605748375753
1.0012885457861815
0.9826781031657836
0.9743647365048637
0.9832629220477443
0.9862078945031667
0.9952296281156735
0.9961272457669449
0.9979880239546439
0.9937226951286012
0.9916668777867407
0.9832282632360251
0.9849984298241851
0.985313657083304