21.476117254071344
26.174798171261724
25.260804076883865
25.627736355147064
25.691486570832758
25.131764652028536
25.764841195607428
25.35595194111152
25.03139650901913
25.44616355208908
25.3985216079725
24.917484775970312
24.729874919920157
24.878416726435358
25.001529104143614
24.92368078814919
24.70259869978247
24.446195529703232
24.213853205256306
24.017983176151553
23.8534700052767
23.717152943367527
23.611794112290994
23.53598094079186
23.461573702261177
23.314614142064674
23.008154525656245
22.569408595341553
22.242811298287517
22.244562802145253
22.260392137065654
21.795152059924163
21.35667542974448
21.48784032204454
21.132895938773096
20.645316154090555
20.803449288159822
20.136259744647653
20.186885149464327
19.68763701537263
19.6039181506569
19.111448929346334
19.11885335691885
18.445257859973207
18.580055048075018
17.982831885329126
17.670912359053514
17.703735049368834
17.106743157121898
16.66277506742653
16.660057420138724
16.46515460781739
15.932584516787244
15.406773811763207
15.08355752825343
14.89646305209229
14.720663899386228
14.49545539176103
14.220052651041453
13.913659329188711
13.58925843254074
13.243913005685727
12.858713944740233
12.411167510649458
11.910996627711214
11.450696343270565
11.192137114273786
11.170193937233032
11.0468136808161
10.431941186928423
9.78210486882653
9.85920003901418
9.734466180406187
8.816438361934827
8.93358778111717
8.659173246562842
7.875687050992726
8.293360702301376
7.1424691666613
7.7416620331022425
6.488067869154352
7.164462058114006
6.010111942887873
6.170920916805517
6.213141981493883
4.823481402134214
5.57646126902464
5.675159125599545
4.052698575700983
3.679335773379473
4.912245834736299
5.70684286762741
5.094267957202913
3.6479038675118995
2.210890526004265
1.1863845668046074
0.58920576882672
0.2914826665889812
0.17075768617453016
0.15147892213240144
0.1997211831631259
0.3083077474380736
0.48231868202658457
0.7218712588609061
0.9979792260417365
1.2298398464639597
1.2986040761139412
1.1429620394170545
0.8966409210073022
0.8457465355903137
1.0489758192207974
1.130222849683851
0.9362089282245023
0.942906237490463
1.1005327929436852
0.9471455118467268
0.9973044291502269
1.0447876747161857
0.9418792335488334
1.063022494893353
0.9416848577458194
1.0551178546192814
0.9549674503612573
1.0304065861245495
0.9967223747600734
0.9740202457735421
1.043274602106653
0.9762825700294765
0.9801505954675824
1.0356916878637241
1.0085944292784559
0.967979941491844
0.9830964046727853
1.0184223659132652
1.0302433828249757
1.0176304719095042
0.9986353583123138
0.9849940256610705
0.9785117432150243
0.9766374248335566
0.9768600243423988
0.9782574371635583
0.9815665441701674
0.9885483096320133
1.0002593995455535
1.0138450527760152
1.0202290370421914
1.009652695992807
0.9881491253481425
0.9834973042162988
1.0069179592485864