20.329069133070153
16.81936142639582
16.529411586381112
16.609286048734237
16.83800810910934
16.86951611928714
16.582134903592582
16.37326361844062
16.60300231435899
16.801607283138768
16.52892545280707
16.491937296387164
16.75116211177278
16.384014797121278
16.22918407603788
16.308986104451694
15.955336601847018
16.30913328014374
16.010404080898798
15.988394716455986
15.72151988901136
15.871421335502749
15.633788254270963
15.605508629203372
15.332795083266268
15.548630288018156
15.050644063405715
15.192021889515969
15.074951947686062
14.720232590656211
14.804330619237899
14.715238372738641
14.37623920263957
14.22469187937196
14.340710594829405
14.155548242542956
13.784096246584648
13.62190606434813
13.499585608514387
13.567129903410352
13.442767666375781
13.197843045555231
13.016249517016666
12.749408806725546
12.465722730159655
12.288997040507478
12.135510122427045
11.930216577930294
11.723083240885082
11.573451606907538
11.479816195220248
11.408288800316994
11.318259721489486
11.156131895816047
10.86808549570669
10.472155240894267
10.128498541417182
10.03283186521028
10.09865504288699
9.90711211289588
9.388102596541167
9.185789350475241
9.362396939198284
8.984541078391757
8.5228949747415
8.773659299127461
8.29927526390215
7.961584982601147
8.163688945870733
7.41319865228363
7.804035974369013
7.050622832519065
7.319248804301351
6.627195612116721
6.99746717997106
6.110296366926808
6.662955217498488
5.729466485102217
6.013850356277447
5.85118728320412
4.989677379169328
5.661681165578844
5.245694099532164
4.248925377189232
4.8327041285909775
5.214936815152998
4.197632682627187
3.2383548735256986
3.612669560362132
4.648147577069612
5.133173295966786
4.710919850628534
3.6637919469644
2.5004412924911863
1.5622104040385745
0.9167302597116335
0.5173029686539344
0.29966242572711926
0.20236171415170973
0.1816347363868069
0.21546909117054305
0.29681083904337524
0.4273797184821427
0.6107527902967959
0.8390873170339208
1.076767429923737
1.2543537680035561
1.2912963229809042
1.157272138799961
0.9411369843361592
0.8330695723739043
0.9449502062699173
1.1190497415847673
1.0852994218030036
0.9151831108985155
0.9521642773517301
1.097182608836378
0.9952265431772022
0.9380495140417887
1.072883048551774
0.9715902977114173
0.9778474626797
1.0485232613574997
0.946941700984815
1.0562751818738945
0.9516168154760165
1.0401717978072933
0.9635881161539295
1.0410902939884237
0.956862214194485
1.0409171675739752
0.9712182351210333
1.0094225017802034
1.015673189429806
0.967796166569404
1.027254706334035
1.002647817458939
0.9719508224508163
1.016325140472347
1.0192644285597237
0.983141619410639
0.9807169931108161
1.0096545537999024
1.0250380695097727
1.004455814676258
0.9883783868379113
0.9791567038503693
0.983841806060038
0.9996184417414319
1.0073839760791719
1.0108880756776109