21.824344044791008
18.832876461583005
18.73256951801973
18.692832437309068
18.615092502521907
18.44358656854857
18.171955012098728
17.891604597996764
17.78541898379583
17.96611495612146
18.233262759638443
18.158040588813034
17.72645535343686
17.598516150735648
17.930592173666046
17.80153430591648
17.33892470965379
17.603724325181698
17.5377253037919
17.08596151601957
17.442679471145116
16.97647274798244
17.05942749916198
16.909007558100726
16.725451400864113
16.710596997559414
16.490937048391267
16.380600051217264
16.34916329440484
15.947771899626613
16.19537685544187
15.653750692399118
15.690677681065798
15.692315948219676
15.167725656444535
15.172534545481424
15.244230316940502
14.82545597144055
14.47720774950791
14.500528875400168
14.529338213610911
14.295249569291013
13.910961480919761
13.581674505213783
13.380792813030878
13.265047328049139
13.16733694407505
13.047604287636926
12.895197660763898
12.71366422994872
12.507747115326795
12.27721479354618
12.016729247843143
11.721983378909513
11.403424640894615
11.103227501122795
10.894427272777746
10.826929842394154
10.823490513578756
10.656652028804432
10.197465690609748
9.751472611731023
9.739132172275138
9.796827024401562
9.270428612061952
8.868023710935898
9.099144793933958
8.625434997026774
8.215788510129888
8.483496550386489
7.692500017774031
7.928213958373486
7.404106348535951
7.3383323315494815
7.027066638553712
6.904514679693345
6.468176152608577
6.668085389338199
5.768594191203589
6.402138923369996
5.4628434534809545
5.3789990231970775
5.849272656886061
4.6988968298665075
4.5428936382162455
5.3612406376292405
4.792633151653281
3.519280659243378
3.4424795216090467
4.459247252807066
5.212416658553611
4.960811803203768
3.9367811705115
2.709705630324992
1.675727208702229
0.9612539496816311
0.5307551131797601
0.30055631120013926
0.19747715777210853
0.17483997625308495
0.20982149086321242
0.2961420895086097
0.43621684282214074
0.6316466663149851
0.8699006033750001
1.1089809693128478
1.2721796729201416
1.2763872181211544
1.107063142411682
0.8912995191018257
0.8408660108095135
1.009439878645544
1.141741942100909
1.0166080975451364
0.8901451500344092
1.0305649745255823
1.0780023709651285
0.9216500956228796
1.0186524601831668
1.0446879991689444
0.9329732925660064
1.064869964838909
0.9542007037858228
1.0308824096470028
0.9816885295108487
1.015851840514997
0.983024612914038
1.0255455874744468
0.9658529927216579
1.042151606415831
0.9615346667906798
1.020745546804631
1.0106974614765283
0.9664809314669285
1.0257056513057945
1.012283282887315
0.9688824651269826
0.99966320392703
1.0294088990143364
1.0049221899399976
0.9756563672259694
0.9810840915138498
1.0058839433568947
1.0222617775700127
1.021641988579369
1.010951046246101
0.9991103958476012
0.990644053154801
0.9860998531145746
0.9843884301510345
0.9844305241407819