17.066838038123308
13.620093983601109
14.285531008565348
14.22965314162524
14.236635394289916
14.085927033733642
13.837888540139732
14.454566050335673
13.978092856399279
14.171618832622999
13.680346327615535
14.05504641534591
13.759249678034596
14.136247616294336
13.787586464805013
13.92649900376808
13.77822363060442
13.538818051509296
13.736574012254506
13.408164687973242
13.353566181208514
13.51341801917293
13.240000137381227
13.098010518749618
13.270672598501367
13.223004417135266
12.925900176691377
12.757572676061608
12.775437595242119
12.76074079483884
12.617779417798229
12.428198930350812
12.260798439926546
12.102631076053038
11.968794946940122
11.93358099151599
11.951595783719457
11.855878182058825
11.69661692372202
11.640316781537264
11.52657555737598
11.31277302442751
11.212768617152225
11.008062477733239
10.764131363106332
10.602358414509501
10.336292531155088
10.282120315836726
10.20363182685436
10.26535524527009
10.109182102645853
9.83989842183575
9.437961292683472
9.415239628738812
9.469025779358306
9.308942724562886
8.825361419204029
8.786921868808376
8.932291977064358
8.389426683514571
8.25379325290717
8.446232046262635
7.818201964101395
7.9190281498678505
7.764543226282886
7.367710810046502
7.5855116319172815
6.89151584171263
7.292098875651112
6.554809851548508
6.994312967018309
6.196740568921306
6.602695591360563
5.940789491430183
6.0060587304278625
5.9808071218033145
5.251541672411805
5.837175015110784
5.227268364340793
4.751767476395771
5.403513458266796
4.893838463208243
4.037568329882176
4.499622360450379
4.991942727649549
4.251879087492896
3.239398265588472
3.2209148632229136
4.06588510232531
4.807215487232752
4.820175185953322
4.149695329251818
3.14920067574889
2.1525803169650666
1.3669398511273072
0.8365409185943531
0.5004928029753298
0.30758347757767934
0.22112300783143166
0.19553573658165588
0.22060870965117665
0.2954805462222014
0.4077122028297633
0.5753552287143379
0.7804717285376184
0.9979809024898212
1.1969085242666069
1.2825052583342968
1.2385081405834142
1.0558230238472752
0.8795815853868741
0.8465061967594886
1.000114054569869
1.1276949227775526
1.0634799941617836
0.9045953282306444
0.9571969163019401
1.0904635975895962
1.006063682933568
0.9281144192666302
1.0507066989671765
1.0164867424616502
0.9448724448989619
1.0581564970270176
0.9688226150235673
0.9983409761723729
1.0301736873501985
0.9619568665321131
1.039974609566473
0.9561181361318362
1.0434562953544244
0.9645487314866966
1.0376715919233834
0.9706281377180437
1.0168995553318805
0.9938079957127228
0.9830993678114082
1.0259417056905238
0.9708741394948316
1.0083375818548412
1.0158849343918603
0.9731496260848373
1.003497470589754
1.0201879701935388
0.9839614631853925
0.9795346277276308
1.0108412312608317
1.0184567313565802
0.9969582134305811
0.9827466918457569
0.9906811126221151