26.644721679979295
23.53852247122666
23.343616970332974
23.410563973453456
23.702500347171593
23.442586195562086
23.08212353199243
23.337996562105523
23.521963701090968
23.282658265712943
23.295467268163737
22.81777545079315
22.806177407627104
22.815987158909582
22.548235707544386
22.503123127405022
22.541727292800477
22.367976677194847
22.102354795719464
21.941729367920313
21.911022036866218
21.94602703431711
21.963070457492087
21.845066075436236
21.52080667111477
21.15685195676281
21.06115277360858
21.106064319144167
20.791044788072984
20.425390948091735
20.508688127358006
20.190134507008136
19.790554442914228
19.823553823493448
19.271030122984058
19.40050896027006
18.950487539902845
18.919426052489708
18.35977888813193
18.49363095307015
17.919006107623993
17.88892847227046
17.578945788391724
17.155796909226925
17.176452280162742
16.81262326043645
16.279102119097214
16.29529759393083
16.10922494913807
15.736391961209849
15.21105180048485
14.934000794115791
14.789925755456782
14.597948857185099
14.4471408158142
14.182282753092103
13.85715721888569
13.592251349262998
13.329963519766919
13.020218718113027
12.68518458893242
12.323664010916257
11.900720378896777
11.435525132454293
11.066102945065317
10.945476220727251
10.945346909444742
10.61100249946065
9.909962296182925
9.656628887363615
9.828547719268657
9.188155904332902
8.703916614241287
8.986477743171822
8.057421100792869
8.183957302629198
7.7460599499132545
7.438472234831202
7.283584300410115
6.88660421902052
6.5259112464790086
6.7060087719231145
5.554089895899547
6.372335882351701
5.438417817397275
4.754054602210771
5.751229734503095
5.113341450315728
3.6631831280013483
3.8201831162062017
5.092599609029862
5.573307296506531
4.803403327345013
3.390891448479748
2.0497464834811634
1.119330326278369
0.5724750569246485
0.2905973869251618
0.1739434638372067
0.15522443203568415
0.20222056965025012
0.3063032861141393
0.4705069351481099
0.6976403566286002
0.9669288353729663
1.2077738003885734
1.3068438617239653
1.1883563674297581
0.9423868237028702
0.8306056828255177
0.9912620642126548
1.144568147350086
1.0017087457595972
0.8989228557084495
1.0752572056868364
1.0263062117256614
0.9293454117978107
1.077670235596736
0.9441389989989287
1.0292114700739334
0.9885052916195042
1.0113588656128838
0.9887659050547187
1.0187257969711778
0.9695639070960926
1.0441645751823618
0.9578376211503621
1.019356372562222
1.0186048104292318
0.9643355127424785
1.0087512547831583
1.0303822819865207
0.9878112525567843
0.9705926491431136
1.0004103013963488
1.0269992269695263
1.0204607405758899
1.0064330282588663
0.986187711317703
0.9779059156902064
0.979648057827268
0.9778902453276415
0.97731702407315
0.9806031215114368
0.982513829366914
0.9825985902844323
0.9861133329460843
0.9965177580472021
1.0103460553532508
1.0170105485389007
1.0072901464763342