2.3612376119130447
2.3531927120131546
2.3293966336864798
2.290842196137149
2.2391093259465835
2.1762598571083203
2.10470347806288
2.0270465130194797
1.9459365346047448
1.8639158720743862
1.7832959040895342
1.7060617910089504
1.633813660519076
1.567747987795603
1.508676019071545
1.4570765972183624
1.413172479565398
1.3770215361272478
1.3486108934492325
1.3279408475943872
1.315090080207226
1.3102524115561813
1.3137411623818287
1.3259596408928347
1.347340580339108
1.3782609640909151
1.418941722298217
1.4693438925154918
1.5290737768069105
1.5973092827360176
1.6727580272590028
1.7536549848954193
1.8378038453078849
1.922662238037071
2.0054660083452855
2.0833844255667953
2.1536946460133373
2.2139606214120082
2.262201577942803
2.2970348127223668
2.317779478167276
2.3245109823351315
2.3180596554220867
2.299952038482213
2.272298120604722
2.237632634931207
2.198722682320675
2.1583570958242113
2.119134664718024
2.083269472534693
2.052428499377441
2.027615015028804
2.0091110549904787
1.996478612964912
1.9886222753322484
1.9839081409926875
1.9803263418690429
1.975684761134845
1.967815689666139
1.9547775845549868
1.935034097115235
1.9075944664325777
1.8721034832638392
1.8288726778733644
1.7788509033628601
1.723537224672215
1.6648445022134282
1.60492686930199
1.5459865208526962
1.4900787460595035
1.4389331905496041
1.3938076392448449
1.3553877104721408
1.3237428071810842
1.2983403803731202
1.2781182058772704
1.261606311254805
1.2470865880569608
1.2327740282520334
1.2170014158405562
1.1983889288518725
1.1759816106688181
1.149340691998681
1.1185800345182337
1.0843435223224387
1.0477265158828606
1.0101497094115202
0.9731988329787923
0.9384481128746648
0.9072860307315735
0.8807632320430178
0.859479401610896
0.8435214508179468
0.8324608784567554
0.8254103167822482
0.821133185648188
0.8181939032038797
0.8151311932747859
0.8106340207250221
0.8036990322896342
0.7937502455178242
0.7807059811962993
0.7649842467957385
0.7474452581487467
0.7292776774316588
0.7118423259059098
0.6964931434315758
0.6843981145376962
0.6763839089769762
0.672825061440493
0.6735932665618903
0.6780746244414873
0.6852536496687551
0.6938536663315473
0.7025151173778192
0.7099874961061629
0.7153079849972297
0.7179409863084132
0.7178575709121455
0.7155419382282164
0.7119222518543792
0.7082342895158715
0.7058366200068208
0.7060038895806366
0.7097290661894855
0.7175650236567852
0.7295309964536109
0.7451001053259143
0.763272095773695
0.7827221059128929
0.8020038569631143
0.8197761533593386
0.8350166839487564
0.8471878719529794
0.8563261030847802
0.8630372854345764
0.868396686487242
0.8737670060902641
0.8805630160191676
0.8900012818126424
0.9028775051214433
0.9194108369757314
0.9391843866879594
0.961195245424868
0.984008630221231
1.0059918882643712
1.025588933804176
1.041586905985341
1.0533264780168348
1.0608158000432852
1.0647243983625188