0.6075850970283403
0.6230288759142044
0.6696725679966306
0.748189248874649
0.8588928370641083
1.0007610388102406
1.170477939702042
1.361783425101578
1.5653562940490084
1.7693400290195638
1.9604762386472776
2.125664004309946
2.253665774798631
2.3366365029146463
2.371180115694436
2.3587347314906437
2.305220497382029
2.220030528001805
2.1145690131989516
2.000617784629476
1.8888206986255578
1.7875376908812197
1.7022071387153999
1.6352638829630999
1.5865196783446465
1.5538573628525263
1.534044971150234
1.5234922152461943
1.5188274679916183
1.5172464840129567
1.5166560075680209
1.5156842456177957
1.5136484444046108
1.510547200406023
1.5071020733314633
1.504824071429063
1.5060326733338358
1.5137443708270255
1.5313664006204453
1.5621814405098964
1.608677912026847
1.6718468121309809
1.7506091392301095
1.8415410004000152
1.939021270474029
2.0358440427007336
2.1242300946243335
2.1970727979771696
2.2491743871332424
2.2782108457715067
2.285195613727152
2.2743104759097883
2.252101653081965
2.226180479022797
2.2036857221059454
2.189826276704307
2.1868211063443415
2.1934732900945586
2.205479069028018
2.2164156052738817
2.2191962035808754
2.207674311232771
2.178041072082339
2.129704129033271
2.065450539060367
1.990858024595792
1.9130900397654704
1.839350029171506
1.775348932020857
1.7241359740481617
1.6855564076198943
1.656452404151104
1.6315512465486834
1.6048211247926498
1.5709680874198308
1.5267166108160577
1.471571545839423
1.4078870511852892
1.3402380999337107
1.274258834499759
1.2152464188796812
1.1668753749515752
1.1303469854404045
1.1041788616614325
1.0846791348376064
1.0669740436004957
1.046316056663917
1.0193284585413327
0.984860640075905
0.9442324077271727
0.9008090391511859
0.859028679332603
0.823152324856369
0.7960821625277196
0.7785761097116201
0.7690763532647823
0.7641978213699392
0.7597351078570055
0.7518966684655278
0.7384069940364603
0.7191528292775752
0.6961808292106508
0.6730452089026492
0.6536997739499291
0.641269909709364
0.637082468262836
0.6402578411544274
0.6479982427806137
0.6564888464814264
0.6621311294173051
0.6627144573490384
0.6581425819875774
0.6504680319146036
0.6432099684189397
0.6401694407364497
0.6441321016722342
0.6558975017738239
0.6739767780444232
0.6950797899080841
0.715241795256224
0.7312096358625534
0.7416019787740584
0.747421320822369
0.7517133305994795
0.7584709390585467
0.7711607009144698
0.7914029080475773
0.8183011187049021
0.848693477137614
0.8782619875872982
0.9031074878771305
0.9212039093987894
0.93316773206779
0.9420208775268714
0.9520052075291343
0.966882337843548
0.9883743359872105
1.0153717325458138
1.0442528496586931
1.0702231826168744
1.0891647859742477
1.0992564884297937
1.101691564819862
1.1001687363553547
1.099333497470461
1.1027957573013747
1.1115525050188595
1.123500814669288
1.1342812016288946
1.1391227378996596
1.1349126921485309