0.7563060285598506
0.8234178160858725
1.0264678256434023
1.3582984871287935
1.7785840419971652
2.2040942978231057
2.530140116395581
2.6743631514799264
2.6148134293240948
2.397339214487682
2.1094680890224353
1.840365577031763
1.651631163923577
1.5701288391925283
1.5958106058747015
1.710401305620998
1.880339676147046
2.059187412661528
2.1978861939008105
2.2628274095771532
2.2509135547652743
2.1892796833659127
2.117697778228952
2.0649909571497824
2.0352608170531115
2.0117194407352392
1.972754370099567
1.9076382199936952
1.8226724275927633
1.737542119076375
1.6775071404609887
1.6659377695691446
1.7174334904768682
1.8306448198958978
1.9834024285942375
2.1359397429775346
2.245185809465411
2.2847050012716066
2.2580140110346463
2.1950921968636323
2.1329244682352164
2.092623695239702
2.068458870915961
2.0354864673559194
1.9693180237356758
1.864001979177854
1.7369860885193091
1.6199486396651517
1.542857173821126
1.5206397417092088
1.5482252349129857
1.6047852266616625
1.6647110912254792
1.710885595454805
1.744173457474566
1.7830070299931642
1.8510457687899269
1.9588717436657754
2.0921734234624667
2.2169644620469255
2.3007917721698776
2.3354121925913307
2.342820929640071
2.357984255580368
2.400442899009517
2.4574655220602795
2.4934099522298094
2.47863131731096
2.4143028499360306
2.33205619417372
2.2682624053047853
2.2345401430799092
2.2096227590186053
2.159421785785777
2.0676706491536274
1.950411945707735
1.8420007739038007
1.7655121406408536
1.7139912372308073
1.6588092934525778
1.576821933654846
1.4713767208455313
1.368466486873311
1.2924458125040483
1.2442602653040562
1.2021161753097227
1.1431011268600872
1.0647791904302168
0.9864737491682967
0.9298125270272841
0.897904958709345
0.8732629255737068
0.8358274980239039
0.7827628932683434
0.730398016648426
0.6969244350904031
0.683818478818811
0.6749065148440795
0.6536238486837256
0.6202137875222947
0.5908778019019045
0.5800409654893537
0.5848438407735931
0.5885449578848833
0.5790420753493118
0.5621560284927298
0.5549406607471713
0.5663859722937707
0.5871818750696897
0.6003193158424269
0.6006844936865161
0.6011079742815958
0.6174808831520293
0.6499216666057662
0.6822378208996077
0.7009047468661859
0.7113537713544413
0.7316983384623155
0.7706932029369233
0.8163988646338128
0.85001735964448
0.8687283696228522
0.889303817973221
0.9271202988569336
0.9761048769706558
1.0152067131608553
1.03422348611585
1.0465257257922393
1.0716992440988287
1.1095682090910166
1.1392990519110973
1.145652648375624
1.1385621674860034
1.139825154651596
1.1538396085496503
1.1613935694683308
1.145460122882054
1.1145190310102302
1.091405513014862
1.0825742850638846
1.0702529057916368
1.0386975660884497
0.9977730305386405
0.9702457205130819
0.960701100573515
0.9508439293776035
0.9281117636598525
0.9056104679085957
0.9035832607658921
0.9197010272904199
0.9328622230577825