2.177150920675716
2.138884356348837
2.0754003675377057
2.073729602376096
2.1457125815658835
2.218942773514214
2.234049131124245
2.2135071749966633
2.216699918220646
2.2528334422439285
2.2687639484315474
2.2167192524994106
2.1071743403865013
1.9921403271067006
1.9218606576243424
1.9297136097113985
2.0332751671889198
2.2153841082937236
2.4024731652321862
2.4908013365093225
2.4187372859731906
2.2168947901065312
1.985513159768738
1.8265127470362759
1.7926216525911245
1.8773581353718702
2.0282007529386488
2.171176495982187
2.2498837736943202
2.2617424506419623
2.252989780700862
2.265818354779666
2.2892123131244793
2.2686354415585988
2.1647684887213967
1.9980510038882509
1.837320159120817
1.7514450162373192
1.7682901306099428
1.8639836104702503
1.9812597143221529
2.0678225553108
2.1142706404950355
2.1576415817613612
2.2366231916874955
2.337987601929775
2.3963842724657076
2.356320579050031
2.230599321940205
2.0887903729727038
1.9889013147827765
1.9283978613312518
1.863160446804817
1.7654801022432052
1.6573810060899326
1.5909317312101618
1.6007209851857225
1.673248632726607
1.7596049606987907
1.8217484946644553
1.870239118186885
1.9509688581096118
2.0872216221835522
2.241054842327492
2.3476337658787028
2.389262089527381
2.415944156522988
2.4789013054517643
2.5594099844003457
2.589866250119353
2.543366773846427
2.4710456417229483
2.433712748725647
2.4206162667664817
2.368262524953724
2.252614784720565
2.124319503954398
2.0381480119281834
1.9789009754159943
1.8890979711313083
1.7553608452540617
1.6272800822698437
1.5444215013504368
1.4814379095873833
1.390410145843661
1.273501207525234
1.1772402687037706
1.1210908477376889
1.0705822607847904
0.9930789791738178
0.9072745798867344
0.8511744310118801
0.8220953100203853
0.7832395302929165
0.7233504025074522
0.6728180206411631
0.652492883718073
0.6402597116614587
0.6089613715604956
0.5711261465012124
0.5563102988532181
0.5606424972184032
0.5542681851950719
0.5330556277833839
0.5251207107616859
0.5411299479588633
0.5555643729158756
0.5522098206542224
0.5532459628100401
0.5793026355656857
0.6116795700059264
0.6259360779662584
0.6368970346574598
0.6717887651142314
0.7191681871644471
0.7488825132610704
0.7681818122562464
0.8085731683498835
0.8654608478850704
0.9047035373695709
0.9265137216734007
0.9650169480472084
1.0213878764358368
1.0589122482868072
1.0724119348198102
1.0976334700274595
1.1396870207629448
1.160633887115821
1.15309427502795
1.1542118547677074
1.1703565498620343
1.1637647805399538
1.1295115816225725
1.1061522118173328
1.097547984629231
1.0675515878478796
1.0187336550802395
0.9896046587202304
0.9763087179819951
0.9458436360800911
0.9116709860730604
0.9072323686096821
0.9152443222475805
0.9084968335697453
0.9113888029277525
0.9439427384001484
0.9737101929170568
0.9855170090913421
1.011295554124769
1.0507272436949373
1.0651518006126697