4.61729250882499
3.6147980519056935
3.7137908357717775
3.7593255740315152
3.6615442511298846
3.7309381076398727
3.7598967930416305
3.5887532627139818
3.889495338799196
3.4892249728446725
3.8766539664157302
3.579555653992762
3.681427977667521
3.766536765154279
3.541899031415741
3.747812314275538
3.6848088996454282
3.502689430277494
3.8520621675342035
3.4609588922040335
3.679404270535847
3.66380402259502
3.53684296925632
3.5652662478092294
3.72467131177791
3.417351976774234
3.5877186727598005
3.68988127248219
3.3507821356805816
3.5858142473025243
3.5935939762540334
3.4119756340047434
3.425243079089273
3.5822183190061674
3.4712793482565716
3.2571138809879585
3.533136947058765
3.5185070489938335
3.2174872449650795
3.3462671721921886
3.4837939231919655
3.355479076018269
3.18973633253544
3.2387155078119245
3.4467784331976334
3.318852803056972
3.037236074531165
3.1650671371066683
3.378834465045444
3.251569184335664
3.0301187683932294
2.992319601054868
3.1406329189873876
3.2797157192542823
3.1436982497434793
2.8530322742957077
2.8245951147276025
3.067417472234257
3.1947298216215096
3.049638103732002
2.809157730442443
2.668976362764568
2.7223972402173287
2.932438706553891
3.092338745640998
2.999096096812954
2.703102935925264
2.4537576144995397
2.420311099741392
2.571303503272771
2.7803650556125357
2.9338182563110364
2.947179538751251
2.780696700120574
2.4831989604636635
2.1859056654452766
2.0196853480850665
2.0349118155359047
2.1962310316962994
2.433852854262062
2.687072567972617
2.9108931929091026
3.0659538339234786
3.1187600723751743
3.0540714102140307
2.8834925297561758
2.639711703635621
2.3609002370656627
2.0769265890038793
1.8046135403288015
1.5509800999235432
1.318982884606628
1.1112591299787153
0.930752194173484
0.7795791267072126
0.6579391268309753
0.5639799144732593
0.4945231018012942
0.446070794754949
0.4155873611483288
0.4008617687402788
0.40051982808727343
0.41385603366869794
0.4406200198713571
0.48080641019477355
0.5344278183748263
0.6012281034786282
0.6803132930200753
0.769722714716086
0.8660140881394153
0.9639802421623602
1.056642762361458
1.1356703780178126
1.1923346744179157
1.2190263913123767
1.2111986306719942
1.1693826183472722
1.1006783572693069
1.0189511937167468
0.9430105288112343
0.8924602047785125
0.8817558080299406
0.9141362902159026
0.978060274731677
1.04886672658875
1.0969296255892422
1.1005120355654325
1.057899383337097
0.9914397639716512
0.938304488167732
0.9298371287451258
0.9703583303180409
1.0307603785529103
1.065890683123192
1.0478775045395385
0.9909856051228096
0.9437075138353943
0.9479954676449863
0.9985499164978905
1.0441178986089128
1.0378153916817305
0.9892123409986099
0.9572642672927938
0.9822419295549941
1.0331320972255273
1.0429871477584418
0.997657012107109
0.9593907911698183
0.9808989833779899
1.0261077127480849
1.0235794821885955