4.564777288535837
3.987972979292663
4.07056860677364
4.058677144337343
3.975130350760196
4.143875686253676
3.8689885963779167
4.23515770808936
3.7691536684073275
4.296310515558907
3.722807203240766
4.2713010638839455
3.784070616911455
4.121501798806902
3.957710523936508
3.892676153769115
4.1384265059248335
3.741658453624496
4.148766366745541
3.813438215947215
3.9384354365110403
4.017552613058828
3.7383483113353875
4.048949153732012
3.8054499955545804
3.828999386778424
3.974821404720886
3.7088562576555644
3.8852319598470557
3.850677922949385
3.685330071438924
3.872559369519384
3.7490956526535077
3.666303872827363
3.8268922451778744
3.6750079371805806
3.6211914355635697
3.775318591151595
3.62546864367086
3.5398502162899788
3.7134495798046356
3.6163308327918333
3.4372891995902304
3.5928833901024504
3.647789290241961
3.3997343346900633
3.377065107984178
3.5935303007482142
3.5164348085827397
3.24634067743077
3.29475235067924
3.5253011116690844
3.440936075406655
3.1426184730558897
3.1200412361260077
3.3716814210361292
3.4341311731933675
3.1605569307610764
2.927067576974142
3.0360445429258722
3.293172791897484
3.31313608046557
3.034455493278007
2.763576295693594
2.779153987448174
3.0261797694400654
3.211624618734192
3.1237260125766797
2.8203987015425094
2.543303967839264
2.492838028107659
2.678337882239974
2.939236039997202
3.079433987713646
2.9959945935751304
2.7235192351625406
2.391919607619461
2.145465156723331
2.075459502101307
2.1937947162658356
2.4456890582338295
2.7433697428753976
3.0008113195879957
3.1570108088859605
3.1844355727618665
3.0856848426372356
2.8838857954079753
2.611862028716458
2.303263959966851
1.9869145213108501
1.6842507272439384
1.4090604255679269
1.168567888591183
0.9650777288886512
0.7976480461262999
0.6635109426331166
0.559140182813145
0.48097478045004993
0.42585790175893384
0.39126246740247617
0.37536556436246726
0.3770155149622589
0.395615765461947
0.43093304478829025
0.48282638431355773
0.5508912094675156
0.634021765191365
0.7299185419967122
0.8346064930103908
0.9420816809375938
1.0442575103885874
1.1314144812273665
1.1933354737828494
1.2211930640086133
1.210019573229394
1.1612478703759952
1.0844462462470004
0.9971568965702173
0.9219193164638495
0.8803182527824507
0.8852437095691755
0.9341143333708932
1.006779470950305
1.0711344808433156
1.096480437712276
1.069870242483797
1.0064518394788564
0.9448052214111886
0.9252417325622949
0.9614715625334942
1.0260721429458117
1.0666496050803314
1.047801733304974
0.9864386531968734
0.9424081864494199
0.961627937102904
1.0233553788693466
1.056069107609096
1.0195042484757144
0.9603617475432057
0.9582915701034341
1.0161043375363106
1.0483513243752862
1.0056595475687193
0.9569780437615665
0.9831002308877621
1.0376426424720366
1.022768374461482
0.9676997420241928
0.97832281417164
1.0313916292333132