2.587327801613779
5.229188077630604
3.791426166862055
4.796013538424597
4.1808747334826375
4.368705858702017
4.519484789506409
4.157406345735071
4.551783173220386
4.252676074141241
4.38170111636007
4.3258639952025755
4.41257678187816
4.159305448446339
4.539759644606295
4.13563693903988
4.381784381823994
4.280943004719393
4.305038855005584
4.184644920247942
4.340460190946998
4.261699242727108
4.1036253752109735
4.366339101832214
4.107136517875065
4.268948876516477
4.04033061324875
4.278938300551157
4.149607996227911
3.989650310336379
4.233384312783172
4.000463348545202
4.150224037722214
4.01976059854838
3.8992762836778128
4.187129018708921
3.929596301646395
3.904246046441096
4.034910844473969
3.783984014976849
3.938379429363269
4.0224757172710115
3.6933370862079573
3.7905869358561253
3.911594229995303
3.651308836054266
3.721322163589269
3.905528383705058
3.632679376448811
3.4866169607426185
3.7227300473569076
3.6830538667683186
3.40756236220891
3.495010174805801
3.7193728212125743
3.5461826355665034
3.2575774451101474
3.3446000200705805
3.557656788941436
3.425773782697228
3.111921150851431
3.089144511239608
3.3460936072903102
3.4423135844283297
3.193763772621831
2.9063458538697726
2.9209856942417427
3.1802129742222536
3.3385581355765765
3.18177215975609
2.837288925462142
2.606876534624744
2.666357804727806
2.9320781739062474
3.1648035635900236
3.1694700235211966
2.920519686349897
2.549190570540508
2.2407456225446882
2.1283250817251984
2.2413795270474104
2.5164057509191307
2.8437515710683554
3.1175277951368634
3.267382668376079
3.2671479675200104
3.1267214447407734
2.877257214671375
2.5576308138862722
2.2056857034209165
1.8539200009702268
1.5275514814698141
1.2432864805517596
1.0085465501588233
0.8220286283862611
0.6764125660680524
0.5628135095097556
0.4750994183282349
0.4116994089965181
0.3737978339160081
0.36139402417931105
0.3707647716738047
0.39617989997381553
0.4348381026135024
0.48987133876171346
0.5668026300545602
0.6655622427869431
0.7768428990928675
0.8885236054478902
0.9950448775860261
1.0957569071754676
1.181773016517739
1.2311554582241775
1.2261435059987136
1.1727133312805031
1.093103969436258
1.0035659742518512
0.9175416192830431
0.8660300309795071
0.8813932154464575
0.9535928682940691
1.0350996839054987
1.0895055280346841
1.0982661232025792
1.0460282855149443
0.9596885431018993
0.9161812307917064
0.9495861281771736
1.015891956899641
1.0640919758829823
1.0560542748044297
0.9854800638772788
0.9355619446238368
0.972820101899814
1.0348373252341379
1.0481637356189348
1.0034174072082602
0.9502548754306248
0.9786187727441638
1.0425423001855747
1.0267445379668707
0.9744257010287692
0.9683791862804022
1.0196735404197346
1.0361856980087207
0.9743454867329492
0.9756037648935189
1.025770394652467
1.017148626711734
0.9735025098870974
0.9905846579916658