6.718548897226206
4.118360053394696
5.01303213672114
4.932526581326741
4.364289740642198
5.0594320126286
4.741126863823447
4.502407235968314
4.989758088667142
4.633845465985988
4.7347228309851515
4.6497375310911755
4.802303173747007
4.74441295033602
4.492531353421688
4.844907029202402
4.6043765674721895
4.768184705875296
4.43576387563963
4.770035039711268
4.569494587476127
4.725854088562528
4.416522461175132
4.640571595696867
4.474574416414258
4.716309201679324
4.40008249127504
4.587880471438304
4.298046003318023
4.588998400074728
4.3697436291148
4.543416393145989
4.380348316828181
4.319179970292544
4.393653649261642
4.162875370761336
4.4374328601896265
4.194404394201737
4.316028346423395
4.331926827110433
4.081374445680449
4.312284838577712
4.072770057838977
4.01617842342373
4.202483711295948
3.899642706202321
3.9775407431558985
4.114172982485101
3.804244196210497
3.8994823359106623
4.052177251839313
3.741786212478555
3.7441852429220974
3.9753977350635186
3.740778504323322
3.541162835331667
3.7815144376201903
3.8034664114539942
3.4607836912872725
3.418413358045817
3.681783951308617
3.627870109647481
3.275448399807063
3.2049623261686033
3.4746199494336945
3.5642298803351475
3.2702134422720945
2.9908775903489317
3.08590560636939
3.3781047733927645
3.436684466952443
3.1349819787354978
2.7611737708441915
2.657511019677277
2.879216726879872
3.189747752214263
3.297834193561262
3.087373810528314
2.6782137712139082
2.309331647170862
2.1690753810949994
2.3054204420363105
2.6340161334276986
2.9996954081065774
3.2662536951892434
3.3783207960797834
3.3338213652240083
3.1317364046853298
2.795057550280977
2.4018183411795166
2.0241523950888105
1.6711367294077317
1.3401912944692278
1.063217113514432
0.8546798669003365
0.6867011334700689
0.5492008034556061
0.45822495006236813
0.4020287950531532
0.3602973826125013
0.3456790524523825
0.3607880785217407
0.38603234649539686
0.4323931401732737
0.5096587505955058
0.5948614948810316
0.696661678507877
0.8247652378463972
0.9432965907629277
1.056063432398746
1.1640204320726832
1.2178013621304395
1.230593425963418
1.202271852806587
1.1090085677149717
1.0100230841712454
0.9177110770508582
0.8628476809205321
0.8895726393146242
0.9541997618998239
1.0522267813239905
1.1047898433717334
1.0854426479983201
1.0162028001508052
0.9307677767867406
0.9257999188542304
0.9760642286970079
1.060122751080986
1.0641626839114167
1.008453781773065
0.9401366793246279
0.9607466299043208
1.02668769790667
1.057282733297888
0.9961846115987203
0.9526865973172359
0.9844962553809475
1.0484614648424442
1.0143488195637715
0.9648421619343156
0.9806111788711257
1.0424280145809135
1.0055605105359944
0.9638958079405842
1.0064137395929498
1.0302060907908426
0.9835006447923973
0.9779087463825495
1.0334784207002756
0.9955491479577708
0.9730601296816608