1.3195240800473342
1.3195136683301485
1.3194824278941797
1.3194303428903018
1.3193573869170199
1.3192635230410392
1.319148703826084
1.3190128713699574
1.3188559573498717
1.3186778830760546
1.3184785595536577
1.3182578875529851
1.318015757688065
1.3177520505035965
1.3174666365702983
1.3171593765886884
1.3168301215013352
1.3164787126136097
1.3161049817229833
1.3157087512569032
1.315289834419295
1.3148480353457312
1.314383149267309
1.313894962683287
1.3133832535425205
1.3128477914337495
1.3122883377847825
1.311704646070619
1.3110964620305718
1.31046352389442
1.3098055626176457
1.3091223021258067
1.3084134595680756
1.3076787455800023
1.306917864555524
1.3061305149282836
1.3053163894622681
1.3044751755518227
1.3036065555310565
1.3027102069926697
1.301785803116234
1.3008330130059296
1.2998515020377712
1.2988409322163132
1.2978009625408558
1.2967312493811367
1.2956314468625105
1.2945012072605941
1.2933401814053562
1.292148019094632
1.2909243695170118
1.2896688816840711
1.2883812048718792
1.2870609890717266
1.285707885450005
1.2843215468171394
1.282901628105504
1.2814477868561944
1.2799596837145557
1.2784369829343296
1.276879352890291
1.2752864665992105
1.2736580022489816
1.271993643735741
1.270293081208771
1.2685560116229924
1.2667821392988197
1.2649711764891352
1.2631228439531335
1.2612368715367652
1.2593129987594918
1.2573509754070467
1.2553505621298826
1.2533115310469665
1.2512336663545636
1.2491167649396338
1.246960636997451
1.2447651066530219
1.2425300125858834
1.2402552086578167
1.2379405645430124
1.2355859773061106
1.233191328046259
1.230756548823253
1.2282815788938866
1.2257663764969322
1.2232109194869236
1.2206152059665103
1.217979254916737
1.2153031068245943
1.2125868243071622
1.2098304927316361
1.2070342208305331
1.2041981413113114
1.20132241145966
1.1984072137356683
1.1954527563620718
1.1924592739037523
1.1894270278376526
1.1863563071122374
1.1832474286956363
1.18010073811155
1.176916609962027
1.1736954484361577
1.1704376878037595
1.1671437928930695
1.16381425955148
1.16044961508832
1.1570504186986774
1.153617261867246
1.150150768751166
1.1466515965408262
1.1431204357975748
1.1395580107672838
1.1359650796687129
1.1323424349555966
1.1286909035513915
1.1250113470556091
1.1213046619206586
1.1175717795981337
1.11381366665346
1.1100313248478542
1.1062257911865194
1.102398137932031
1.0985494725818714
1.0946809378090765
1.0907937113649755
1.0868890059430298
1.0829680690027719
1.0790321825528928
1.0750826628925219
1.0711208603097906
1.0671481587367815
1.063165975359997
1.0591757601855216
1.0551789955580824
1.0511771956332259
1.047171905801921
1.0431647020668773
1.039157190369955
1.0351510058700797
1.0311478121711128
1.027149300499193
1.0231571888291155
1.0191732209593747
1.0151991655355468
1.0112368150217728
1.0072879846201392
1.0033545111378526
0.9994382518021478
0.9955410830229672