3.148294318078029
5.913690453162116
5.393229587501122
4.716204566553989
5.172359869888622
5.454263482216574
5.0575279654387435
5.086527634989497
5.169138779279293
5.037643394179881
5.309814926563369
5.195265660898426
4.870060790132041
5.160927174706403
5.093608016744303
5.101997747631307
5.241992166980942
4.8840867409132676
5.062664590838535
4.930825244968585
4.979517645697973
5.122834252818354
4.922530029694381
5.133184911137959
4.810615845020682
5.012721213585741
4.732558760199477
4.918484608366285
4.718607775026928
4.883364597538722
4.718584703482999
4.873378970292489
4.68885682883952
4.86437607667665
4.623799947759361
4.846037099741876
4.547586605103488
4.798108629721812
4.504454627545194
4.683505413591913
4.534263262077281
4.489741774738894
4.604041833172553
4.308568574558507
4.557816796696303
4.304988953535445
4.290521807977799
4.418379008453867
4.076613473766922
4.264953148763463
4.2229907328354415
3.9508530551987837
4.21723808741887
4.122808200012525
3.8656413151658557
4.120292751270777
4.04983225678218
3.6970535620164524
3.856458830479343
3.9878319251710583
3.655827908914786
3.5794886196059323
3.8673733875591894
3.777825702813737
3.3798928969971054
3.3746984545334566
3.695105541001041
3.674878767649354
3.262877759999345
3.062464330271993
3.314368553038863
3.5788756036259204
3.410166337598358
2.9731631219975263
2.749075290304723
2.9200747806893275
3.2399820269493933
3.382271879703179
3.2091568023499373
2.776036787508943
2.3633262996744104
2.2401646183558013
2.417354769212083
2.758963660624727
3.1576793089140316
3.4345647431250184
3.4730020978849065
3.3532326821605336
3.0457999789776524
2.639671012339609
2.2313613717373433
1.8002925905509921
1.4457105249600166
1.1328947126771567
0.8816602135018616
0.6973763856109009
0.5455530324053287
0.4536029954580092
0.37911239190433926
0.34895954610277546
0.3322232817316113
0.3492305889768566
0.3809950671340273
0.4414374277112586
0.5198774366387287
0.6217592951157347
0.7410916049460686
0.8700973474547588
1.0031891206291947
1.117110245981619
1.2050091007622419
1.2385783932005052
1.2187702588532938
1.1414793456295018
1.030395073133377
0.9284119923221296
0.8627836533172205
0.88463347029361
0.953951175461022
1.0606301942455205
1.1067044880574894
1.0795941150070618
0.9943191470072564
0.9168642758422832
0.937494277775193
1.0119258412934815
1.0723379662462373
1.0476711435749588
0.9587137082613498
0.9413305693730571
1.0089527173457467
1.0540489617510718
1.0167240802482438
0.9538669971159894
0.9759941651082209
1.0451483445099772
1.0222876731172406
0.9553180964522466
0.9898959287702249
1.0455185521388783
0.9936879097228015
0.9619733339931036
1.0254571386915
1.020448695406837
0.9659065933706565
1.0081176233984417
1.0211407905706777
0.9733955544537656
1.013047959352544
1.01305062232069
0.9691846888186584