3.178433889374632
3.109619315704912
3.252794509851476
3.169269143544867
3.1235756431847834
3.1173537218987843
3.2592430171537554
3.1235488513558725
2.9957055387076488
3.3520102337655793
3.120026338841318
2.9012549970537638
3.3871608750796445
3.127975171745688
2.9004065650510995
3.276792667415409
3.1577662688676904
3.0397336864288262
3.0233060742462396
3.1719086479181247
3.2251797930985555
2.8616009410222607
3.0874199646086273
3.214869737101054
3.045475276607535
2.9507216360145088
2.9645841776951136
3.249666090433934
3.003415298500511
2.889897179817652
2.9523397012423684
3.119340656243178
3.1055034181946644
2.816349503693216
2.8830977891151606
2.9703789438572414
3.149059543375033
2.8920891467337184
2.7929287210898472
2.7817359558126595
3.018343716553395
3.024741441202015
2.8820107942240587
2.680561052738979
2.709261272998758
2.8844508822669237
2.9932993336140212
2.8947434670909575
2.6828802485270278
2.56500600573878
2.6473672568730335
2.8245413977114127
2.9310268364847154
2.820386121891356
2.637250270554413
2.4363571374583604
2.4695697007353568
2.570814473460759
2.7989143884955294
2.814657201436211
2.7806734934457924
2.525622960374325
2.3566192582624583
2.2271012175914646
2.283271907704208
2.44608842962154
2.61153941318522
2.7738991190211997
2.7297496509509083
2.6486979489636546
2.4063184420478967
2.1831053582922864
2.007486960857985
1.8887341279135692
1.9428959850853738
2.0290198548315943
2.240792529586993
2.456434144490365
2.6370566880139905
2.8320668131397015
2.8900440381656765
2.9147449745787926
2.877614080776009
2.722531175891769
2.5805506875666575
2.378815216690072
2.1360238024363953
1.9390769187726997
1.7092205983536524
1.4897542931199694
1.3220248103044017
1.1398861515875558
0.9838657524869063
0.8719749920406787
0.7531695770787364
0.65722045316004
0.5966699379256405
0.5321709850622022
0.4816955281088229
0.46127830501742517
0.44049255171991014
0.42495340540756155
0.436745846507677
0.45478673701786576
0.4709617171657438
0.5107654315655098
0.5660619501442279
0.6147818429076071
0.6773007782075301
0.762296657934525
0.8390674647614436
0.909914061393681
0.998006083566368
1.0786908750348374
1.1288250600616248
1.1720551552504495
1.2088064295543142
1.205860038181068
1.169493415410895
1.1283761823128329
1.0755078250139358
1.001340210189258
0.9326809953579428
0.8961895105284415
0.8885165366591515
0.8998580264449518
0.9350111736178273
0.9960994132810491
1.059423561273851
1.0914075047416905
1.0839978114468312
1.0525707798527228
1.0089266754609438
0.9613023912539662
0.9288935361811627
0.9334597464798945
0.977287048304155
1.0342869208593393
1.0660519488476723
1.052969143417961
1.0087263169158864
0.9652601151094161
0.9500303557196265
0.9709387785960206
1.0111017142457666
1.0400599974148148
1.0362511085027983
1.0033164128674699
0.9695190839919031
0.9659423826188513
0.9959231047495567