2.67733333787667
2.782538179022997
3.1655021717709846
2.9034630503875576
2.7195084374284186
3.0160936361949893
3.094764048294538
2.692742718238783
2.791232819656186
3.198546596070276
2.887599659042457
2.594975173254831
3.011350202589552
3.1221138331036777
2.7131885454415428
2.7510320500651884
2.9886878421063696
2.935995173580888
2.8835575063964733
2.74542677777978
2.7494229625134525
3.05043400570615
2.936256759053966
2.635548381667432
2.769542321108929
2.898602836516071
2.9208592182613744
2.870290118514784
2.6047501522733474
2.698731451377275
2.9399858290280556
2.8688536013610757
2.800648833176755
2.6040553202922663
2.5998952882794235
2.8623358454252257
2.8564400572761786
2.8109460433414903
2.614920204858932
2.489462671666581
2.6780111372783173
2.760778410386123
2.864898982801466
2.7223114193880362
2.506874966440939
2.4740904935755346
2.475393624449811
2.7105043253358545
2.7673160772279495
2.752692808435584
2.5885312309004993
2.3778005265782998
2.3494602200045476
2.3552612583712964
2.576648069884987
2.6593902320606837
2.7446090793595936
2.6111921169711945
2.4478288956593555
2.258500466318614
2.146993031760221
2.1871634183166835
2.2765733447984893
2.4858325787405486
2.5821806924092736
2.6920799074460557
2.594414390545839
2.502688825096058
2.257013231224291
2.1026426624036785
1.9034428298181227
1.868217611757168
1.8408459444007021
1.9784061125732406
2.0948099855924167
2.3259453155117127
2.4704210005526406
2.6749561300753886
2.745258202557493
2.8409813487904807
2.799980429971181
2.7658049951460826
2.634935075110351
2.494802059666094
2.3205400165185246
2.117978530701604
1.9413738738651158
1.7211747014647691
1.5636526742516514
1.3623693086412165
1.2271827595581193
1.0684196356603424
0.9507700463489581
0.8426265073120428
0.7404114986269075
0.6758277633829836
0.5946542659642664
0.5568809212459274
0.5065556231600689
0.4798572343214415
0.4649665255510714
0.4456246009137516
0.4584331841995502
0.4570595436174188
0.48182517912318135
0.5115401184931131
0.5399803414539369
0.5988025827702904
0.6406306228189901
0.7087350021341667
0.7784856030713502
0.839322997005433
0.9279661674064921
0.986790517353434
1.0584159830929465
1.1226255618395649
1.1525816444773838
1.1964731283109047
1.1961865523638793
1.1808915406685263
1.162071355948296
1.099169774240041
1.048544120617782
0.9929027264673712
0.9279736496470304
0.9027987687404607
0.8889607962576103
0.8922336993059043
0.9393780296616828
0.9857017515777704
1.0288273145108353
1.080032670077576
1.0896153697638125
1.0693912755174935
1.0440697047267342
0.9908464978046005
0.9431395038985578
0.935553462161791
0.9456858609887054
0.9739737419349364
1.0274008020909735
1.0599114607868723
1.0508114801948647
1.0279561384115345
0.9916812970556687
0.9511738620817167
0.9486556345272259
0.9864694684394413
1.0227323998994375
1.0393471984884586
1.0375409409352823