10.122563815023154
7.966203940553789
7.783732839555239
7.634318897519391
7.479930229248787
7.337313704512153
7.241977049703528
7.224755602588245
7.281867318451709
7.356046695709921
7.3582382722687285
7.2373702999620555
7.047226825016456
6.920797200063984
6.934396798837023
7.007898140661486
7.014523656937343
6.986692570041
7.055944458004221
7.146585865219062
7.022758390155408
6.767629387484412
6.739344781507069
6.9028632500454945
6.923093666034265
6.828405038230281
6.724058363597367
6.597063218784551
6.703245396243131
6.808184847693726
6.505993844130468
6.454534520538182
6.652383976740263
6.486143568548286
6.337077968910561
6.399840846458583
6.44464358070565
6.158955671544316
6.278579585637458
6.2792452467689
5.979090152627496
6.231495114232
5.961781760843482
5.956370380489334
6.014664254961526
5.730998872112016
5.951464756824496
5.611963646561364
5.808432072717782
5.526415506530565
5.648822337542238
5.437527281659891
5.4877080052048415
5.334751228633056
5.356030817987341
5.1630121502040005
5.310815121248817
4.918527337333502
5.250697831489564
4.792930732404462
4.99230438160956
4.8401663723353305
4.638574288517247
4.88088067361518
4.419185425886865
4.575468856974297
4.649874154812675
4.133696471173916
4.35783351895345
4.457713288113686
3.938111553674155
4.0080719359694275
4.294200181839626
3.8769387827398
3.521127065983355
3.8567454300895867
4.072262778647881
3.609447970768962
3.126808992801711
3.270885549396131
3.7152342586435676
3.7603573309807707
3.2564946864223723
2.661677677448389
2.4679879498594954
2.775252591388869
3.3212618001821017
3.7566216548356457
3.866911791057566
3.6277451126449076
3.1419059362073427
2.549394160795585
1.9659265898435705
1.4606490582750558
1.0602711060064414
0.7635068293054496
0.5554072907023988
0.417515827600701
0.3336230843934011
0.29229044459119363
0.287284703128599
0.31657709110730214
0.38024179488204446
0.47774775405578956
0.6055992624908885
0.756272857366302
0.9181306280839113
1.0742729259925947
1.199420824287869
1.260112365947619
1.2284813872974896
1.10995214463637
0.9607125422928688
0.8642902872980321
0.874978456898694
0.9769720364036794
1.089058606220433
1.11067170707256
1.0130410568113686
0.9105607393445967
0.9440965202083115
1.0574485596514458
1.066895723787318
0.969733343536235
0.9409268689302148
1.0268327524534981
1.054496579867819
0.9608939734488942
0.9689014237674534
1.0557301991662795
0.9900596143232269
0.9634433242911201
1.039654120725744
0.9960398314421355
0.9703630503357519
1.0393765085966227
0.9774018434482319
0.9975301724125568
1.0243785705829087
0.9667621653732424
1.0322661885070818
0.976768663291169
1.012493181207613
0.9984026430670565
0.9937633841809853
1.0118423004344264
0.9864481295991655
1.0133769547132139
0.989558149412666
1.0073821431207926
0.9960045116833718