10.173281159004153
10.096296552793307
10.130031137671459
10.086148997914892
10.000244636575884
10.27772880004709
9.771849745255027
10.302085152088026
9.95584690237705
9.858313974836515
10.214953994887747
9.873852246448482
9.863850809879258
9.936702741164844
9.940331496263264
9.895853327853782
9.668045222554968
9.666615665552449
9.887624112745902
9.85257911419771
9.585840938395613
9.439252937239575
9.463577253729069
9.4908573389506
9.459548572699138
9.425410539959929
9.421140552077574
9.419005036437428
9.382811996742465
9.30621812175857
9.207832836877996
9.11007669505987
9.02587012474232
8.956622275980488
8.895174419933497
8.828698100840974
8.741230379929029
8.618854090019449
8.46043322666128
8.291183603582505
8.165048484871715
8.134665195868896
8.188274199375115
8.212812013390211
8.079785976678536
7.832503698797666
7.70711191218141
7.786570431431449
7.756924168545133
7.436787738186411
7.279222669821297
7.463336655388045
7.317322997463215
6.953519943843809
7.092672819445278
6.990808885744706
6.669434381768846
6.863529261073111
6.502670391774495
6.4994206604303155
6.485601231858052
6.100600347646781
6.379711268018126
5.831849838045052
6.1597920430196025
5.613587347798767
5.929065213146924
5.38673584253597
5.679615549913395
5.227026390292395
5.292289815567972
5.245951249393804
4.763255750504803
5.212492826986682
4.604476201195781
4.55675828814459
4.881936869347509
4.224960977472672
4.090252577556039
4.574461149121437
4.178834808069215
3.4869380933297545
3.7531185010335553
4.27544690912433
3.934909495974717
3.0808503667930185
2.7085895326737837
3.11179794243279
3.818690349754634
4.240675591458782
4.115396863168418
3.5320275161219814
2.74035688144513
1.9671107316489158
1.3366842819582667
0.8800987113834485
0.576828166364157
0.39073825485537456
0.2891534873498295
0.2491317971980237
0.25751883762475214
0.30885100826216416
0.4025026201744269
0.5389257816462187
0.7143595200131788
0.914042687577533
1.1061290953754777
1.2420226257346714
1.271287005044125
1.1746043302831082
1.000210186202614
0.8641011667709385
0.8753954884642222
1.0176893485713987
1.1236889675193276
1.054727936319483
0.9168009873622668
0.9375598418171515
1.0720570870968524
1.050611918586959
0.9310702704545974
0.9925557769309767
1.0625706823042786
0.9585864559288108
0.9909735575048301
1.0483741008052505
0.949710139821903
1.026989189916907
1.0074840361610475
0.9691496784081547
1.0420956338768155
0.9594535824202642
1.0363893347889168
0.9687392843359978
1.0296618237876676
0.9707658721080449
1.0311488868327952
0.9679833985076767
1.0322393042193823
0.9722167737873328
1.019054571483277
0.9957802208767732
0.9885250229967529
1.02205651210165
0.9815945016288568
1.0009925748695692
1.01802526696379
0.9820664704039296
0.9958877884371773
1.0225973187538162
0.9914141142123142