6.639313844368608
7.465532771383587
7.724701417730924
7.869606624249556
7.823728823260995
7.752311962442344
7.868052657756179
8.079840674739238
8.079436698398247
7.866417950806381
7.801538910968056
7.929857007485382
7.8807605917177455
7.709206044708464
7.784795760972495
7.850366819462569
7.697850498104414
7.7466244936170465
7.7945055202788165
7.61809983139615
7.645913456801629
7.527965851586868
7.350853336141089
7.371012652039347
7.231064463869872
7.376322328619737
7.384182839001159
7.418250455059687
7.2824428728047295
7.091819447590826
7.044269901250513
7.122442497657717
7.192022099626665
7.024794838302124
6.812654300045004
6.908983875990556
6.95211566385707
6.820303195308718
6.578646008559824
6.789218668212291
6.69977671413761
6.399285458474205
6.605971831638972
6.4949627342420975
6.224602283648004
6.470007094305136
6.205505378415657
6.100319149029146
6.281483610840551
5.895758139981394
6.0976011908324645
5.80421994813758
5.935236817191429
5.728896754774155
5.678305740556156
5.617263444886149
5.557479309489074
5.478188498138345
5.4188678437405535
5.21759583700251
5.342885441419448
4.979317875521138
5.299038843467452
4.8150476590334605
5.042650420810431
4.854553580965506
4.562950863464377
4.893181598329365
4.415233195972359
4.38785370337794
4.661363899548405
4.133461091770734
4.073258034760625
4.442007794015964
4.042483494759057
3.624301192007157
3.971730156998855
4.1569807355611825
3.616782196769579
3.186321357269989
3.4693973331350434
3.9121369286931316
3.7784911370963683
3.1285503253113847
2.593510408412241
2.6127720667499563
3.1004554906394093
3.6684288284771274
3.9692742210998624
3.8599550550545416
3.401836151267431
2.7735624186057795
2.1409402081049973
1.582067022705874
1.1232594723281335
0.7846408695386229
0.5593229167138756
0.4098620000383655
0.31683906193106826
0.28005505979682055
0.28185564644979194
0.31247949215176224
0.38545538739052987
0.4915616171548332
0.6231649146149487
0.7931828633179742
0.9685268231285686
1.1220170612866776
1.239592589868783
1.256709831509439
1.1820917342804982
1.0428062299905538
0.8959673820804707
0.8553162986198516
0.9239929793694194
1.065290772529904
1.1174106549968548
1.044407736777721
0.9221931042681684
0.9316297872268376
1.0391270821816005
1.07946049022981
0.9701735450486052
0.9404005618845558
1.0326066449704316
1.0491281539963437
0.9509905748778064
0.9858014988344659
1.0567018554255683
0.9664320900760001
0.9844077872037217
1.0472467782848704
0.9608732259088955
1.0086779686178098
1.0238457618573897
0.961813525419467
1.035414113820022
0.9771231912104514
1.0134275499003789
0.9957634192624197
0.9929543226526234
1.0171330074327205
0.9833883542821524
1.015292172766483
0.981012202544778
1.017667050481803
0.99094437874375
1.0078759566767697
0.9981820274256796
0.9893169616690796
1.0140112306058846