5.847872512003417
7.930877789457481
8.932574372197426
8.895625370088961
8.315303369787353
8.323897566572633
8.523983239176804
8.437130894398232
8.630628909460494
8.710298377984575
8.376498343964528
8.413425428412587
8.293778607071431
8.177486231795346
8.331010809295547
8.174867982397371
8.340718131780218
8.222426926632671
8.301008461150722
8.214707754953276
8.229087926677765
8.136595871415665
8.129636475536078
7.993790719168039
7.9993935886233025
7.820303381879802
7.863995027535414
7.734065123572406
7.803286811158694
7.841658062043076
7.814592485068067
7.860597474151336
7.657717860277003
7.468156162367002
7.440394376886862
7.4420574826191865
7.500877399350669
7.456093717085692
7.19801691725723
7.084078110509452
7.241835185646197
7.210823163324908
6.908792577355587
6.885224405101829
6.998674196972426
6.746385849582568
6.679253498005942
6.829470366403321
6.482162143778821
6.450026384996535
6.533663568836649
6.176453169993358
6.406038612064655
6.140600004430187
6.122172119700903
6.113701282121873
5.846810100736164
6.010195250604074
5.623967958682261
5.856044253944494
5.439535756361408
5.6685211008751
5.301539804947057
5.416967057902884
5.249885428588341
5.06128428854206
5.256094517508205
4.718552796160512
5.051263720126477
4.724812434813299
4.474044179165678
4.85051302299346
4.357771478320238
4.216873090899613
4.610998185690695
4.158633998527194
3.7423196793617293
4.167261967175521
4.264416675377367
3.5990869654906303
3.2799843744037713
3.7268411813130626
4.063664363041882
3.642831270806723
2.9120340109586422
2.593244775536317
2.8922420095076378
3.51843007150934
4.002750368244276
4.021101946619621
3.657960200892133
3.019485195112474
2.3229415688374115
1.6980949344179042
1.1845920559411443
0.8215566460393832
0.5599998095039536
0.4042636009616724
0.30628460492630766
0.27061645480579527
0.26949060496829413
0.3126521402056654
0.3882531410268966
0.5033355985052117
0.6547755637114747
0.8276483286234576
1.0172022454325733
1.1651265665567074
1.262430974016463
1.2408447737710133
1.1292593473980737
0.9702180330039203
0.8539259421751583
0.8801142324614035
1.0101988371048682
1.1123730536471081
1.0831745593320483
0.9532242725067439
0.9082895956758859
1.0180228955713992
1.0872772335104284
0.9881510610337154
0.9286897900071496
1.0308762076805713
1.0508797455643966
0.9502647376063561
0.9968002813837454
1.0459067984482622
0.9547783243538676
1.00658453459624
1.0342646542934597
0.9597062251700154
1.03705826342576
0.9849304120338241
0.9929839545593104
1.0175551073527977
0.9685580453970228
1.0292800881511233
0.9655458562208744
1.0293626328002516
0.9683295969986239
1.0273632397106638
0.9704414437598613
1.0240099158314757
0.9751327629500764
1.0136345329058678
0.9904528384121025
0.9928639822583194
1.015019826593393
0.9786655674782153
1.0198113575926517