28.444941634039633
22.723386427790327
23.118258346212567
23.87297653729289
23.4274893719133
23.501371862749032
23.337207534032302
23.04546341345319
23.21304821685912
22.907217942308268
23.051862365419684
22.873549298486562
22.76289490250034
22.917242107666357
22.59250560743758
22.70888127762068
22.75794286447301
22.35338109206931
22.08123817585248
22.152700872993304
22.223849939738763
21.959384542975368
21.601638319796862
21.485110318812115
21.24656489828643
21.05211225459004
20.969558456890475
20.681563607118907
20.595097494817367
20.289630346483552
20.20957301375399
20.010959074757476
19.946369761000973
19.834389079347297
19.43695501181713
19.0972905019746
18.948300842959405
18.861801782287337
18.480395828390325
18.149976239782678
18.198114633791285
17.72944067661047
17.499523278055282
17.303879871973177
16.871616091474245
16.798673974672116
16.353089131072405
16.19530660223922
15.937643253734473
15.484836583816685
15.516642964673197
15.0416329187661
14.69163543356524
14.664584468185588
14.316751153870268
13.786426085488172
13.491667408859387
13.36320178055399
13.184177396765733
12.961362112638062
12.645199886686544
12.265570642815947
11.972523558560535
11.634395194530041
11.399232982311814
11.130355693074197
10.924860092166732
10.591103094656368
10.18646396116378
9.634525113167033
9.24285832229356
9.249626412874155
9.194112593576243
8.54511770568659
8.075104911908308
8.332719693833955
7.711191631848992
7.283856869824781
7.50381531883063
6.513569809457887
7.0332480083584015
5.913329348285574
6.544400783084449
5.362230606530021
5.829086148821549
5.382963410180393
4.449792696342619
5.382475241022068
4.8004536652967005
3.417915103246402
3.8093369211866666
5.010464598354994
5.170398672410082
4.103610150198118
2.6536384495558942
1.4960012803660008
0.761079040588377
0.3793538563299801
0.2115715540548066
0.16939317264952297
0.207110541896242
0.3167573232353857
0.4965364479438505
0.7541238168786297
1.0360766979487441
1.2613479103877951
1.2727946918297544
1.064799853219168
0.8476105079203176
0.9090606200069276
1.123188772074379
1.0489966743182317
0.8926767942778348
1.0591884949996744
1.0185163033534739
0.9372215595574651
1.0767349538342206
0.9337832956621481
1.066172838678941
0.9450353615346437
1.0591155262124206
0.9540254928907755
1.034075543663635
1.0031365216153594
0.966991569986971
1.0365131117187685
0.9997330269249899
0.9634353365078153
1.0065365118278555
1.0345273040112648
1.010126828309283
0.980997960559158
0.9740513438376457
0.9780908807369194
0.991386635309907
1.0026102323572554
1.0036869125715375
1.0081898079387746
1.0006173219661316
0.9980298686171112
0.9852543485391893
0.9826397434255028
0.9838941089132265
0.9999898264113294
1.0184484710535946
1.0080971290313607
0.9859530418782182
0.993942388092692
1.0157777915076596
0.995105501211009
0.9891245717135556