18.124153863936026
15.912021996970475
15.871987117912212
15.85820756561174
15.781854461268836
15.605921671915855
15.37180351484722
15.197420974013802
15.162581919082957
15.17546081575971
15.098361342950389
15.057123420961137
15.214691164022527
15.193770509664526
14.802745701260566
14.815916700813851
15.079183640742666
14.71223687715788
14.623633258207965
14.767560401503728
14.508076639877409
14.447084037513092
14.472833921005135
14.209984298589546
14.295415667693485
14.023576233012829
14.111753268159505
13.77275926642282
13.959619842841473
13.515073657461716
13.705433516726368
13.386708270071347
13.3259448126931
13.261286233352225
12.983791841894243
13.035420426098856
12.860698392477008
12.522741394509902
12.516250921311608
12.570166035490312
12.340054136593364
11.997969665557036
11.804470855751552
11.759926139340704
11.724580453730521
11.611537090748
11.424029735803288
11.20272034677992
10.981492881736703
10.776554089270157
10.593182502783748
10.4337232732336
10.299830461162243
10.188436918935054
10.085492538174114
9.965035304401034
9.797641082031785
9.56110087473804
9.253346653880257
8.937544636574357
8.77577645845707
8.828938392561021
8.750982064678062
8.270237653337302
7.987863315349516
8.178029279692941
7.8659120994063025
7.396008019072651
7.616846961625371
7.220310422029046
6.922701347370358
7.101944701182224
6.405538028559805
6.7821574456694185
6.006401151772326
6.437776009884063
5.58476272250233
6.102560288591958
5.246911106597084
5.53430159964218
5.294248297252569
4.621860831416163
5.255218869132314
4.6134305804922064
3.9545402136804366
4.659733199154467
4.660698697975025
3.51931033940839
3.0102519265072347
3.7209736904163586
4.60037119190101
4.695957939493398
3.966878532273774
2.882969171812205
1.8721625841393739
1.1238255024207355
0.6464421284590911
0.3759293216825719
0.24393235903286348
0.2026320008331402
0.22660525989996444
0.30695496273560524
0.44358221627557776
0.6358116986734258
0.8698904888453388
1.1044232617197711
1.2638753586483633
1.264347205736601
1.091522176976007
0.8817241550357972
0.8531322694184506
1.031572097456262
1.1329704667478722
0.9898728310426711
0.9036265787389828
1.0495555166199597
1.052767097539833
0.9225774789442321
1.040563613899398
1.0166251461841027
0.9507798442053546
1.062495326844212
0.9425552117980259
1.0512864248265337
0.9568439360875195
1.040399492237918
0.9617751769193381
1.0390884973987526
0.9632177763627461
1.0295634984227824
0.9900362039670366
0.9833927568141766
1.0350016637950434
0.9793788491944724
0.9841271107531888
1.0290693031787874
1.0035104290431702
0.9750833442118081
0.9969054861736589
1.021092413086604
1.0124150140479258
0.9893441089935181
0.9781071757516608
0.983489493495556
0.9963067626803817
1.0077142160286992
1.0143551089947807
1.0167603805891663
1.0166517965080684
1.0154918482227075
1.0141380963094104