10.491621359202643
13.321106865374
13.350640774541342
12.970922927195996
12.989109931211559
13.09892494542279
12.741348746569624
12.64447556100239
12.947033717659098
12.708245193466578
12.729486624382826
12.882740457976983
12.567522325737585
12.808835660114887
12.495390689367532
12.64373073350776
12.41322501132747
12.550299930195198
12.354387206647491
12.572376359656113
12.283222757379006
12.44350661345143
12.099652594997474
12.066563514998117
12.178683940776171
11.919791999099305
11.931583700951917
11.879472103181092
11.659548448952874
11.61822481318034
11.629278757496657
11.546232688885597
11.281347766583938
11.116946059653095
11.236609747124751
11.159370090236182
11.080557689788401
10.849969029537311
10.652806450291251
10.489131698273951
10.365160437966507
10.254581997214554
10.178803877665189
10.029022289162034
9.96463661306342
9.768613116468257
9.654969425634434
9.505484273149458
9.318428274342148
9.252077842213055
9.20128839864423
9.143888987108662
9.109449870473568
8.960218611019448
8.630323288203671
8.33914791374238
8.326304581284424
8.41704863211569
8.181640894342143
7.782329191088171
7.803642879143134
7.828986278931512
7.3366102973599405
7.290319184279269
7.365989466728589
6.812234100981713
7.015096789562301
6.6875369507177265
6.497841806264198
6.546008481641157
6.074417691565577
6.301481108789489
5.756007789038295
5.97581118275067
5.5585625816457584
5.473409836382941
5.51778813582819
4.8257248599554305
5.361364776156412
4.758985438938791
4.440971294346748
4.992160441288159
4.349010019940199
3.7589684760087705
4.3451715250523435
4.5392614335461525
3.6411871558583093
2.8942668049059734
3.2359867732386327
4.100415957272459
4.557284217902589
4.277890234457406
3.440465170965511
2.478196386295905
1.6285300728057805
1.0141536870226546
0.6160701884018552
0.37896759755997833
0.26381151977377365
0.21924099528317645
0.23640512292285432
0.30629305797614537
0.42032599900312045
0.592597153620722
0.8078083704719963
1.0281080602222887
1.2150658813025177
1.2848886042539926
1.1871324150031477
0.9902227140424368
0.8496418728118477
0.8990362386893621
1.070865245500003
1.1171755645079424
0.9689579096119473
0.9073601777033891
1.0522796948712942
1.0644468617829201
0.9288634392250456
1.0131139121800632
1.049687026162536
0.9354641217772779
1.0417649614767694
0.9887074702221785
0.9824677209902487
1.03154733427286
0.9610340701173796
1.0417078882551578
0.9631640192697078
1.0393619824830926
0.9720175531776926
1.0224541609705118
0.9905619476570372
0.987937187253651
1.025679156629522
0.9722374626742525
1.0183556282031436
1.0078541369085676
0.9721740112203653
1.0151699440968953
1.018198318097435
0.9787884037450307
0.988565665889378
1.0173151511240668
1.0151732135237344
0.9947221919925188
0.9778434491584985
0.9908400030301628
1.006547830233016
1.0168910555248678
1.017533235064366