16.242959480164497
16.539378789167
16.68998283159874
17.0145092997684
17.10312945207166
16.741081019998912
16.537823924508427
16.73450614823916
16.600476829284183
16.441447658886617
16.664700929288916
16.479453474367606
16.567661579167194
16.510273364301987
16.331645004976295
16.20407295620584
15.971221567277352
16.007765127812156
16.104753552100455
15.965085876919067
15.79111399615764
15.576358162558462
15.768986945579318
15.555481861028735
15.258446433205563
15.435314291377857
15.16359271819778
15.102931473481418
14.94127326336061
14.73830491769126
14.826171074030544
14.530770578644013
14.541234905174294
14.245561117265662
14.118732953081421
14.04784811678897
13.687505844777462
13.792535870072683
13.499795958771118
13.240784986075894
13.314695956235262
13.099198059067554
12.748650004805993
12.676761461055424
12.708401578042533
12.544343913147436
12.202710810242412
11.873109210312013
11.677652570824916
11.591891886096759
11.492359351719562
11.327061412355576
11.184585693107012
11.047543896345903
10.814757589159594
10.607627358513678
10.388150895449972
10.07169830779268
9.82216116243291
9.526980008985701
9.410068111402339
9.357473675104176
9.343703233362644
9.015204002411147
8.574688434864392
8.356521978541432
8.504346126703911
8.194654305025795
7.6421892132786855
7.8414361891825966
7.5771082586098855
7.035138455905926
7.34825545833989
6.6374140864841955
6.864209531293039
6.311295820547887
6.381725509786518
5.870885425062336
6.102577425032949
5.2997900569095915
5.8759937023296445
4.929221786195291
5.076294764095956
5.281350907250151
4.168385270553711
4.4122634329291675
4.9777650659447215
4.045280579756017
3.0911641153148715
3.509376504983478
4.515806766869938
4.85550182441579
4.2315367786835285
3.1002863474765334
1.9994344006234113
1.187157194012431
0.6676079471116787
0.3741952785740218
0.2395206783459578
0.19636912213159352
0.2212856312673271
0.3085703688804778
0.4491502512661321
0.6587535370155881
0.9042743488772165
1.1431218390097204
1.283767586728712
1.2346797480859732
1.0333565273143792
0.847652403015264
0.8955583412378568
1.0919915194098584
1.1010833868588532
0.9263452143191356
0.9501493080914973
1.0937948268133366
0.9695941167977831
0.9646460872416416
1.0672831102665539
0.9384201572645955
1.048388248582133
0.974175832209154
1.010943817403376
0.991072127326974
1.0123807074590363
0.9844848330798586
1.0324902161501277
0.9638323060279566
1.0386946825251442
0.9808173408384243
0.9896636574734959
1.0326791946418479
0.9811292847869452
0.9836382849538067
1.0280068543479841
1.0151949810196874
0.9799733810974502
0.980975493977609
1.005857150570744
1.0210841408781397
1.0182803510213272
1.0054250162109808
0.9904137136747859
0.9810033300547155
0.9814812564320812
0.9828536869221559
0.9797850943347691
0.9826205129783896
0.9844260579104956
0.9836887545404623
0.9933589581758584