1.026922082005823
1.0281299856141917
1.0317812507226038
1.0379569705227993
1.0467871288556763
1.0584430533209304
1.073127262530313
1.0910611025859211
1.1124706559948039
1.1375714770038112
1.1665527581836617
1.199561503730246
1.2366877084411143
1.2779502465866353
1.3232853075193594
1.3725369385295256
1.425450529750094
1.4816695189097744
1.5407355256631226
1.6020921900177532
1.665092258432672
1.729008503388481
1.7930474487422505
1.8563660896148222
1.9180909072585037
1.9773385472625844
2.033237683079141
2.084951328454763
2.1316987052838057
2.17277643786762
2.2075777835690666
2.2356096751734276
2.2565068413550127
2.270042539123171
2.2761355116729853
2.2748529026416677
2.266408985227094
2.251159697796702
2.2295931121372554
2.20231609194439
2.1700375231853424
2.1335486104762595
2.093700830843454
2.0513822149153254
2.0074925631923377
1.9629190989026
1.9185114296300019
1.8750591686587932
1.8332708701180287
1.793756268694483
1.757010662876881
1.7234043567411614
1.693175807127145
1.6664283082872158
1.6431318658762335
1.62312949542243
1.6061465808203323
1.5918050182618906
1.579640102731949
1.5691201747525676
1.559668249860437
1.5506848805677642
1.5415714552349693
1.531753119677694
1.5207005165467247
1.5079495747659288
1.4931186458674812
1.4759223742639629
1.456181801764398
1.4338303395301661
1.4089153889453385
1.3815955516358474
1.3521335326658377
1.3208850039450482
1.2882838510842847
1.254824360632498
1.2210411017725882
1.1874871510901115
1.1547116055712172
1.123237530542291
1.0935407217914679
1.0660305866799582
1.041033840342032
1.0187817761937752
0.9994014173953802
0.9829113640293708
0.969222260566667
0.9581420223797692
0.9493856198194913
0.9425890310452464
0.9373267800591609
0.9331323016924946
0.9295202294153531
0.926009592750158
0.922146845468674
0.9175276286891798
0.9118162074872658
0.9047616064074736
0.8962096065215426
0.8861099500297218
0.8745183208919856
0.8615929222620822
0.8475857407361077
0.8328288730072634
0.8177165281557669
0.802683632596678
0.7881820020349792
0.7746555361391427
0.7625155726985551
0.7521177698929936
0.7437420535525311
0.737576470509575
0.7337062549444076
0.7321086449832562
0.7326539335034026
0.7351128072962793
0.7391696712053878
0.7444412886873059
0.7504997303963231
0.7568983298423265
0.7631991202974034
0.7690000873270089
0.7739605296893355
0.7778228855217844
0.7804295520264304
0.7817334997196183
0.7818018441912713
0.7808119700466738
0.7790402782921242
0.7768441203493043
0.7746379496387492
0.7728651989878025
0.7719675663660314
0.7723539491574459
0.7743709067725798
0.7782770774919896
0.7842230712561976
0.7922387743846053
0.8022288362756175
0.8139771458209887
0.8271600408760507
0.8413675741118849
0.856131468209555
0.8709578576626756
0.8853624893102686
0.8989057871866195
0.9112251079193456
0.9220616364029952
0.9312796984852741
0.938876782524156
0.9449832335911297