32.57415546653149
30.64840888203594
30.176992358332118
29.662405025564883
29.832657627025334
30.11121232234198
29.731920721890255
29.860088968134754
29.72621910784651
29.574669459361335
29.650529477309277
29.629545793341613
29.641003914999487
29.50344615809286
28.971067007738117
29.096929708340763
29.133039657115805
28.577007072654354
28.534642340564137
28.576767271976653
28.13879578153588
28.159751789961255
27.605652381075377
27.648006416059648
27.191350532716903
27.066282655213342
26.913941116816606
26.418945327419493
26.341414397672835
26.224310350271224
25.81793300634809
25.448842659014424
25.202860508270646
24.980206337114858
24.786954961814818
24.549578501699898
24.153954066112384
23.84106797205393
23.568855276973785
23.17534636198484
22.90737119622963
22.413431375655733
22.004109848706342
21.49415309081336
21.312654800721354
21.131637516537563
20.604072487338275
20.10410008445266
20.00159647154772
19.480589023467537
18.997563733567294
18.90931451857228
18.219480102339304
18.171299786689598
17.44175850225161
17.32091211375131
16.8024247892472
16.294672638909553
16.232594182288228
15.62705080147289
15.08087148260245
14.932303114822231
14.681201479537691
14.156808750817595
13.586835323266074
13.107852689087752
12.673313744828095
12.28187477233561
11.927569636390217
11.498461278237151
11.106531657756362
10.74711970695039
10.514680956146577
10.395871215759792
10.166610731831094
9.493476902088458
8.801880203113445
8.798246837573435
8.707824091317837
7.702672391632286
7.845892923012137
7.4190361016761
6.758842836050709
6.962411065821934
6.039801940277095
6.173624156609809
5.837372808020464
4.804766707557143
5.839116425211772
4.701675386461418
3.5161808173410387
4.589941269051775
5.588327050248659
4.911017459453137
3.282518349349592
1.7929252049958624
0.8601047831350919
0.38930595000268176
0.1931845828331165
0.1527091153265842
0.19854834269032479
0.3272661438666995
0.5367090055866381
0.8287724834581618
1.132300690193376
1.3026335507384028
1.1938079143838667
0.916089962642799
0.8465554840231623
1.0862143980581187
1.0888315257128847
0.8865342470816495
1.0576391366660038
1.0106391366033611
0.9627861155339458
1.0537885387640165
0.9495472022641199
1.0368565324340522
0.982403583006089
0.9829364241811106
1.0430844904133862
0.9547675698084938
0.9968890507603141
1.0405832732540272
0.9933600815833612
0.9647554518504027
0.9880145410089629
1.0173047996711442
1.0295923860621554
1.0303254211789288
1.0222350939193126
1.0153050980639335
1.0189543142523148
1.018768923829597
1.024316801740184
1.0206787117867686
1.0079818253607418
0.9854651709245376
0.9827767381699651
1.002358074204091
1.0190866708531479
0.9918865917168791
0.9888120569511485
1.0164762734916448
0.9885949416993209
1.0078041570674658
0.9972793583642138
0.9987079273288204
0.9967712646671238
1.0044080948648175
0.9888006456637126