3.076250571112974
3.0009705353073604
2.7929279561577607
2.498864229478803
2.1779106194411253
1.883315465582095
1.6506470566823543
1.4961302855939196
1.4226892036840817
1.4274286089014558
1.5048556720351527
1.6443576223579295
1.825262241087897
2.0149642086189514
2.1737708486551246
2.265660434903229
2.2700794084413545
2.188861772296985
2.0448935939648774
1.873516779291058
1.71110381982777
1.5858092720877026
1.5133049972082426
1.497122826642495
1.5312432283034125
1.602757829792361
1.6941114480142032
1.7858909498965814
1.8610567661668054
1.909941918988912
1.9336762941853105
1.943456972301173
1.954912375340466
1.979680992509888
2.0183820235356773
2.0588820429992074
2.0811246301213604
2.0662764481620153
2.00564647218783
1.9050613129935225
1.7828880374948457
1.6631107348056404
1.5669701479473979
1.5067282628535115
1.483495535354276
1.4890234264295938
1.51002895707345
1.5333486920185757
1.5505493054487494
1.5609250605142413
1.5719092527270089
1.5962398391108963
1.6462203846992363
1.7270110546588902
1.832145650930299
1.9442215751816214
2.041476262180878
2.107632727411641
2.1399394945582757
2.150568655358176
2.1598554146195115
2.184594006157942
2.2279081821989424
2.2768045533058214
2.309267137641472
2.3070418348405175
2.2665818459451135
2.2014544403683045
2.134554362437011
2.0847259977286448
2.0559548567231567
2.03577651308098
2.0038542375254664
1.9452840003990444
1.860223762070857
1.763819126509762
1.6766308572268986
1.61185037864465
1.567570725054037
1.5289824170529531
1.478817499283626
1.408995816468351
1.325775102708727
1.2451754981830898
1.1820145987979678
1.140116448283276
1.1103016933358987
1.0773140753599186
1.0306664411308122
0.9717717558871781
0.912468440114137
0.8662051782383824
0.8383474214365021
0.8225957668208929
0.805983275329917
0.778623180498489
0.7409197002006394
0.7029078572585126
0.6763355918681053
0.6655987410205101
0.6644987027279416
0.6612888212250265
0.6480139307873102
0.6267506338311947
0.6077731189452616
0.6011071989033582
0.608310018126598
0.6212226978112559
0.6287953489629386
0.6263767543531725
0.6196680060540706
0.6198812195652881
0.6340825253264721
0.6589704275235444
0.6836034631447074
0.6989153053043475
0.7057720331990269
0.7143225911850097
0.7349406992973171
0.7686844449290745
0.8059695629672681
0.8349770589438303
0.8523751945915086
0.8664490445955927
0.8894043418450849
0.9256856222476021
0.967249927407127
1.000588730289732
1.0192065943796524
1.0296993348589882
1.0452822632000505
1.0726513332489387
1.1048877491470748
1.1276522660486372
1.1329434504003917
1.1268740072956949
1.123457466288781
1.1303398863834837
1.1408612466585306
1.1407766782209792
1.1230140093514056
1.0952522593520935
1.0722342957836206
1.0606880833868968
1.0528098198209677
1.0354178014213136
1.0050479849441198
0.9725548457828062
0.9519966276209619
0.9459290614625389
0.9434936336291457