0.9856713825399099
1.126326278746066
1.5372889566839238
2.1084754971681923
2.5769732355773622
2.6980079092763822
2.468875347938959
2.1109148213841795
1.852093063766252
1.7874628373526342
1.9003502993941854
2.1083948625910143
2.2859610686819907
2.3337856466900484
2.2620377511786707
2.1650972544379865
2.1086783546641334
2.079855274970011
2.0417988608849424
1.9901379324557071
1.9526163893490935
1.970232353545755
2.073959544560295
2.2394558663002626
2.367713689949281
2.3551017192227426
2.195498185500415
1.9904453603741434
1.8572018673723023
1.843334794389127
1.9168125334693278
2.0081531517394926
2.066574650775772
2.100379517426768
2.1578206252729366
2.250233216771061
2.311002163952054
2.26093270532495
2.105214013005548
1.9354783862483627
1.8379003889453327
1.8221743863422524
1.838642909878594
1.8448468996340113
1.8518855341633098
1.9102777393907207
2.0428192160720693
2.194192052102697
2.2738817562307108
2.2569743631985024
2.208346512784257
2.187385228453989
2.1658569264690737
2.0773963705969565
1.9228527948615013
1.7786687334930698
1.703785863831833
1.6784891909120765
1.648507929978493
1.6050737099620445
1.5979503310556198
1.668481017744528
1.7882504293078043
1.888804538114631
1.9521593661323235
2.032852745305089
2.1659149338188275
2.29698752280228
2.3565761941055565
2.368343247831909
2.4074955745202407
2.470077536322339
2.476524426936973
2.409027810362312
2.344148766815434
2.3207391434835576
2.2762409701532773
2.1642026346327836
2.0404596186516692
1.9639410597346287
1.8955360396821952
1.7775504786598242
1.6424659058645812
1.5516294246395441
1.4841963958124997
1.3830554575877467
1.2644230142642499
1.1839091403469475
1.1307814554828932
1.0535800715830383
0.9609271923840065
0.9009594273237341
0.8659639157638459
0.8110601043893914
0.7442220949799859
0.7068495214236009
0.6890095444283831
0.6520585294451108
0.6082080391782938
0.5926479587275658
0.5895014953917083
0.5667908160171947
0.5441689246153985
0.5493966759962677
0.5583698166924725
0.5481920636459874
0.5472078310312899
0.5720745971200619
0.5905359505793256
0.5934259024251872
0.6156094413115206
0.6570523678623098
0.6817691775511666
0.699621799501115
0.7442464664128363
0.7944304862121091
0.8210480802940204
0.8543681840245112
0.9130422489193334
0.9575532761460644
0.9806169456834388
1.0235663156088572
1.0760590736837932
1.097054214564779
1.1108507557812002
1.1469628290083436
1.166064148614418
1.1533818892836838
1.1536566903260348
1.1604898609873333
1.132604476068825
1.0976668481688094
1.0845838574582807
1.0545216611866488
1.004646880888213
0.979518556413663
0.9617923059462825
0.9245907199234232
0.9071705045110502
0.9152253972679556
0.9097745969179497
0.913301311171282
0.9478508479485217
0.9716066290085653
0.9870771916130745
1.0268681717606905
1.0548992998976723
1.0563753092052317
1.0709420698129857
1.0768520924332778
1.0491329704938783