3.1166978571998323
2.8757699476238985
2.4412434603571636
2.1951390190155795
2.1452116225783593
2.19736743014596
2.310274500792711
2.372883929243371
2.352206864412181
2.348938769399484
2.358263262900862
2.2911373517910225
2.175860957872526
2.117203704832551
2.1924473910435553
2.3925424048200874
2.545236280689986
2.4598778181163463
2.193445080514109
1.9933341580870876
2.026298787777838
2.247820351299515
2.4489120298252067
2.4609594696081714
2.342176711279168
2.2492734511861747
2.2043514964263395
2.1391754482609766
2.0610521843256104
2.0653264780019813
2.215763878645494
2.417285691809282
2.4763173943513106
2.350855850878511
2.197835243180739
2.124962211300986
2.0804416094531053
2.0123100259799123
1.9840106215051456
2.0870170114737223
2.2786792122290356
2.391619009088208
2.3618181112058765
2.303791950965434
2.27589938506679
2.185887531647176
2.009270468224029
1.8766683840031897
1.8784517604188342
1.9465380044743892
1.990476953756595
2.0494142117022833
2.1940675748670317
2.340969250703375
2.363668126346759
2.3176947770074583
2.3051946742325473
2.2553617504142123
2.0950619320408443
1.9297465166783108
1.8470090178520484
1.776056985671171
1.6764553630744354
1.6390583043039615
1.7052293419040898
1.7831951848156182
1.8350137251703744
1.947596225281603
2.119024536849511
2.230560852687473
2.298969268689038
2.42185453878511
2.5217780478123504
2.518256776929642
2.52098067633795
2.5532826501871817
2.494786584527973
2.3924172883672523
2.3446757723578826
2.2589269890448693
2.1055544345244983
1.9999535706533238
1.9081939863161685
1.7527970996139366
1.622754870113424
1.5372952994868732
1.4070214694305956
1.2798314205651968
1.2067349394359075
1.109682704952272
1.0006964049570661
0.9424708313741094
0.8763859940213984
0.790877467080972
0.7482003962311111
0.7075306285732327
0.6449936932596494
0.6178014880883715
0.5974232544152372
0.55524163519241
0.5434602084292672
0.5399296411702464
0.51553146158552
0.5194838711394446
0.5309439162510126
0.5226053102652809
0.5429967036731532
0.568390809263807
0.5750528369151574
0.6123740011604318
0.6501681939125683
0.6705119409407672
0.7237241341506246
0.7702124323636557
0.8012045258016668
0.8658033969727729
0.9133846203151463
0.9488037710796632
1.0149912892241866
1.0515683288000224
1.0816736655311465
1.1343599304598715
1.1458370194557077
1.1598642496431508
1.1828527881367046
1.1603688879291187
1.1527126865459851
1.1380048314962297
1.0882079447344577
1.0656357885702086
1.0237621113891862
0.9739214170051792
0.9560953138818651
0.9168125712019595
0.9025782712356635
0.908177718166249
0.9017546278388195
0.9357727582708902
0.9602526465099908
0.9877907323830357
1.0356287986002857
1.047840973574351
1.074254035462448
1.0801515842605316
1.058972028106044
1.0526663981273148
1.0101316256468766
0.9841312622089846
0.962146383441414
0.9358329243233434
0.94946262338047