5.036820489003921
3.767126679453138
2.332607492957701
2.557352177205359
3.4297772400817372
3.1532139681382643
2.517003391969647
2.772559372064187
3.2700991629540526
2.9996086681358842
2.666528274664233
2.8456740266548595
3.048331779127486
2.95883716867106
2.899903933163486
2.8033489592454495
2.767145285101559
3.0099886546272985
3.0989174998802316
2.7281287466835145
2.6346128639553146
2.96765187908332
3.0330922868407098
2.860342966046922
2.7871352404373977
2.6862530747911357
2.767223693751866
3.0504798790794316
2.94680766402219
2.669726002352228
2.6701425440576005
2.717689044508287
2.840225980820156
3.0145012340142423
2.807232575685294
2.5932410381055173
2.6133873358217703
2.6392981428697246
2.832643724827059
2.9577870341700607
2.7533548703192934
2.6293506415217256
2.4972764321970233
2.472397067001567
2.7128471530674476
2.8005349161268223
2.835437755319562
2.7597127217257893
2.4897837327986037
2.411559808211637
2.3631991762696654
2.4597839398746593
2.6850538135826487
2.733769661700608
2.8032154298503054
2.647807863675392
2.4539315804786193
2.308825262157607
2.1565065101382714
2.2358496021875536
2.310587757316665
2.504032075920402
2.659391310785242
2.708768211125046
2.7326291009717343
2.554980885995651
2.4255858188575945
2.1702388365708907
2.0276291765975287
1.8946412187672135
1.8668086134722404
1.9373679807649444
2.03705458807742
2.2502194415467414
2.397513100113336
2.6302130246536017
2.7298038580764903
2.8821013259117536
2.8792432297424053
2.9115765809614884
2.803196884439896
2.728606278689935
2.5452509307108078
2.402907853199918
2.184876490108692
2.016391037621636
1.7975755912460114
1.6342623340648523
1.4361128839417912
1.2959980474446304
1.1283792298015796
1.0185547869930505
0.8834535170776987
0.8040020313359291
0.6994007272418125
0.6468386407434411
0.5696047135448387
0.5392002729328937
0.48680375623255673
0.4738835105057547
0.44512655899679865
0.4457432335268264
0.4407031137268291
0.45202261245787373
0.4713092952678241
0.4919219801194788
0.5353085429259711
0.5654241842719249
0.6300433455014123
0.6712200892786555
0.7498729282310878
0.803691954693595
0.8842575587788372
0.9495189363947684
1.0166057712756609
1.0856274858585993
1.124932889045766
1.1814380720263642
1.18557351471952
1.208264215674974
1.1809114308011086
1.1553826091836474
1.1105667977517861
1.0452761168488722
1.001657749488152
0.9339642575350199
0.9081308413954754
0.8852307469112848
0.8874634386947059
0.9264595545508024
0.9563930112801884
1.0192105086846244
1.0584614674729254
1.081261583493481
1.0952739907996725
1.0574277710420197
1.026301830141571
0.9785125138027659
0.9356741575168005
0.9369530146370538
0.9435819387023802
0.9825829320589015
1.0335434269921602
1.0496214309004417
1.0604991450249228
1.0349889397483607
0.9849817032872343
0.9627158836819313
0.949801269336541
0.9655243198246133
1.0149832673473058