5.137751228261809
3.6568178398652935
3.571846695455903
3.974809738094584
3.5557326123887134
3.8108588164920496
3.7398185633026957
3.6768366509339883
3.6888344814758263
3.8612811331874792
3.4881921190161096
3.8951702716821575
3.6503190984994602
3.551144331098792
3.927336041591317
3.4916027258973625
3.7104187628785072
3.73514235624396
3.622682917759634
3.5186897285581185
3.883781912832931
3.4472220422898365
3.6236221447320416
3.6924850025923748
3.621404190463042
3.390327433650374
3.7762154321763304
3.5491358838302025
3.443071517556685
3.5227653026907007
3.711512690954754
3.389370722507651
3.393187383026766
3.615395684831842
3.532993627666262
3.3303495915305947
3.3281475178554274
3.6288312983833055
3.4151967397306287
3.2564059123373443
3.273457403945867
3.5073116673732185
3.4551517740935713
3.1358312803661184
3.188318218894447
3.335121927803239
3.448956916621687
3.2285493650922357
2.9831284564392764
3.134963584877835
3.2941695498629198
3.3360022614505396
3.1269002439097227
2.8567652393406413
2.951767240035343
3.153000639925355
3.243338000012743
3.163625579834298
2.8555932186429795
2.6827823842944993
2.8031647132616015
2.9849803124140846
3.139233145678531
3.122798055922153
2.8425800765391944
2.565395780062595
2.475421368608419
2.527276932701849
2.7286062307565007
2.985170921903196
3.0668817578515797
2.9403690588190994
2.720227507259295
2.439932392165282
2.1632187357688712
2.0392681730484847
2.104956698377252
2.27270108718539
2.5018222220534794
2.784382769573523
3.037534764666387
3.1685940708080915
3.1816868263161666
3.1244719736654827
2.9954556246403388
2.7738691917917606
2.4891385254041203
2.2009904235319553
1.9353574993993725
1.6794705083024046
1.426899504964156
1.1965386435681113
1.0081613463968087
0.8598576615142276
0.7358588582814175
0.6267776635254872
0.5358343387586019
0.46948852054713813
0.4278455682671414
0.404418158996506
0.39218075009062175
0.38862484245423534
0.3962612707545092
0.41949897793340424
0.46067357306700296
0.5179022617632912
0.58618125517334
0.6608693310194046
0.740620101766455
0.8269602994577703
0.9204948931351274
1.016845002647451
1.105898760594393
1.1752202530490512
1.2150673732207007
1.221525639412795
1.1963883674824047
1.1453012376362781
1.07657731295109
1.0014333511864215
0.9341425181477438
0.8900387321624749
0.8809166853435104
0.9096459002155896
0.9669342591143844
1.0325349821162109
1.0814293767643866
1.0934706406482357
1.0630611476817708
1.0041345167513456
0.9461841907749395
0.9205840087890843
0.9425462533875846
0.9993601395895378
1.0550097454379601
1.0722635994444427
1.03972141771409
0.983282754716518
0.9488709967060021
0.9653150298214705
1.0172045732914627
1.0555801336383632
1.0430341315506595
0.992774197364837
0.9583854933159329
0.977369878787818
1.0268176566619327
1.0469490240008033
1.013283497793202
0.9703769925722475
0.9760066725945875