5.453540527733391
5.252806863707731
5.183264092483408
5.109414593986044
5.353653358586897
5.069767396548375
5.064263775096147
5.478963983494758
4.9088268526795416
5.1362183168541
5.36673708341304
4.96999536564871
5.186686671578902
5.005767566069256
5.3160353445276565
4.9943547233920285
5.007013737726144
5.124783405268195
5.074427940405257
5.131448743097993
4.841608404373581
5.087769630200941
4.915950536290483
5.160263171298269
4.825804584049699
4.9883708402127
4.7556046496979025
4.997655475712413
4.852179734259222
4.92925981750814
4.82022151376517
4.7073787020471585
4.812591873331335
4.586265815327281
4.882709325099792
4.5851491243277565
4.805481831098632
4.652753505766505
4.537731262651612
4.708538540936093
4.355676480800949
4.561855321682296
4.471686394204352
4.270397441944039
4.552817302010747
4.298701769805142
4.245557592224948
4.490454359775486
4.179195804082457
4.159903169635691
4.401438874320709
4.099121056277611
3.9937667598506543
4.2750252654395196
4.086301898919721
3.797874138606203
4.024152523555545
4.113037564384947
3.742070236513027
3.632996239499505
3.9197719923774046
3.9069476207342455
3.520820597381523
3.4083686773900794
3.7019536108852327
3.8292477540243253
3.517283125498146
3.1933854919121094
3.2789490830875696
3.5895884999930234
3.645623414482631
3.3108422644954096
2.9102024111997755
2.8193661196028548
3.0849597845930887
3.4213536911031577
3.499302210656278
3.224806149969495
2.771301349294873
2.4024635516773425
2.295069664082953
2.4693726492456043
2.8172549846598214
3.195444984524417
3.491655413537255
3.613904511523373
3.508261659336906
3.2216361274097194
2.85518641870966
2.4515966460398357
2.0215471143261396
1.6227447018263141
1.2999205749603284
1.0290375470313498
0.797784071808223
0.630508794653612
0.5136625826027801
0.4190091098857916
0.3598574200283829
0.3359042241287476
0.3233558173447507
0.33500648197091015
0.3760817278345656
0.4249271152023489
0.4987926043140622
0.600595237939752
0.7033670289806022
0.828449073942811
0.9628568360372692
1.0707379339296488
1.1747378131693584
1.2356003735773233
1.2337870423033774
1.2005154420322335
1.1030701200276352
0.9944384248864718
0.9069049500997506
0.8562240378621168
0.8937355231139946
0.9663546767580267
1.06682177280943
1.1097721385696426
1.0807982939370304
1.000008422430911
0.9216347781194432
0.9281561757294643
0.9914610189862927
1.0714609364326413
1.057851069862319
0.9940367019972008
0.9317776329493541
0.9748085770333895
1.0391881290869291
1.053712526393844
0.9783678972740664
0.9514815732894047
1.0038441568309167
1.048968476584388
1.0027096884091282
0.9528586785622235
1.0065188707225328
1.037060431410539
0.9934141340774845
0.9636196597361346
1.022771911475806
1.024959538379712
0.9636104482426049
1.0033152956215787
1.0295223413407506
0.9759962610618819
0.9944563397355698