4.046057795751238
3.3586955855678338
3.003168744030351
3.1749446648795296
3.2733823306312626
3.1689466978178746
3.124146841169496
3.109874018993129
3.255393966508172
3.2423004194524085
2.9405969601462036
3.172065215635246
3.419536620520902
2.9444581800860266
2.9722231523425484
3.404911844476252
3.135385080416033
2.953315333918507
3.120434427555882
3.1736394511969688
3.231546422726152
2.9770551688554145
2.9128630988282835
3.2891401126708484
3.1634036993673273
2.951113701886088
2.9624705638773325
3.027276466245101
3.2628979192111807
3.038718112368414
2.8283236205074727
2.9677926697041905
3.054115596245983
3.199089717970671
2.9407928111642554
2.7801448520144563
2.89380722569682
3.0017881343164636
3.1652534385625226
2.9092138634169094
2.7742018424856476
2.721286900983982
2.8770119374812197
3.0755599421800848
2.978805490619658
2.8592989944893064
2.595827551714098
2.6642706139521724
2.7558371564118596
2.9784025336138114
2.962046080557198
2.835098531443246
2.60681550538327
2.4709780376150148
2.525506328968991
2.6631081466163264
2.8721675723816413
2.890616101267767
2.8352087979784986
2.5850123801685725
2.415522469946422
2.2577911954075347
2.327007605152208
2.4300600423937047
2.66508614514211
2.7745877962464878
2.8554059428553713
2.7431484363667002
2.5789200712850042
2.3329196368270932
2.1205649912101547
1.976754707420259
1.9231272649982092
2.000522978512447
2.1259587554658377
2.361057893514116
2.5390813768490275
2.781385983206719
2.884435940417468
3.0047133262906254
2.991117689504029
2.9369007823170317
2.8331499794076707
2.6366719045015845
2.4771493340698245
2.2247222562623064
2.025592226298964
1.7992207001635518
1.5791521986268426
1.4079404125267618
1.2068465846389387
1.0703517178603408
0.9274821028926862
0.8042331320717481
0.721048474045041
0.6224578866309665
0.5661848332917707
0.5140109727129757
0.46476168273020735
0.45005009164974596
0.42464223209439583
0.4183750758697571
0.4316253160534848
0.43416076490051586
0.4650664135747666
0.5022248407852131
0.5345553034548752
0.5989927855184444
0.6570917334161516
0.7177204327481297
0.8065352903609121
0.8750950003462201
0.9501320279521926
1.039183719206197
1.092446946478866
1.1488096554948308
1.1988382937797988
1.2006816215835165
1.200105217272854
1.1825585290743175
1.1207132232099137
1.0644429917534224
1.0088737890960968
0.9374653764832287
0.8952134575760703
0.8879574843016141
0.8904089824831222
0.9216283510116864
0.9864872006323887
1.040065903508965
1.0713351309679517
1.095095571543532
1.083793997489671
1.0302382109105788
0.9784332134549447
0.9469325123541867
0.9295161340074712
0.9415594366305425
0.9921369133397536
1.0452778714661983
1.061330515798779
1.045555013989848
1.0146506731738527
0.9733759401355678
0.9438787798147337
0.956483745758012
1.0056576674812803
1.0462370231845246
1.0441953412206268
1.010815619746951
0.9764673760879691