2.0365208915917794
3.272272394607696
4.012413010811905
3.0155980724113167
3.516975557310372
3.6486210407546906
3.192944334045049
3.5123651486165124
3.4927738881270582
3.375266736981792
3.3599451036732875
3.486854522804523
3.4955045782115444
3.1667876047885226
3.5735289835110318
3.4780584630901257
3.1356061027915776
3.530826031503513
3.4282269358444584
3.3070775125860323
3.2492797861422593
3.491308880041585
3.4206713829612085
3.104413503522739
3.410263688242418
3.405336440223114
3.3284265763167107
3.089044165483607
3.369357489953196
3.414627003786121
3.211272954889905
3.099517054713783
3.252194039933689
3.425403835719076
3.172712874431783
3.0635695891052683
3.1004098814872756
3.3769710431876234
3.2194372354544507
3.0626728055612555
2.9241263532007102
3.1918126939778557
3.2454526823660297
3.1880673549934633
2.8876964817580726
2.8996879408703684
3.0248004653354204
3.225597407644788
3.123651153103593
2.899314654101428
2.7471055587105777
2.803770267128149
3.0395617499102063
3.1016639541041413
3.057617807267035
2.7525367793509226
2.6309707925475228
2.594118295771584
2.8057235847059028
2.983447127189625
3.0153932473609943
2.916197435125322
2.6167733636072588
2.4534753371557865
2.3496514854166346
2.465690396713952
2.6818144236933974
2.838260780029738
2.9725037038743816
2.8668288734576386
2.6761986703435046
2.4344432626675148
2.152831957449449
2.0347770206996914
1.9931742523942537
2.0811168488651988
2.307976664478892
2.5142937157787753
2.762451119246794
2.975423213949688
3.05271806985257
3.101657415910268
3.061381748483298
2.8941045478978946
2.7230213317630128
2.5123768105982416
2.2348761231159777
1.9917858399559805
1.7653161958836399
1.514589462877306
1.3051853805865228
1.1391360454954724
0.968604128070582
0.8229370955549239
0.722750707321713
0.6305498645522454
0.5440644660111452
0.4904161461251481
0.45664858184623947
0.4215785596629199
0.4000334801003883
0.4042000109730032
0.41645652536045286
0.42812520285310063
0.4570627336920695
0.5086300707698713
0.5633912194050225
0.6176077252811009
0.6907636344889752
0.7819495060248892
0.8664586001917464
0.941663833543249
1.0259282515476233
1.1113893263980485
1.168777745185676
1.1951386313458685
1.208984253741426
1.2067673983528573
1.1684545119910958
1.0980487805451087
1.0229964923121178
0.960938733993145
0.9127377211871633
0.8816317612610582
0.8801283322731376
0.9170102134122474
0.982946693779928
1.0502905405625445
1.0902435272358977
1.0916160236548984
1.0614568257466603
1.0135225492026192
0.9639584993718517
0.9323674856408198
0.9348200943093219
0.9720476532913269
1.0251613397721455
1.0631104215124931
1.060540639180891
1.017857158737027
0.9652168139856594
0.9413867269126254
0.9636168864609822
1.0134067509615572
1.0496175373815901
1.0417338694917515
0.998277072113946
0.9612839392652685
0.9661566956555513
1.0052981180291496
1.0350909492230527