6.152084677525417
3.6336272359615736
4.248801548653896
3.986011315611141
3.9895276417530656
4.191443951653514
3.8132515928174913
4.3185073094135085
3.7393388059162
4.301833538733921
3.827475130558003
4.114849501292805
4.03517381421919
3.886746731528776
4.161646986980166
3.843500512689873
4.046902441161714
3.9958197184120614
3.8785402518350827
4.010788721347161
3.9807373584261536
3.7745596666821015
4.12764664178447
3.773618520750544
3.865499929225002
4.065157957587601
3.6676413737775375
3.928726795793256
3.927546070486961
3.6923430478007586
3.8339791365577565
3.88563495085661
3.709974983999704
3.6741873226504307
3.890946965598998
3.7223474077579493
3.520303070446671
3.828247245089107
3.7749661720467405
3.441088095095108
3.630034106009949
3.7906511623442936
3.5301593945270224
3.4147616290624048
3.5838535522159902
3.6603099544816238
3.479495007311197
3.2962188071588
3.426614720279902
3.630330356472225
3.4568423115805924
3.149875459321277
3.228551127492451
3.5098255119992925
3.4778583204298634
3.1714487774932882
3.014864187170597
3.147719259195217
3.34445462589191
3.357960733825461
3.1442727060494358
2.882164059940784
2.822153064628565
3.026122579124334
3.2688654392019805
3.268957029927589
2.990840881373008
2.6638449074965913
2.535258183313549
2.660465911880057
2.9096124044972753
3.1053732729655006
3.133552463191286
2.9732009341007903
2.681686027981781
2.366789120636511
2.147520272429702
2.106614006505551
2.2562720749155707
2.5382604857109428
2.8565811221206356
3.1200513423870713
3.271123622656359
3.2919915879808967
3.1941946773575727
3.003537554079309
2.748756991339567
2.4561284226564224
2.1481059100857247
1.8433321716671711
1.5565403375953126
1.298196491905616
1.0743334898265668
0.886928124900777
0.734816347891568
0.6148772385568194
0.5231646819147564
0.4557685514776896
0.4093345805161016
0.3812843526275415
0.36982697831604466
0.3738526753824989
0.3927700677674986
0.4263152623572537
0.4743345713077147
0.5365292127859255
0.6121501974577547
0.6996442826246223
0.7962766301802436
0.8977912112944081
0.9982118839145516
1.089925716059193
1.1642079226792046
1.21231918120982
1.2272026056076373
1.2056105346025803
1.150212479442838
1.070942366239558
0.9846732130573987
0.912451704742013
0.8741559715118079
0.8815763646135238
0.9322702945138761
1.0074324411850715
1.0765480212650875
1.1091254714049554
1.0897045305037143
1.0285061440668937
0.9595826281924928
0.9235596466777563
0.9421407617822127
1.000657333257952
1.0545087325265252
1.060739228869981
1.0140758829159642
0.9558227795874573
0.9405709452248507
0.9842287816087213
1.0436239163353964
1.0567308477417379
1.0099450413344748
0.9576411710557236
0.9611873266641984
1.0122822856337854
1.0408326153332128
1.0089720767589652
0.9668404707397411
0.9804469606230991
1.0278998479243695
1.0297101188050541
0.9803761347935203