7.397708603383847
6.642466579792386
6.624677627552153
6.710672768334488
6.770360857639211
6.685861757100472
6.470289329034406
6.302042993904732
6.3643482013220645
6.6014965283037235
6.722576542091473
6.572503064321536
6.400804582933787
6.503447333048112
6.688202344105527
6.572259728482535
6.343321069250233
6.434472797764643
6.571697878187773
6.345342132665607
6.222374301410766
6.431666333994401
6.332461905337825
6.145962252100152
6.388914801455121
6.3398466956367425
6.163085023410107
6.40037260349217
6.187720122143385
6.060413446632395
6.206695351211231
5.892846915795106
6.1149370074958584
6.032438338828193
5.940262401248258
6.038234683906599
5.693213291583848
5.963806647062898
5.671425252214463
5.922806594994556
5.564412056447162
5.735432153029168
5.505800565241502
5.71181217165827
5.37232671100417
5.570360198630366
5.275434448003267
5.545301395879058
5.098147419879008
5.41315892333968
5.1044965579422295
5.1539668416462705
5.139683496293838
4.899418036772925
5.1362569223984265
4.756503102038072
4.897631081023104
4.884950286989676
4.535039664703112
4.799917198625994
4.654824896676817
4.324407704083884
4.6300603142202235
4.512808977636496
4.067463623005057
4.386325457847096
4.419674076067778
3.9583988201939846
3.88937457589331
4.280868595605388
4.089767709404056
3.604190814364301
3.5793965111847896
4.001372810549196
3.9717219093423393
3.4944626375864822
3.0873260175488
3.289886679016124
3.6983478358279145
3.8174037041554008
3.4460535731769415
2.835033506877776
2.4996520593659475
2.5646347237998293
2.9898454170182114
3.5135345153729163
3.8276160364440894
3.8793906238385394
3.6529169730807
3.1872745715299087
2.6440633381668177
2.116149814418214
1.6222380314223421
1.2076292658591434
0.8985635503949129
0.6702858222708046
0.4997236864516399
0.38480415894906944
0.3206874282215966
0.2933515644394462
0.2916930476152839
0.31415037824130293
0.3654494624664209
0.4484673819654261
0.5585879500469484
0.6871521751709222
0.8284879702475917
0.9776122660179427
1.1192487227769459
1.224300033055898
1.2625169551759814
1.2208534962776243
1.1133615151814764
0.9801510729955716
0.8776307170659698
0.8566139244125818
0.9293223096916473
1.0469996538996056
1.120445156458267
1.0880672809378693
0.9809964596809859
0.9087292881868059
0.9490193595547518
1.0475721206394457
1.07106804954847
0.9873446203320257
0.9269394053822725
0.9869194508238378
1.0581886271756669
1.008970710838766
0.9404419771094159
0.994145911498178
1.0483459738449934
0.9812544797145388
0.9595815000300738
1.036302306883005
1.0121053043998813
0.9618361557776172
1.0293897583624665
1.0171047200554861
0.9669259719499945
1.0289479705846167
0.9956246493952082
0.9742764027358363
1.0296789783080582
0.975054846486041
1.0133251515927892
1.0103979243654038
0.9803530997936899
1.0227335913501467
0.9714407026074682