12.64196995698342
10.339529616554179
9.782040608064946
10.187775535333751
10.14288843722779
10.240760129751388
9.969613986118471
9.822450238216305
10.336048543127855
10.05790072319388
10.07355030622439
9.747703445613963
9.894189591051218
9.920091371500163
10.079558267626595
9.965271948141542
9.967219700566474
9.705728815703027
9.74211443186313
9.497772961993457
9.577105479659624
9.452899633477845
9.409526477338204
9.456184923089353
9.285467609628915
9.300142501983716
9.2664172931272
9.09876720161277
9.092658150132372
9.095074792014245
8.99368693608448
8.987431911750539
9.081474995228607
9.080280763399506
8.93471763490208
8.741629002586622
8.57767554903335
8.495449932097964
8.523691785775673
8.563304536688872
8.431726401330438
8.151641201312637
8.036410717249654
8.188346012895115
8.178133458832722
7.8450470949184785
7.762017517110039
7.920596544687292
7.633544947342454
7.411238887252637
7.618327975824656
7.299905880529042
7.161688324496159
7.3347209905468524
6.877950181912344
7.078584417336083
6.82122688924127
6.703039104067352
6.737398345289766
6.360937174739838
6.5551509270765225
6.085008517606856
6.3518903220600365
5.903892342666232
6.117095204041387
5.767891414816627
5.704681285884353
5.72441004378588
5.2670204630017645
5.686247119825669
5.051389791330939
5.124442581089611
5.3025554175390175
4.60102366877263
4.849767439112074
4.990421112316393
4.25120406349593
4.281773289194027
4.768294194566012
4.273687319370216
3.5913967865360052
3.8623028688501977
4.381284790454407
4.182225872059875
3.324084912439506
2.7927266968096354
3.0237986888229447
3.7298755309112734
4.302030399017758
4.385315841692918
3.941396069352242
3.228417872105088
2.412574816118073
1.7170282931111955
1.1595490537051087
0.7641528321744119
0.5118965703744464
0.3486156206412581
0.26481407395034934
0.23774071523799684
0.24670151101837937
0.29644198626589713
0.38966671372110345
0.514484987280606
0.6740515314953811
0.8689970748181753
1.059931649742839
1.203989088095501
1.2729419036684937
1.2314379978097154
1.0821795911268923
0.9116332597810362
0.8396232748700689
0.9213308589831706
1.0745484343086849
1.1281120759553065
1.0179350375472502
0.9018597238852882
0.9557053527527968
1.0775812422897408
1.0385260130950076
0.9304594999859985
0.9960015729259287
1.071898395774053
0.9710054080433036
0.9723226960411482
1.06111889452591
0.9727156606998686
0.9910142032627836
1.0456426173372153
0.9580422813133206
1.0357486895529442
0.9920858337268224
0.9954615297063168
1.0205368499574465
0.9718422859533365
1.0273349984899427
0.9666700323231517
1.0292600024064589
0.9740470033198819
1.0283554025461321
0.9812534515481894
1.0101803242191907
0.995824743203713
0.9910168772617272
1.023647496375026
0.9751035220966748
1.0149489863594094
1.000241535312644
0.9859558542722611
1.0188721528194198