5.330759189003398
7.121315841533823
7.252629704713757
7.333537536958065
7.4243648046943305
7.537086970040533
7.6586913799574585
7.755768654401934
7.790106237722438
7.748673868120294
7.6713724163840435
7.643040314945475
7.728525422194575
7.8882506508286445
7.973968535364405
7.865149308829505
7.62966181692366
7.477615611268187
7.501755290578925
7.571008860304008
7.580837157813102
7.602212674850489
7.60004413815342
7.407721527475568
7.229194724332676
7.399531536764982
7.5445861727634185
7.265056508800208
7.093227971666521
7.2685053337621985
7.269202996493101
7.0802260993828465
6.980966797930243
7.089997523645453
7.060612803309296
6.750409420679701
6.963532707115593
6.879481954863476
6.5846272619678095
6.871031085943204
6.5647947824221875
6.551427677590547
6.628267511743178
6.336595738543516
6.492681490058217
6.292682738506828
6.2503302272579955
6.270797511444388
6.031447601524337
6.188739225279691
5.869787838396616
6.047349162052236
5.743159455965572
5.88071941205383
5.619387316689217
5.704209907877932
5.522447918145708
5.450632945711142
5.530507774446714
5.112562486794481
5.491057037078606
5.002268695472395
5.091312482289076
5.172972289919536
4.686843551128429
5.000195157321711
4.807347212168372
4.4339552101804065
4.806183646700658
4.59559308113111
4.101667021764859
4.425174156074319
4.570994173468066
3.9761792211992173
3.7703284559947776
4.206723500048689
4.246893975795696
3.651039806408882
3.294355467291883
3.616962121801179
4.043240607788949
3.90713433392562
3.262278926673611
2.685387669751722
2.623204862543611
3.058864388860317
3.6505954183977987
4.0412363521910155
4.054370170516878
3.7104615464823105
3.141298169657419
2.4964630158445873
1.8882983434642828
1.3774895647821683
0.9824567005361
0.6959956609780857
0.4997737038043482
0.37372013005260063
0.30083169562352113
0.26897809852081017
0.271097121294023
0.3045517930903307
0.369822035617614
0.4683553560861594
0.5994882266776319
0.7569458338735346
0.9262484744279916
1.084647081809619
1.2043501188366201
1.2584941079662575
1.2295662409774617
1.121600253376968
0.9741444474564145
0.8624529773728183
0.8599744710007441
0.9699145221942038
1.0949587788181412
1.114607225507228
1.015877790907901
0.9179599464879585
0.9372147088240714
1.041746125463791
1.0776538728460556
0.9848720017838138
0.9279544874736819
1.0195044536680105
1.0642576823162175
0.9660431533466437
0.9614459414346394
1.0491280957511941
1.0055277895212675
0.9564798671673526
1.0300162634345398
1.013926758557093
0.9587964450221612
1.0372636127826376
0.9910093630966543
0.9809707743015211
1.0361403113960126
0.9638791360573082
1.026506789729529
0.9886082258898626
0.997865144823281
1.013401558407298
0.9795969523239543
1.0252610453374271
0.9727571271684218
1.02852006123154
0.9724318345229587
1.0259600714195127
0.9779667253120945