14.579530881984361
10.78454797221912
10.872388769331257
11.266138227466838
10.788043478003603
10.99790923919543
11.121124286715403
10.79561424460662
10.901018509170083
11.039814362839202
10.908973202360384
10.589164295975108
11.012929994581793
10.861908704350986
10.719547078848185
10.624829920325034
10.542528137321263
10.79605591645795
10.777637874217215
10.499325561236263
10.414534178248152
10.363828000961608
10.228983067185816
10.213369353918587
10.317848054694053
10.345490171488475
10.252180026167185
10.152138118616236
10.114453776366963
10.103871894201628
10.061791444054805
9.969800759815731
9.844334650501244
9.705259583987225
9.559416897722274
9.40599596443606
9.252147058288807
9.124199871779398
9.060309336475544
9.076297909488213
9.12114506168579
9.078375088127101
8.868684156837292
8.591044480218429
8.478327129191758
8.572037494926354
8.554157228592468
8.243340515737273
8.053706000104997
8.22380577443189
8.146980657984797
7.744513251186487
7.792990514123713
7.7908324707126635
7.352613605211716
7.5290258132774595
7.409406675481741
7.02087605803303
7.265836240129992
6.783676837647559
6.995415298052039
6.619628837179335
6.62521101054346
6.480608392212288
6.338500339626513
6.193064549341018
6.173976147201212
5.824013102105707
6.055346858251672
5.438936867156442
5.866017735988484
5.261285356581032
5.316967326484151
5.450754386761746
4.702623270874614
5.1193970559286255
5.019482686841572
4.290666140707133
4.571011486260834
4.87399421224484
4.10694647233836
3.6741750943195117
4.23413749955215
4.521980033650482
3.891918115350965
3.036915153182579
2.885253074246682
3.515814819488729
4.249266855611613
4.511640856689726
4.199185502023076
3.489007545393892
2.6322053323599026
1.8408091981924248
1.2243890370111037
0.794682344870967
0.5160489999515192
0.3474922554536522
0.2576893309899221
0.22572884350940128
0.23955307111548887
0.2945129033291826
0.3908769594271887
0.5297341174434814
0.7074522269612055
0.9092537967393127
1.1038358510816773
1.2438592511995852
1.2795858970055771
1.189412256932873
1.0153335896757958
0.8677145267452183
0.8606355536943886
0.9970252354759417
1.124504606354664
1.0844791112370082
0.939628865071501
0.9217149924453883
1.0530900605526439
1.0710975456506504
0.9420934290020198
0.9610650529248539
1.06771306536035
0.9851020625137326
0.9609326148844639
1.0598713664943435
0.9704148889261607
0.9852136746928116
1.0419941586563033
0.9565472881550454
1.0384546447970073
0.9713758194678698
1.0166913817904542
0.9975806917444363
0.9951044534779747
1.0064800871380144
0.9979544080849636
0.9967535716958739
1.0100549897999715
0.9839680801253909
1.02262668302202
0.9744718338437778
1.022888133322104
0.989148912702432
0.9927877345560863
1.0235815376361392
0.9754015838751136
1.0074501990608773
1.0145817891396294
0.9841128427027765
0.9931141928616384