4.423536860859543
6.472105036285578
6.677621641324716
6.197140048007179
5.722586989774893
5.825340965688759
6.299780000895107
6.405446225529757
6.0801561103542365
6.001552476848427
6.160015668211568
5.98706271833298
5.7818652861240345
6.038898246243422
6.1445912837709855
5.912776698203199
6.081139138688196
6.183954516142741
5.891662164767347
6.04070567516578
6.048920739242651
5.77908326735243
6.0081923717941965
5.831777663618369
5.759502565599562
5.934057234667906
5.631906445846201
5.869913925699442
5.669887311365747
5.712387619367961
5.740903980378835
5.569176881285136
5.755660018163174
5.456212541659053
5.695531270043115
5.340164646310702
5.582756516365354
5.216558778379306
5.477770902360793
5.1376324390256265
5.431351808970008
5.12500764449602
5.3637035184183075
5.096861195467781
5.14394053304411
5.0686662489600725
4.898884419258596
5.147347856176267
4.787672249640346
5.037901274119505
4.775863227755042
4.6718835742420275
4.928424309267348
4.541034058683519
4.6769518715919585
4.683461708462811
4.322392966072454
4.599859425121502
4.535836247730544
4.120818893014103
4.384163941863675
4.4624470300475885
3.9823572523885127
4.037553024976192
4.355485519904053
4.026077903326201
3.6820522846732042
3.9367860508851784
4.124635818169242
3.7974666083090596
3.4136371124394738
3.5338399843395725
3.91503267710639
3.8074529335731384
3.317829453890961
3.0166846906180784
3.161034657462628
3.589822215155644
3.706252587775855
3.4234905147718058
2.8745887262490477
2.4740174018237404
2.444337084159864
2.7487672211353305
3.2349941001675147
3.61679880429088
3.805606734757687
3.700332253501683
3.388200917879498
2.933654778614762
2.418185317148128
1.94119540709171
1.492034518246678
1.1500944564406852
0.8578761988824497
0.6536551275006646
0.5027650981136563
0.3948347186715638
0.33849420469639036
0.301553450346241
0.29932170507937006
0.32514959686949446
0.36507243884680307
0.44097146809182486
0.5370211466220869
0.6477286167049692
0.7915344772583709
0.9322388136945132
1.0634786996453678
1.1852907135569957
1.2440525346047449
1.2391020324023396
1.1832504623798388
1.0661836774104645
0.9377584638036529
0.8657824635890677
0.8735146655730229
0.9496267077618298
1.0545700857397566
1.1182650694060123
1.0809582686431534
0.9743989482729484
0.9069771542075804
0.9478681784862797
1.046607406580516
1.0800891707069187
1.0069837273806808
0.9322926091599292
0.9660448222233652
1.0530249381007746
1.047133063399867
0.9624535759044965
0.9574871571010342
1.0338637160980875
1.0290009302497
0.9600689419912384
0.9912279258327709
1.0484091850185682
0.9913577738932653
0.9687857144159008
1.0328276047132883
0.999304044810214
0.9641634771679339
1.0261174057283402
0.9948351888193797
0.9730424757292035
1.0293208422091429
0.9809686476454927
0.9953453903665799
1.0208555201595428
0.9720726758731024