7.060174885611052
8.714341379263818
9.572799681659104
9.792575024235234
9.218250135892898
8.883199894890254
9.201196265305926
9.36422072740378
9.24421234508266
9.444984054661264
9.42240568917447
9.110382876388122
9.191989774582565
9.039039082786877
8.903862782647215
9.019927785858695
8.8075849547771
8.928078830042844
8.792663701614488
8.809533759436828
8.756022619476726
8.706792864998558
8.699246700273049
8.658774506709744
8.676723751999399
8.703471925864342
8.696752126934372
8.755854270122443
8.595728540987185
8.557415936801751
8.278979198634381
8.21727810290055
8.239588233538951
8.264531499432925
8.344514447991873
8.098711308430927
7.844852090130009
7.936737869724601
8.03262793635022
7.838570647340228
7.606814723850069
7.676305904676422
7.7283004817675875
7.411663958360093
7.337253301105641
7.5446348912750985
7.213014388476832
7.0599114117455075
7.2479798760105405
6.881286428119173
6.999308051074975
6.922471498916373
6.605634841062793
6.820256625782581
6.348025105127387
6.623946587713668
6.203997942239335
6.4213419898572885
6.052755989702344
6.244581823272615
5.841550223443639
6.100440228591262
5.586692146431484
5.945646425783416
5.384241408172105
5.645254649073477
5.381278845189944
5.126110677321574
5.443185160174959
4.81819443987404
4.974976810691403
5.091333303170226
4.446083566737832
4.678400745703257
4.888401277892865
4.2059748950325195
4.0754786695933145
4.563689628140785
4.341494851676043
3.627357627089049
3.5830660567098946
4.1225606544721725
4.247339828892382
3.6375231480928565
2.9023834493747853
2.7377393688852933
3.2294598374644643
3.919513793023996
4.285417140488388
4.187917195005735
3.6938373758529357
2.9578332905844915
2.2363573766965863
1.5916793744427475
1.0938713278828227
0.7447764861745523
0.5004531161006094
0.359907053167687
0.273255670189561
0.2477361775896201
0.25213912089219204
0.30298590525190583
0.378422877347002
0.5020819904965589
0.6464940738700125
0.832365537043835
1.0076827533382426
1.1759951562940667
1.2576565593700382
1.257989094924972
1.1389581985640274
0.9796057321838867
0.8610855169907773
0.8634109986971276
0.9969676798402367
1.1112752232481493
1.0946180003489654
0.9699369713777741
0.9011819074707148
0.9982806324008093
1.0915496541395162
1.0075783084155128
0.9230427450463101
1.014038363952014
1.0655317474431323
0.9581871092081222
0.970251484633266
1.0588615566003783
0.9775755116386632
0.9797245847961054
1.0436135013596226
0.9582643006188495
1.014939056660335
1.0167595140549452
0.9725125067061576
1.0391657534513266
0.9631519109941163
1.0276042018270568
0.9735071425185338
1.0153953410115164
0.9837654857701646
1.0125107318073054
0.9859083259921142
1.017251651096214
0.980670538799377
1.0246202265625675
0.9754772136755515
1.0235547072046214
0.9841946209569556
1.0018275554203793
1.0096610976030687