24.411864908362926
25.94112461157329
25.234945813960817
25.594430048530104
25.7934291973191
25.140325437038765
25.394940665691266
25.479325180860066
25.35932038108896
25.45896809249154
24.896075627808607
24.966720383834307
25.010509190626063
24.6420680956484
24.554738504754418
24.679123970772846
24.585013906304027
24.285042103489076
24.015573246687968
23.887112904866243
23.859218702452228
23.825864845370702
23.684532837733375
23.43555871384083
23.224215359206973
23.107262105076483
22.862815173126986
22.48206688555185
22.309730059134772
22.159675807768952
22.001557042389532
22.00575413749281
21.56147127204803
21.21079143358297
20.981335658883335
21.03094769136352
20.44950979999649
20.26482378250893
20.18166224636838
19.59969588872711
19.65149259668782
19.123898021766962
18.959335774017738
18.621303466060446
18.476512419910204
17.906019515698212
17.908923575731336
17.298202664456568
17.192954891083353
17.029839048707483
16.417713575228277
16.19900805985759
16.133592887529954
15.719247401388586
15.16882228897079
14.801463498987596
14.604891003201642
14.421856098138404
14.170825260535738
13.870509201794155
13.566393582910802
13.262540640521188
12.930047203169892
12.588988827862954
12.274845798225172
11.881109777310137
11.3428021234813
10.846178331643394
10.506415403729635
10.465013165085036
10.40219273504728
9.745720743045215
9.159333926239626
9.306235081285124
8.981226085885762
8.162312212713827
8.508614299911713
7.701208483782534
7.640190684718553
7.284211562284846
6.942092376723313
6.654529638133914
6.576073118105549
5.647740739498599
6.41583073047229
5.0657830475737615
5.07824169992604
5.816568283080502
4.46258452588862
3.5121769460394865
4.485719045588667
5.549517850988494
5.24067178071442
3.8871058293345144
2.399682727171916
1.298150633939419
0.6471238388576034
0.3184502283587924
0.17968205609861726
0.15262123553410323
0.20148024905200765
0.3119247957512928
0.4887781551332574
0.7405282517740689
1.0260350207210194
1.2461837843175587
1.2921443501573773
1.103359567948177
0.8615236744880244
0.8768871003355706
1.0937415438199611
1.0971876794892774
0.8953598178967966
1.0080186810992082
1.0766165652444597
0.9130942830953043
1.0666175000263383
0.9676930823224524
1.011799441775034
0.9979955632936061
1.0108579281313237
0.9789564607643492
1.0335713568637936
0.9543014964265324
1.043546787830292
0.9931904778037962
0.9724905491306652
1.0353204210833449
1.0097037131221902
0.9662498546392514
0.9880429385595845
1.0249958959412964
1.0283406261252024
1.0075592502066455
0.9873151091386148
0.9770472380320917
0.9742013210961378
0.9753348800922832
0.9791624473243808
0.9820762350598332
0.9794968096335749
0.9774859295272991
0.9858222043608037
0.9973167750629005
1.009837099390358
1.0199247653879229
1.0024922933791303
0.9859348014663823
0.9916372351259989
1.0156309579357141
1.0001950264585873