12.014820359548551
15.531059175302136
15.862577068353577
15.665051151818169
15.370347200333045
15.435455333200338
15.690328783370276
15.54546068440095
15.213552952731497
15.384039933387706
15.490258698067718
15.127804541813441
15.258252631985497
15.207070412066937
14.839359354469108
15.026833977720434
14.655818373329577
14.8995572077316
14.728970643618837
14.810674277738228
14.473049928027338
14.537673296558365
14.317904358052138
14.536455698468062
14.04379041092224
14.189287374243289
14.136721095443756
13.744118215445004
13.950634550643395
13.763939805908803
13.396130050841661
13.586422057745263
13.440317803743808
13.204902404956774
12.919774912704066
13.015373374205984
12.944131910391006
12.857996877253122
12.498793351675848
12.324009552686698
12.100983236574987
11.99192457526377
11.952112606235813
11.79098428259838
11.704214607044172
11.604640467313619
11.396414886399874
11.209102003698954
11.052917473235373
10.832596340661734
10.556955354055091
10.31654277536247
10.177244812453248
10.14631235789592
10.153559849989268
10.044312459744564
9.704677070251913
9.28993240067477
9.153402938399221
9.25795975290902
9.035401986501197
8.523391312037694
8.52433805610436
8.583146883190903
7.992688564219003
8.009023856840026
8.003825795825598
7.388671869710335
7.7153500779638255
7.06252938402366
7.194723947016626
6.769450382888347
6.776407993023998
6.410851293787507
6.491738318647047
5.847429025561745
6.3036465866373
5.3820376925952536
5.8131425101055525
5.451720723076752
4.793937710283642
5.4415296929504215
4.927812808262652
4.075330360910371
4.660890558429198
4.996546018254216
3.9854988519187584
3.129481129474937
3.478274123088249
4.463130234113611
4.944822911303799
4.552861549333101
3.596226889889883
2.4917261780719597
1.585648235577601
0.9501323182287749
0.5464801790917857
0.32559376160226766
0.223340459830685
0.19403518708437922
0.21895902079327378
0.29579914172705174
0.4271622815810338
0.6090735380485407
0.8284033469486937
1.057356398873574
1.237802154454298
1.2894107714774639
1.1713467989316138
0.9589699836279452
0.8348606641381769
0.9243484412313115
1.1015125604950562
1.0968994999167616
0.9277958603827278
0.9278523239531952
1.0805782749079913
1.0144999056032484
0.9209381755148885
1.0552482482058636
0.9993938518014124
0.9556085753229747
1.062673601787369
0.9500274714530478
1.0423079922031209
0.974738365838365
1.0141864253424802
0.98560105289518
1.017962320715582
0.9814769186061744
1.0270080958856702
0.9636098751187658
1.0379830719090755
0.9772630265927658
0.9968803614875558
1.0276708708058575
0.9707069393196472
1.003101290001355
1.0267214334113475
0.980898103080673
0.9849225233884518
1.0150351860304143
1.0212660843241121
0.9883410654181465
0.9805226616391963
0.989132275841984
1.0135784442326052
1.0182311405658606
1.0162861504150176
1.0074962710804902
0.9944774334451861