18.892486701460573
24.07873556330609
23.192778345943875
23.566449883933373
23.475181694840202
23.318575815158624
23.392348359474152
23.365196533590904
23.262334844013566
23.0863519106816
23.129270022707768
23.21918721780052
23.045898419039887
22.737352785013083
22.553768692843175
22.537539846080012
22.578118378713995
22.58121538655426
22.521517203148175
22.413170023563747
22.27408766019422
22.109249603028562
21.909001895968494
21.659064458264044
21.365337751999117
21.085441815596052
20.919603606222417
20.898421767957455
20.84931136928987
20.556748748678945
20.198020535121543
20.11892488962821
19.990981414680842
19.585346906839863
19.510528372833754
19.268990910811855
18.9199741709547
18.90773146904456
18.384915647201478
18.461707569399664
17.8710762534961
17.97880744462475
17.378158578694144
17.382680483207466
17.048667473710065
16.587313099932924
16.68915073478975
16.188166613895227
15.748054213884775
15.772337749877954
15.564285753684725
15.041775291336812
14.619797680648619
14.420287652395906
14.291438396999329
14.106337832314468
13.846982625924397
13.546929953950306
13.23945739325633
12.94279949934343
12.661869048822075
12.38909140208053
12.100136532063335
11.752936991316172
11.31233241778408
10.818564960269933
10.444104815611995
10.35953065050132
10.367587203631357
9.938857290651077
9.22537718073166
9.175522292504741
9.24277731849189
8.376633679909489
8.34191429574473
8.282393170485769
7.411309429687867
7.877103231773436
6.786859411872985
7.345700888181842
6.179327362948237
6.831305604825012
5.7144644100455695
5.918843015223172
5.920849571703119
4.636950164772674
5.333370749912211
5.4524887787469725
3.938700542750258
3.5296624941767685
4.6729767659774835
5.485617161283909
4.9775939762773165
3.629670210791462
2.242950152189315
1.229260208943794
0.6246628838625697
0.3155114680477046
0.18507155270842846
0.15884848493618345
0.20233089173125615
0.30752206959271033
0.4789669298103799
0.716798694195323
0.9928235512336053
1.2276031183037468
1.3026064771178572
1.15270438501758
0.9036446391872829
0.8400842192990824
1.0380168946116461
1.1349659596478194
0.9474526442430209
0.9326305530145852
1.0973446333582464
0.9597823580928834
0.9839762925481724
1.0530360210673453
0.9387568590696165
1.0624054695882754
0.94324764378122
1.0544894383619154
0.9520690982489808
1.0383341493633957
0.9836810835629587
0.9874446014223516
1.038522316262243
0.9658456228273493
0.9960997882840726
1.0372531532877294
0.9896221974463777
0.9669943284966926
1.003560794609135
1.0311564830673183
1.0202758959411038
0.9943973238795942
0.97762141822648
0.9743304917839092
0.9783336352321366
0.9833886308520052
0.9864110134759333
0.9867218816339978
0.98496834415739
0.9828819933515949
0.9834369849366232
0.9899866871267016
1.0027656976223824
1.0141290761522228
1.0110692783508084
0.9932337651530515
0.9861965969318608