14.445023324815935
17.346028004049742
17.600440440438547
17.908501298296795
18.19599753272373
18.249256226019007
18.00406231147072
17.772580400613215
17.865692941273853
17.99242448413572
17.83193981317645
17.878187585031835
18.14574644091606
17.888914122810558
17.65333391108443
17.570278843494965
17.468992361292035
17.743764152565294
17.300568017730082
17.235918563354087
17.247915204273486
17.20575397442283
16.783355374130213
17.092863654005402
16.627838278456178
16.659927241220526
16.585672556775187
16.277236897703773
16.3049797053383
16.108594036405606
15.961032072303086
15.79089642022276
15.601039736856874
15.700091292867963
15.20427635569633
15.203586164963617
15.064257989320316
14.678916409652738
14.721652391582884
14.683381862009819
14.2927230457255
14.021890564279492
14.00911695646046
13.959864541351124
13.71274744553861
13.365796481788644
13.057091497862675
12.829164395468997
12.651492620736443
12.485890895107406
12.319714456321277
12.156410276687263
11.982706927896647
11.757404166964294
11.463485704790235
11.162207672165101
10.91509844869882
10.690394683908481
10.519168476409618
10.50692473419285
10.442166323790765
10.080765769851823
9.619296863559033
9.342440794305627
9.463192936722585
9.262349670367708
8.627832820198872
8.628187159638662
8.646202418894363
7.917787690068597
8.097019760138608
7.762782847496079
7.336966407039584
7.545347541824918
6.734433823556706
7.185339076627798
6.266433382540865
6.696169044488506
5.937855873282168
6.01194211133817
5.962387170037671
5.026711863311392
5.7376091468640205
5.135721511549131
4.292383580709543
5.061316114902857
5.097526591809851
3.80658964872404
3.252965050693511
4.079750987776633
5.027379431543048
5.038780670252998
4.143134746459928
2.9117350634138686
1.8168047100918447
1.041746270609908
0.5718263034559836
0.3215383836540525
0.2083538552354398
0.17892553514857926
0.2106086344354531
0.30027456860497276
0.44813807412675855
0.6488629183948083
0.8903420542235845
1.1336687381691586
1.2855502599198767
1.2534953812730742
1.0615762879920774
0.8651066944250617
0.8645254978986036
1.0630338598062272
1.1268727930901232
0.9582864685979903
0.9146158212160049
1.0804684380183451
1.0173586592119273
0.9276745168916973
1.0688752710194076
0.9738621745132505
0.9890395934583127
1.0367660314722784
0.956515172909904
1.0455498743444709
0.956525258921569
1.0437488603517207
0.9639807369823696
1.02028096986741
1.001717435913066
0.9809830931137058
1.034519583116122
0.9689794970278606
0.9973040534774196
1.0303630826156551
0.9825764284578046
0.9839129455737237
1.024959608513294
1.0206996752312845
0.9873729726822068
0.9778165969449489
0.996545973633097
1.0176641287920944
1.0248728027903322
1.0192043007417853
1.0081959439740313
0.997727088872149
0.9907977317808347
0.9887245966035185
0.9909484160690668
0.9943325411668427
0.9962540064674943