2.7977409302144887
2.7855593639931944
2.7495031634802096
2.6910058560880734
2.612352975325284
2.516536320786092
2.4070684495304757
2.2877736366289403
2.1625731860952704
2.035282818974488
1.9094379517551767
1.7881592421357821
1.6740660918871313
1.5692408535510556
1.475240561644476
1.393149127615744
1.32365785834172
1.2671612024509051
1.2238526617373593
1.1938073483072507
1.1770401141319222
1.1735318911823371
1.1832215470624736
1.2059654635282857
1.2414716753266946
1.2892192172409043
1.348375899470087
1.4177284697013033
1.4956390276972742
1.5800380900243653
1.6684616023729804
1.7581345523688465
1.8460982811359081
1.929371022926477
2.0051321501323436
2.0709117365719916
2.1247672745244843
2.1654305661293223
2.1924083704517634
2.206024751355171
2.207398156355353
2.198352345223413
2.181266683917058
2.158877375563611
2.1340462887163847
2.1095176240273235
2.0876842192753977
2.0703856594664334
2.058755794681467
2.053134281515721
2.0530545450881896
2.0573024249503526
2.0640471357991195
2.071028642466291
2.0757848271115495
2.07589709704043
2.0692298773791666
2.0541428695820763
2.029653883542646
1.9955377437150519
1.9523515139289664
1.90138391393955
1.8445341919927292
1.7841326006757325
1.722720910205705
1.6628137564181917
1.606666026474766
1.5560688622303844
1.5121943949307568
1.4755041316422344
1.4457312505535622
1.4219359209889817
1.4026290748459926
1.385950119908622
1.3698799140002698
1.3524661894522112
1.3320373825017109
1.3073821043151992
1.2778749698229839
1.2435360093112393
1.205016901184356
1.1635166288302625
1.120636255943526
1.0781893759707277
1.03799037280813
1.0016448137572203
0.9703659350582078
0.9448394833156168
0.9251517982730839
0.9107906149819122
0.9007179414376785
0.8935064481223463
0.8875227333078761
0.8811349070993622
0.8729186438040454
0.8618357112082338
0.8473621160443168
0.8295491195308092
0.8090087934625417
0.7868255110189237
0.7644045368273394
0.7432774319924591
0.724890320313436
0.7104035585069881
0.7005307666057333
0.695439998025353
0.6947317694739129
0.6974980975091918
0.702455225427913
0.7081319255709283
0.7130867238106092
0.716122462107102
0.7164661804527674
0.7138866297563278
0.7087303894057755
0.7018694427587059
0.6945664870152355
0.6882772502066752
0.6844194268519557
0.6841443304124571
0.6881475886089784
0.6965505753427726
0.708873456287879
0.724106561320611
0.740870727205857
0.7576421114777105
0.7730052986003058
0.785892463301414
0.7957672486786028
0.8027200661465977
0.8074557070096249
0.8111723104810273
0.8153498653250615
0.8214831794521427
0.8308055058854226
0.8440524028047879
0.8613100489964463
0.8819782398193077
0.9048585021141434
0.9283547043485881
0.9507520873688374
0.970524529300323
0.9866126043072291
0.9986184288234758
1.0068773170168381
1.012388714028607
1.016615773548631
1.0211892034768268
1.0275713479023167
1.0367465073329687
1.04900065314214