28.25568412699208
30.17242574055078
30.483437374110405
30.7575599955284
30.707663653573658
30.264570566644874
30.01294552534037
30.21757902965139
29.964825426112007
29.48881921955111
29.835631016168392
29.65870900418629
29.639610437699886
29.37258117803162
29.15202770059353
29.25175358762276
28.95806084017967
28.655173955948783
28.870907423559885
28.23387225157957
28.292830923197634
28.134660677127666
27.885750739828936
27.39532164598489
27.397899564397154
27.33110939793712
26.995393442415956
26.762607950582446
26.39729866085665
25.977199131667206
25.699945726744296
25.48558067122991
25.224657489197053
24.934256881987675
24.673278633621756
24.44995867115983
24.190187489893937
23.78471209536059
23.263085749126777
22.903166112497953
22.81593993576211
22.50483242195887
21.90344690049255
21.7955343619892
21.481672577347332
20.82444170307274
20.780526115130804
20.09257661628629
20.10582568450494
19.308765659086475
19.331643566065704
18.630959377924633
18.40201225308087
18.14148498833946
17.38349370884641
17.29947008636553
17.003457196175955
16.393458141169862
15.815212630717458
15.613636862042046
15.432897229111314
15.085403213285597
14.689813822373491
14.245393855639959
13.777177378621385
13.360711697878935
13.017775208414562
12.721616275950595
12.424633070829556
12.044435984690175
11.486362763093902
10.800544728764033
10.3327113896418
10.338860990914137
10.2043779065269
9.316200501270071
8.933705165766616
9.152872583629348
8.079884617271182
8.163557367699777
7.753018061497633
7.211954475103552
7.148748729158773
6.6148285125177395
6.177130646025073
6.506934401844073
4.9783520654571864
5.798866393457446
5.63652022127593
3.8671525888086316
4.064016773466908
5.470422506909116
5.708552765416544
4.448380919053073
2.7635541420514214
1.464707629410232
0.6970597199654399
0.3180345987380591
0.16754010636275224
0.14187797301280328
0.19466296713829134
0.3175475842072405
0.5175698248445774
0.7909884266733206
1.0884764958919966
1.2900100544405604
1.2554430189396006
1.0011594487616298
0.8252964387231136
0.9808798499576924
1.1485533038514681
0.9669410101440153
0.9306400644543825
1.1013449061804075
0.9307749707476793
1.029944078324142
1.001962873387167
0.9931744896272598
1.0031578613704186
1.0121285596021188
0.9711218224610398
1.0466757730242335
0.9569000670691102
1.0103342101073687
1.0357291892100546
0.9647171504091745
0.9828565947058892
1.027614846600252
1.028585059611915
0.996877073711288
0.970678970635234
0.9719377013437405
0.9816246295767199
0.987313696063131
0.9916517294103504
0.9942945221528124
0.9921153361072168
0.9854620556319217
0.9792308517905427
0.9810800869630454
0.9958262990303822
1.0145396378559552
1.0138580371595332
0.9897908127418793
0.9852281023333698
1.0137503703808297
1.0065333144418993
0.9866396514244188
1.013891651886915
0.9904921990495326
1.0014099500759712