1.5726039760166162
1.5818978370487629
1.623834121773227
1.723453141740614
1.8822007910428893
2.060286117967618
2.195313576748907
2.2431768232829663
2.2068579965171913
2.1297690196835344
2.061290325932543
2.0242502950656522
2.008569970754942
1.9901471456338862
1.9540898118722894
1.9033300433019087
1.851569124655489
1.8134429844612534
1.8020835096639538
1.8311377601085654
1.9112359470564562
2.0380503613515635
2.182023001981865
2.2933033192403784
2.3240934211104567
2.254821528720957
2.1057123165901404
1.9261134556298611
1.7702230803667813
1.6753480373612546
1.6529616734852894
1.691721087091596
1.7660315846147296
1.8460879061778555
1.9089169067941711
1.9485133726167223
1.9788240120152913
2.023859632130879
2.097988507728709
2.1897074482354006
2.2629337450850464
2.2777359272326176
2.216620158081379
2.0969670619555214
1.9604134304673444
1.8474300989041021
1.775509291243347
1.7348085739158228
1.7012456283644843
1.6558150744999938
1.5975934531199654
1.5444008360600192
1.522594005111101
1.5518563452440028
1.6325011871110358
1.7426412316848905
1.849034451413506
1.9272668485409428
1.9782206857870064
2.0269584984602496
2.101771564543389
2.208173650274051
2.319892670206967
2.3969805694684743
2.4177799577575696
2.3972991634784244
2.374445836028669
2.377875862375341
2.4005452227155497
2.406466534112969
2.364151255998869
2.276206468850664
2.1775640389623465
2.1039288971398187
2.0600815395472023
2.017766198259751
1.9446252691767394
1.8360438037645845
1.7194428604394627
1.6276723605914765
1.568115811352748
1.5176150089029818
1.447251726782524
1.3515472436441232
1.2530566984374536
1.178762625026745
1.1330601242295955
1.0947525606768094
1.040165360727803
0.9676627672258924
0.8981916754185312
0.8522063693652966
0.8280944625924066
0.8049207634644235
0.7657435259128997
0.7157020463856735
0.6753423480616115
0.6571950192284561
0.6520073548332325
0.6398418151109038
0.6130186000225324
0.5845161165677477
0.5723271027019701
0.5782064408256363
0.5858268051495783
0.5804901011447763
0.566809272190121
0.5629618903184102
0.5783142007441343
0.6017582791458216
0.6154250393193286
0.6170921573466868
0.6231735673476034
0.6479615355563033
0.6850554212148996
0.715056128719733
0.7304142706309493
0.7454747261998996
0.7778746608555419
0.8248462086342309
0.8658883634639015
0.8893323466183193
0.9078899843314109
0.9415583646457353
0.9898671086886157
1.0311909325611823
1.0512122432444357
1.0621657807526923
1.0856396134032513
1.1217574977554683
1.1477988805753079
1.149216197737587
1.1398168443716257
1.1418896607071425
1.1539729992036085
1.1527950028816758
1.1272620858874045
1.0951358153759576
1.077499299654755
1.068517627954192
1.0457735262828638
1.0058522095516131
0.9710993449910307
0.95693820871455
0.9500430329434203
0.9313935176281479
0.9080261934622137
0.9029475460250993
0.9188965823802858
0.93418734109187
0.9377689112906132