1.0265558722830406
1.2393321502371313
1.846930704762951
2.5933318549661517
2.990984722735466
2.80007814040943
2.2935168030864945
1.9066483447715232
1.8617143611180484
2.1374857114235084
2.5222654406643086
2.7121355974661037
2.573397891439419
2.2722953964863546
2.061099554555508
2.045798216410723
2.178509303250763
2.3347300056491718
2.403168973473534
2.3898869433620553
2.3832953160471906
2.393019193529612
2.3346946989326818
2.1831021586853203
2.0338464717988334
2.0126083991076182
2.1661570429530665
2.400957024870741
2.5339782770387855
2.4738715181220368
2.31743361702937
2.2052262220241463
2.1547925043396567
2.1006836522835237
2.0273034599523743
2.003699730170906
2.1052967967349616
2.3033125652442945
2.4532171101007396
2.4503344623554475
2.3569097507465355
2.288868278419722
2.239622013963522
2.1273768936894046
1.9627748191776908
1.8592002664166745
1.890890616273043
2.0061718682971685
2.100191030919134
2.155118236890442
2.2478444738062278
2.3898238659413873
2.4643907925970714
2.402549522444842
2.296164126650667
2.23339279792531
2.1571536939786955
1.9997655438676627
1.8290203528701714
1.7455291601132854
1.7322756978742828
1.7104280923134576
1.6862878996524557
1.740146350351083
1.8776429058197581
2.002911864380743
2.0803463143060155
2.192240594942426
2.3596558205757368
2.474298093118869
2.503558453476432
2.552010296497942
2.6325001547977482
2.6316532147292198
2.5548939005444233
2.5165792775414477
2.492340779339866
2.3826860022186644
2.242613228659838
2.1610517271556264
2.0695850916049108
1.9115057936134137
1.774656497911331
1.6902405702686447
1.5717538868612946
1.4241233617122853
1.3284546998647908
1.2527259189331592
1.1367200084401947
1.0348948018450483
0.9804151316450784
0.909456820845317
0.8199570382634284
0.7710505674831182
0.7358839798478232
0.6726409616473643
0.6269165321765843
0.612731093515375
0.5792002473091629
0.5413705425255492
0.5379845556692162
0.5309110704911448
0.506321023609789
0.5095833303894297
0.5241263867116632
0.5163719202513297
0.5257816307264788
0.557894229453199
0.5688451466123793
0.585085782794061
0.6313121281824792
0.6611425666519266
0.6843377355483794
0.7404447550032612
0.7867467197297463
0.8149661245895463
0.8744683461669464
0.9308833890497695
0.9587649700112911
1.0121110737957957
1.0677207984105477
1.0860886792707178
1.1215446457966622
1.162637272929993
1.160732744332811
1.1681929077518947
1.1835899681890008
1.154925812405716
1.1327127549742761
1.1216503930872082
1.0715906487786941
1.0328651804671152
1.0102998909082908
0.958978576469222
0.9303245660406667
0.9214929309211619
0.8941927624370537
0.9001354283019022
0.921019774214795
0.92669919811025
0.9665287203877554
1.0031930793263335
1.0199870847947783
1.0611097141865653
1.0753094317664533
1.0688974002650233
1.077330361137023
1.0482650880850952
1.0167947088789522
1.0005408913278824
0.9590324051608065