3.305556948213284
2.70220819579185
2.7710817095026328
2.946448032781898
2.8242696019154288
2.684714058729004
2.8750980393491234
2.9312446011412723
2.7157648940259667
2.772389090415678
2.8653901439760503
2.7858383340481025
2.862159412465423
2.780702924983112
2.707635678991644
2.8484705187255996
2.770840591074157
2.829301711786976
2.8031779034792104
2.706276541804509
2.7924871278636965
2.6852359783961677
2.806478182666432
2.735087791562956
2.788467213239419
2.7500872133340843
2.7292220513691965
2.729455994186417
2.6745238119668664
2.7084436413761166
2.647708912578659
2.6949447278238923
2.6427618038696057
2.6776438049921976
2.649788199519834
2.645922423946908
2.6641740323948615
2.599329552041307
2.6775107529101394
2.5541300461355907
2.665678797657837
2.5423628251122734
2.59944019255086
2.5781680761706802
2.4979418865697505
2.599574907501008
2.460992521367558
2.5122709984292406
2.527787568460526
2.4017210650728633
2.515492263059486
2.468122170477839
2.3786703747829683
2.5045897587381964
2.434290179814436
2.3296727069002467
2.4410791752092504
2.397438519001268
2.2534848244993073
2.340589419483747
2.410672746944047
2.2641845846573125
2.2128174226304047
2.3327850310031915
2.3158676834000547
2.152200399729791
2.1335220633253416
2.270680487277817
2.284626574678476
2.1160023044174694
2.0045870980227005
2.0914602237053237
2.223366414036159
2.1977312090817462
2.0294123536783135
1.886631803284076
1.8934982018002433
2.028747687673089
2.1628775507421905
2.1537078524662734
1.9820452709756067
1.7761583961621241
1.6480769965083844
1.6377554928416218
1.7571188667289248
1.955981972747886
2.1268731540492896
2.236181516211521
2.264136595126461
2.176613653660443
2.0334039642987944
1.8398103442219271
1.6168704153127018
1.412826361423976
1.2066786170363342
1.0364825367457675
0.8889990269938142
0.7663800223982972
0.6782642720117257
0.6044195225586572
0.5655598094730341
0.5381388179907771
0.5425765693701011
0.5603470400874604
0.6068811430134424
0.668490902159931
0.7531197939612349
0.8480626765997256
0.9511075248890344
1.0466587835954668
1.1234670449180078
1.1651248320647152
1.1644656244436995
1.1171892929532858
1.0431161676240883
0.9587251671666299
0.9104262268841903
0.9036945665815241
0.9596933951570072
1.0261644128084397
1.0762596192509621
1.0635994214110156
1.0021711405700597
0.9504938570754016
0.9445372038800343
1.00233033703837
1.050183635354528
1.0343181124643959
0.9825295162648358
0.9546443538069569
0.9957449479884412
1.0425439347087704
1.0148439463648742
0.9672943855377255
0.9829849796486926
1.0270156331350058
1.0164807322492033
0.9752010223367418
0.9892177037554695
1.0258444108981928
1.0013503795907241
0.9764259328485108
1.0120860046632871
1.0138827644368773
0.9787899022230261
1.005249604274897
1.016885385083202
0.9785514549221892
1.0037922871229967
1.0168250230284523
0.9812272690220386