4.1881944708269385
2.9873862133662525
2.8343294686775136
2.9035135903377323
3.076693523701777
3.1845309410586378
3.143273316505078
3.0517150287896597
3.0533896185586737
3.116915280185832
3.0891600337849265
2.9772075587273505
2.9605163380038935
3.0452684267127754
3.03112528980944
2.9413467877319253
2.9848956727780154
3.049047110098711
2.961219816684087
2.948336538208828
3.0319493522970387
2.9523766387190298
2.926270379431518
3.0091490426353507
2.9153007697614153
2.9296823518561417
2.9869068938744316
2.8854873934799254
2.978311174156533
2.938093108765081
2.91264461896666
2.976099893587615
2.851837587806938
2.937267460757457
2.8161108356170645
2.879252975053363
2.828099492080613
2.858787787142142
2.8469049974928433
2.8169344621412655
2.802571140068543
2.7666284310093747
2.778760611537304
2.7797065556524054
2.741636897417747
2.752149396336777
2.6625928279449114
2.769589256569187
2.630704309436457
2.729773790242029
2.598441220353052
2.660197373084196
2.6586931868199897
2.5273190658964837
2.6614712230804103
2.536887874563771
2.524706858230526
2.6026429039969208
2.4488827407955966
2.4983565947063053
2.5437890017094684
2.381246827989643
2.426012864461761
2.509759132928308
2.333948647030472
2.305507754294369
2.4600255173297296
2.3514453979092167
2.1975088298886614
2.2757378271997246
2.385495508348812
2.2683534899034266
2.0799732835014537
2.1413441994050513
2.2833837816018834
2.2843731733350596
2.0681712975112667
1.930058226490871
1.9755454826837235
2.165013006707409
2.2374716849314504
2.142469126211995
1.8999889226961795
1.7137647076668894
1.663183087489453
1.7855097539464737
1.9974135733136253
2.191841841723011
2.3192549651885557
2.306599785382355
2.198881357158771
2.0090184358561105
1.7638827638342853
1.5252813728338683
1.29083628022718
1.0793544347874975
0.912371156321901
0.7724738370361419
0.6623189171737022
0.5906340841987543
0.5443055069910753
0.5197366859376463
0.5262364496631899
0.5611197428990091
0.6159539330311183
0.693874691834817
0.797618295125955
0.9127936745919095
1.0202939230849903
1.109991423089253
1.168593843619609
1.1747884588377395
1.121686597267678
1.0315886556165093
0.9444725592373021
0.8997294350403323
0.9189254704567564
0.9883968565908521
1.0588367141962485
1.0757506313138716
1.0254840565871939
0.9570709448253946
0.9429461948000942
0.9984546582868682
1.0528838550159059
1.0329088530990826
0.9680398131864396
0.957088865401379
1.0146573200209175
1.0386831318227103
0.9878073537483535
0.9651791254966231
1.0169587211534792
1.0303746569873742
0.9786774813003901
0.9866909038912165
1.0317936958618243
0.9981567506935503
0.978882590881608
1.024978701119985
1.0028026917866644
0.9808692641749552
1.0233167692184075
0.9948246030909756
0.9885826354320989
1.0202603400819772
0.9809574461633394
1.0054067231597617
1.002871149865137
0.984889832471048
1.0171692881098657