4.175327201594586
4.829859793934567
4.5573668806915935
4.686768442494569
4.740277273687399
4.524593254221618
4.746996871936209
4.627910484225226
4.67182503650272
4.546941421668095
4.699047315963074
4.634245451104077
4.616747406816075
4.59980317073715
4.519677651372064
4.63624765888785
4.581014641670444
4.564340001845986
4.625509450895554
4.535094774258867
4.482751605193192
4.537027131003272
4.513487944435058
4.426717966587046
4.413053761705007
4.459101486457845
4.466715414147021
4.4149487552108955
4.357298303841773
4.336088886766757
4.3468222115051685
4.360238368911823
4.353804507550051
4.326124137367559
4.29304239812786
4.27060295090488
4.255862987933095
4.228457361582997
4.183447376989636
4.151292615600516
4.150243357905029
4.140792679573889
4.099573608491596
4.071909883476579
4.044484279510145
3.9608340199029666
3.890344957995204
3.8579368625777
3.8357364747071365
3.8823028094081335
3.8657743904330584
3.771760295811975
3.683424156426331
3.682403913497948
3.7422115861826257
3.6312759570483832
3.5363020701092025
3.5911292503938554
3.566104637171378
3.4129381659412314
3.483891522976214
3.4316497975242344
3.2967902843606827
3.4116142547153383
3.21540425758127
3.2946414290161803
3.169467011539279
3.1868154356053613
3.101518752444919
3.0835090587974197
3.011143516243483
3.039491787942441
2.8573625612771276
3.001670733959585
2.7269150500643655
2.901427273041547
2.757188673721227
2.60689342547357
2.812502942326938
2.553504886001006
2.4350193992401614
2.6797000067716534
2.5220816577962477
2.202594397198874
2.3284946454805664
2.5734899176309294
2.4117503882845877
2.0067242657111373
1.841431763815396
2.061508513182895
2.424242908012408
2.6317685809116647
2.560496483629758
2.2597249716031444
1.848780223817454
1.4352161450598955
1.0840822902572533
0.8187771352565184
0.6344170594182276
0.5162556788625852
0.45551393869434664
0.45131547959104806
0.5005024360952456
0.5962010067369322
0.7367120729498757
0.9115294071469904
1.0777367840587215
1.1835227366378804
1.1931161326799158
1.0903929861687938
0.9444539276559649
0.8833236846121022
0.9528225843325134
1.074073693468655
1.0737360787115378
0.9619484735833953
0.9386246900110682
1.0392916613429681
1.0430988913905817
0.9494112404516724
0.9983582134632937
1.045330875796083
0.9584756291614379
1.0117790853717876
1.0196053483322318
0.9651615549459382
1.0368624372070427
0.9714594365288849
1.0180417513337587
0.9919467965490232
1.0040854138398998
0.9956463468609424
1.006447105375188
0.9927862669848493
1.012075430510939
0.9803678043945023
1.022085089917112
0.9825827419212018
1.0108002330814867
1.0044379048498175
0.9820770789286952
1.013979897103157
0.9992867566960367
0.9846764322713851
1.0106456973199216
1.0105912636275136
0.9888437277492085
0.9933604618088318
1.0119282234737033
1.011701237048999
0.9964339187534104