3.372641595911925
2.128305581746213
2.5913515021513254
2.2322820245493036
2.529855110725815
2.271666569487446
2.489394494100086
2.3082190013866115
2.4421287589488503
2.3549179875853397
2.3833382024563137
2.4074222992267096
2.326642244823462
2.442633958530513
2.302066474810084
2.429153145220771
2.3330921507032887
2.3626397566271886
2.395107103533396
2.2993876367046076
2.4098873201403492
2.3150004190891686
2.3385878837087657
2.382138814735017
2.2793171593312325
2.367046355554745
2.3317055805863185
2.274811495672003
2.366425172191469
2.2918835229866414
2.2712352838939793
2.351324335003501
2.266112327204369
2.2552290910300825
2.3325830633870943
2.252344062382449
2.224841824691622
2.308567424996015
2.2529860761975247
2.187231562148683
2.26552200930239
2.266499299334598
2.166486259842562
2.191222157251557
2.262658225775477
2.1934963455433953
2.119858323773593
2.185614736697833
2.2308940088502496
2.1407189180455743
2.077204166167124
2.146815621232276
2.1996779036380056
2.1192942928348155
2.028592406038871
2.0652385403519014
2.1525609513775206
2.1347563940858234
2.0207334920573845
1.9601675452542533
2.0227606808026883
2.109955546956193
2.0946846563535244
1.979890899638973
1.8843529314684229
1.9004478066897665
1.9989661584916603
2.0698514471869323
2.0342598579881384
1.9116023769464425
1.7925798664717938
1.7596824116245702
1.8274284508375978
1.9409483425300353
2.020285533957637
2.0113805256046082
1.9119928607967356
1.7648716407331926
1.6305940571329083
1.5587756320357349
1.5708889150868781
1.6582201644440275
1.7909485200422415
1.931463354374893
2.046066608965976
2.1120101958709436
2.119521301034287
2.070125883398985
1.973097564929759
1.841597650910795
1.6894832866793892
1.5291780995680944
1.3705863758154235
1.2208172032863176
1.0844263166644688
0.9639171609784135
0.8603142308799702
0.7736954802312164
0.7036291207419219
0.649498681628172
0.6107208909003362
0.586868491740667
0.5777094747280224
0.5831696066849046
0.6032199929291566
0.6376886880698067
0.6859979406046354
0.7468393612757889
0.8178204520342519
0.8951479543359937
0.9734526744492425
1.0458961763817063
1.1047122247139454
1.1422969700215597
1.1528421038659704
1.134289930043974
1.0901038150687825
1.0300831037449412
0.969373564804302
0.9251337084214557
0.9111431336372381
0.9318735260494613
0.9786963088396775
1.0311312442853284
1.064519420624326
1.0621290584059238
1.0258093119985456
0.9776644481845197
0.9485988455724816
0.9580705202618924
0.9982696387798794
1.0370639741305416
1.0421963147461606
1.0098915451724593
0.9711972139088713
0.9644253111764735
0.9957517777922946
1.029788908487909
1.0272381629904288
0.9921907189805798
0.9699000853277219
0.9894414825790626
1.022515792239148
1.021044098681915
0.9883207985795167
0.9763776494888704
1.0038388643475913
1.0231990033293634
1.0010225759471254
0.9787301434343215
0.9978333567778032