1.706937513569762
1.706799713942997
1.7063863767343748
1.7056976870883467
1.7047339540098465
1.7034956110086563
1.7019832169976583
1.7001974574411498
1.6981391457482666
1.695809224905481
1.6932087693410391
1.6903389870131056
1.6872012217123105
1.6837969555682621
1.680127811748552
1.676195557337678
1.6720021063822057
1.66754952308748
1.6628400251500977
1.6578759872092805
1.652659944399355
1.6471945959843555
1.641482809054943
1.6355276222666986
1.6293322495979854
1.6229000841045862
1.6162347016474112
1.6093398645687593
1.6022195252916847
1.5948778298162933
1.587319121086041
1.5795479421963492
1.5715690394172883
1.5633873650014214
1.5550080797474528
1.5464365552898178
1.5376783760840433
1.528739345040001
1.5196254683350878
1.5103429818321346
1.5008983339707882
1.4912981903032332
1.4815494330106522
1.4716591599015785
1.4616346828625533
1.4514835257320873
1.441213421569728
1.4308323092928321
1.4203483296548343
1.409769820539877
1.399105311550091
1.3883635178633673
1.377553333341122
1.3666838228674532
1.3557642139031505
1.3448038872401995
1.3338123669449369
1.3227993094804664
1.3117744920018424
1.3007477998204076
1.2897292130368347
1.2787287923456974
1.2677566640179128
1.256823004071006
1.2459380216409537
1.2351119415733263
1.2243549862555279
1.2136773471489668
1.2030892040450738
1.1926006457129674
1.1822216888535189
1.171962246552053
1.1618321062592596
1.1518409072898048
1.141998107855875
1.1323130053331616
1.122794633772455
1.113451840770101
1.1042931404449545
1.0953267818982906
1.0865607432410274
1.0780026008401222
1.0696596321539176
1.0615386856425224
1.053646215539552
1.0459882460485572
1.0385703345031645
1.0313976083916618
1.0244746605645616
1.0178055844317295
1.0113939424897747
1.0052427492170541
0.9993544552595244
0.9937309330217872
0.9883734637766433
0.983282726404816
0.9784587878740997
0.9739010955642265
0.9696084586583977
0.9655790954378047
0.9618105561288711
0.9582997734151927
0.9550430531203914
0.9520360795791277
0.9492739234520821
0.9467510520405136
0.94446134214624
0.9423980955124122
0.940554056869227
0.9389214345968522
0.9374919240052477
0.9362567332174029
0.9352066116287254
0.9343318809010402
0.9336224684348737
0.9330679432485328
0.9326575541769673
0.9323802702876347
0.9322248233946249
0.9321797525362652
0.9322334502653707
0.9323742105854089
0.9325902783500706
0.9328698999284042
0.93320136960875
0.9335731035773869
0.933973660637422
0.9343918174341711
0.9348166164990832
0.9352374195610532
0.9356439603592055
0.9360263966621937
0.9363753611920451
0.9366820111451734
0.9369380759993968
0.9371359032938367
0.9372685020684968
0.9373295836522273
0.9373135994917791
0.9372157757207987
0.9370321441760053
0.9367595695784448
0.9363957726107104
0.9359393486363494
0.9353897818253771
0.9347474544698651
0.9340136512959478
0.9331905586032537
0.9322812580896315
0.9312897152480739
0.9302207622537523