4.238626339671565
3.8021335160725918
3.728391408534914
3.628900786555856
3.5261762440985773
3.47436607840067
3.5087433787963453
3.5904523016968795
3.626580634369037
3.58166737480763
3.5379664779240905
3.571819470048759
3.612289902290048
3.564636588858854
3.509304986113145
3.5388333434766697
3.543319911428917
3.481836294143013
3.5032432677800918
3.5519159561663787
3.5260298581553946
3.5673176499072814
3.589464684828694
3.511881131594967
3.497455983817502
3.4324620957729812
3.424990126972439
3.4940586848132438
3.47988697016552
3.476385599139531
3.362280066116079
3.386225869883276
3.4146526827277093
3.4341693949822223
3.3189074198291424
3.3244323153976607
3.366227506318096
3.3481598454748562
3.2291262863143912
3.321766871175586
3.288095971605467
3.1963626239207894
3.258585391369879
3.2222183204328583
3.1482221632092635
3.217079786922476
3.1192794789758014
3.135957667357099
3.1322722354629176
3.0332916934654075
3.140261956937102
2.967711004108564
3.0793649845133646
2.9495204817708163
3.028878168259259
2.883954454099217
2.9852184961496193
2.8450278887752254
2.949693660181947
2.760964215666029
2.8987187769537144
2.7342410317828887
2.8181601800171516
2.7536305697538634
2.650478683488121
2.773630594596301
2.571458973576
2.647922704473874
2.6795365966499833
2.469760336340628
2.590312848692999
2.5978757558371908
2.3651330649476137
2.44000363209315
2.5518066922018874
2.3359410703615704
2.2103853759860415
2.38636403754996
2.445487374759193
2.207946831673695
2.0258723228164417
2.1433145290868874
2.350058033585379
2.334501060822823
2.075226096265536
1.8077031624608944
1.7478329047629073
1.9192732817944966
2.188357847002932
2.394654622806452
2.4456242071160763
2.3319401301572067
2.0949942442195293
1.7923311765557988
1.4789779896696646
1.1969125144499777
0.9663543062691301
0.7864231111372713
0.6496093278612148
0.5551292140806181
0.5045487979608035
0.491365174314854
0.5085765121777358
0.5612708063340933
0.6529554869819992
0.7703242161536417
0.9017306546386664
1.0384192238660974
1.1447590050740268
1.1855176530655298
1.158611521383683
1.066395654963186
0.9507330176991468
0.8932986323439479
0.9206640803044319
1.0143701956611686
1.0861250400677827
1.0531495670393485
0.9689837002148817
0.932830803092911
1.0045740241071555
1.057901751775284
1.0102916690737234
0.9487192341280923
0.9991318948557927
1.0442647632268827
0.9884441511021296
0.9655724209511126
1.034438569938423
1.0036185371589326
0.9696265226637762
1.025910293569379
0.9994179581853947
0.9796494770922177
1.0265437938299984
0.9818153086684739
1.004890305259688
1.0082184545427675
0.982800048096474
1.022852625037613
0.9763358036035548
1.020590018543165
0.9848817679831737
1.0124819270664673
0.9869360769115462
1.0136609311673375
0.9884758803027269
1.011904769656641
0.9841962766370926
1.016957348615758
0.9862955990335308