3.286670342001043
2.375578944011336
2.745366852452278
2.543285223821704
2.5910138613141536
2.6153602652848047
2.5973749793936234
2.5713728547561057
2.5991028116904014
2.6316550350349774
2.485369538035237
2.7048991849932635
2.4968018753867076
2.6102113851069086
2.5565026608638695
2.6251113524098577
2.48093536074058
2.6363129472343787
2.53099118761125
2.5771703905013275
2.4871886114430013
2.6352319980793038
2.482059709047284
2.56673275678442
2.4735068246307548
2.6013941864669516
2.4834327374267393
2.5024564902138073
2.507700274252943
2.486746182269304
2.559359240916957
2.4087576427925694
2.508700853140919
2.4475126329266397
2.4661632298903715
2.5164543807654702
2.372664803911493
2.4612953378784637
2.42052971814655
2.3770298358176145
2.4925916951529623
2.3785662633387807
2.3573914827382523
2.4339473524869253
2.3093782543722505
2.3266385785146757
2.4243343840742493
2.3113201720391663
2.2960332268176975
2.3989156574279984
2.3033890903910184
2.211854372943728
2.3124239599215968
2.3135170527786895
2.1736509246781086
2.1883223343299836
2.3014759325621053
2.2442276741980938
2.1135403984989383
2.1529832052188618
2.266353092231849
2.219855943920489
2.0723535617599924
2.0530614806392946
2.1717824537953807
2.2213472230461955
2.1050941058680155
1.9638579957162372
1.964602726577225
2.0860873268741527
2.164010978240046
2.091645717129377
1.9257362428075595
1.8104366539167236
1.8335482860408054
1.9596365866247614
2.07638237089698
2.0884404389966558
1.9783864097758708
1.8039536449615947
1.652398059608365
1.5907169480106982
1.6385884253052698
1.769929816626051
1.9336527189267363
2.078465160724064
2.1691649126985135
2.1900206283866686
2.139722345054511
2.0259826703378083
1.8638464574439473
1.6748631885311853
1.4823178448770062
1.3030579231218098
1.1426231444276558
0.9990118737665249
0.8715596946362015
0.7650777308146662
0.684554305124167
0.6278736108844879
0.5876463711882267
0.5610515719474315
0.5535269408295197
0.5694331036616322
0.6038171763315932
0.6501640925288033
0.7116349933448474
0.7931191774295492
0.8854432778210722
0.9729148903711164
1.0519785428265975
1.1212033558104204
1.1619891548501016
1.1584693297354276
1.1213202762792114
1.063837088662096
0.989681015697816
0.9251037316773321
0.9048833181214662
0.9270494787283196
0.9772692371482647
1.0421535430917577
1.076666109897291
1.0547101165872108
1.0050420493525207
0.955156512113193
0.9418498067886002
0.9872587337715825
1.0364610557031555
1.0461869114402504
1.0122677626690602
0.9614444215578088
0.9658587284345685
1.0114204570955028
1.0368779456404766
1.0145898490845107
0.9673542657947015
0.9794011359685972
1.0203162110383943
1.0262298779148606
0.9867882753566816
0.9725512216209128
1.0150503094631498
1.021249911650217
0.9883168110577017
0.9784985733090481
1.0208509415501454
1.0095528771880067
0.9807831100856278
0.9970982887758797
1.0228671020551277