3.723627266780286
4.348326735994051
4.292695017234338
4.2692477570467755
4.275355693016432
4.34905667484853
4.163404176579345
4.393807526625492
4.210850301427924
4.252658983838396
4.2832902488981315
4.275711897064036
4.216497308973795
4.188468182563562
4.308078493026011
4.246173892381469
4.138672396934933
4.1824293786192595
4.214299419821293
4.201072585424399
4.205593432489484
4.176531419859542
4.100184897918008
4.0541154461534985
4.06988663132771
4.10025537971878
4.1028124645001585
4.0822366994172965
4.062520956208728
4.054640892131388
4.0530220628613
4.047462079343146
4.031786972887338
4.004779221586078
3.9676969242385716
3.922748183342358
3.8739214070815584
3.8290189216930273
3.799866863002632
3.7968773271118645
3.8171092454885973
3.834452177690683
3.8107538878726226
3.7365689655197647
3.6643959257471646
3.662963153532826
3.705194482598215
3.6699065461749747
3.54945941771177
3.517948264693555
3.590350223630107
3.5376953376372082
3.4275761447304083
3.4843773869302606
3.443494617247265
3.318368319053827
3.4201103666269836
3.3192854988382345
3.244347424363125
3.327936059282091
3.1542059642304388
3.256283183391635
3.0910583329172527
3.1793322179073873
3.0291885683728412
3.0977721804885805
2.9570969971920307
3.0361352357839384
2.854753084403131
2.9915408590005694
2.7601685614941047
2.889684789707211
2.768972003547161
2.6648204357471936
2.829808713605762
2.5523835405721207
2.5958255542481585
2.7114443046872294
2.4350981632087274
2.3907372736110726
2.613657090414082
2.4625175033504356
2.1534433087781726
2.2408870953312032
2.4889473544875456
2.4223332769709436
2.0753064936466084
1.821115409936122
1.896794271971202
2.212461164706198
2.503768940416616
2.578339800898591
2.4126106273805648
2.0905676033426563
1.71278502827759
1.351356769084795
1.0447507570759367
0.8067334382499335
0.6364691849460576
0.5268210665919401
0.4701830297740937
0.461531319954357
0.4988711240269106
0.5814503487702325
0.7059583972347596
0.8610994991832484
1.0222211066778577
1.1502497330333028
1.2014095618602596
1.1516137648373013
1.026749171153351
0.9101703322459269
0.8944407620583289
0.9896923152375882
1.0840261130135993
1.0559921613494572
0.9511127429765281
0.9416159295747514
1.038677649883749
1.048005695745368
0.9586785844369156
0.9815180888766287
1.0470441748075945
0.9791144189083565
0.979313207549689
1.041932832524069
0.9715996995617984
1.0016321898838954
1.0200792263256506
0.972029222509869
1.0286958453619144
0.9744422197903857
1.0221578435011334
0.9824407816133858
1.0141286124920477
0.9885253474853495
1.011590860463388
0.9868468685079632
1.0162380551939447
0.9815873316706437
1.018375581936434
0.986508323017188
1.0040343964490748
1.0081441434878975
0.9838246380231287
1.0140985635728068
0.9989817748243496
0.9881087394005175
1.0103666196123635
1.0058887527306999
0.9852528356399479