9.84708269537935
9.971876067306177
10.00866885718451
9.98762917573543
9.824167746188527
9.996489715381504
9.967361074607842
9.935974879031304
9.984773045874915
9.848672841115427
9.827132795723067
9.886394835406014
9.866721747730503
9.795942470076342
9.73227162732962
9.67301283366907
9.61484004623318
9.593160843506759
9.594885371510095
9.525299773185212
9.44808110663373
9.459126136287196
9.41118336776514
9.431292523537202
9.338759939772581
9.239715686200482
9.190241637949347
9.220324194458243
9.042472876471392
9.05167431037521
8.979760322315107
8.911687770660752
8.814314911747617
8.779880717985392
8.656894650299757
8.681461018160515
8.551036594180248
8.446566532976972
8.439498683404754
8.3704127853777
8.233774648725035
8.104285049815484
8.006690049848793
7.933381688315851
7.871698967238866
7.7911239835526285
7.674131538717669
7.569141523678983
7.4800310487671435
7.386470828508873
7.366456227288772
7.28483911607966
7.133215560279841
6.973397644192141
6.989526256226144
6.830658410808243
6.684512369830853
6.691074167189681
6.454457910757278
6.468717895133465
6.240181386094982
6.237918185226795
6.101229219942899
5.917213406951838
5.928703683379057
5.795067790222887
5.577234165065894
5.467682719208869
5.429696600134567
5.3690903235483605
5.2659776786014945
5.148616345504103
5.038777485790411
4.928849230907884
4.81304447944721
4.689073266351816
4.496093859138734
4.258865804425157
4.128620655110729
4.178349311720592
4.1119597133664385
3.738483306306886
3.7738580897816427
3.7332985195561306
3.3457916504279037
3.5891091522956575
3.05191985749869
3.372107296313981
2.888636815399651
2.8543670140389845
3.1352932519359205
2.3740676502100246
2.275575875682425
2.9630539795015314
3.1607213722572363
2.5875215536984073
1.7527534525614092
1.0665540612755469
0.6365301791329232
0.4197153882250504
0.352280872311
0.40256351926162276
0.5697857426124143
0.833677153473582
1.1112927261466956
1.240885835285257
1.0914599953389725
0.8775885548977429
0.9531538053619308
1.1129973623654164
0.950541222220641
0.9867856666128062
1.0494599850397979
0.9464846491789761
1.0502766601768267
0.9594392684178423
1.0245761776813531
1.0076285930239781
0.9673482001456813
1.0341679593690556
1.0083411759337495
0.968577049994681
0.9896239551517445
1.021185823964299
1.027958964642011
1.0177972267711932
1.0059799905871316
1.0005205005115938
1.002076764331302
1.0058427679699742
1.0114867788509758
1.0189727430730302
1.0125075765911604
0.9954115493631288
0.9843318891105995
1.0017803498570517
1.013094720368638
0.9907948960330897
0.9985212037374835
1.0082471817613456
0.9901238808482627
1.0106931644190045
0.9884244846321215
1.0089386583818922
0.9964359827596707
0.9980423617876009
1.010191484397145
0.9945130757780374
0.9944579085209985
1.0069120315917401
1.0086182638642456