6.436166475986085
5.634498895033436
5.5696570468379285
5.519340021013978
5.4742105141714905
5.442744694041205
5.439706027375515
5.471340912342789
5.516606285067079
5.529229539139543
5.485050149852296
5.4328516865726755
5.441008183049535
5.470212465310703
5.432594464253578
5.394031351923316
5.419870078201034
5.388754065705392
5.354796546613536
5.37643143656092
5.315761124780543
5.331791426537545
5.289523046175999
5.279643517632755
5.255162148622712
5.2334742254106335
5.204692833964958
5.198678615427816
5.135517856894469
5.169972903954299
5.070821402850383
5.100039031857173
5.066223004116803
4.979650379065366
5.0214399067763456
4.985791482727319
4.883533156430662
4.884647066061816
4.913352887541169
4.853035258667236
4.7544654313039025
4.707118884461358
4.714113507707269
4.725429847832208
4.707032040839025
4.658508688244883
4.595284138180816
4.531148581312665
4.472781833079807
4.421743000847538
4.377906816609553
4.34162791856758
4.314023377667029
4.295111746152225
4.27970989513213
4.2530633697770615
4.193151803695992
4.089473176551004
3.973748832976691
3.919119179312504
3.9551668721160254
3.9719475331198333
3.842285319313951
3.7011206603411124
3.755187095786552
3.7598581115850203
3.5517001213474084
3.577820564725061
3.594875632509327
3.366430465148397
3.496656808686219
3.3056858602347883
3.3139667786644122
3.251813898148216
3.162911137334758
3.1439063008045482
3.0702782589461535
2.965301931765778
3.0466812867891684
2.7397884550901277
2.9801079449401917
2.703346677573986
2.6044182147654276
2.848417423176438
2.5144421838713704
2.3160842042671224
2.628777819138028
2.636120326768559
2.1767172064277527
1.917011474255662
2.1645248560152477
2.5858839774914273
2.762293333740476
2.570476650362302
2.1345446293189774
1.6347537135683996
1.1930220409690924
0.8571598375979629
0.6285593646211671
0.4913822215584854
0.42980340461187067
0.4345748196779861
0.5027631192457201
0.6325065075610425
0.812974050430678
1.0114870114094794
1.1669141599443678
1.207595650219124
1.1066579502382832
0.9438983424942269
0.8797663317732679
0.9835726909511032
1.0943684439474888
1.0278504925786205
0.9254789729423122
1.0055770310907985
1.058708429838939
0.9541891023381914
0.9998004724598096
1.0373000957698475
0.9549113111399071
1.036856552661879
0.9785362683876331
1.010004254284589
0.997931598427828
1.0002007330452891
0.9986014329925206
1.0069724194062561
0.985963844418131
1.0219084152104567
0.9750782713768869
1.019418595108095
0.9972040083913395
0.9843060729273
1.0203394409172966
0.9980535942726156
0.9818458347756317
1.009228914474265
1.0158692705704981
0.9930246669688632
0.9832987200029201
0.9971005861267498
1.012678795682518
1.014922187844489
1.0064106173749214
0.996006430183092
0.9891546464366154
0.9865475097215771
0.9865889548878741
0.9875229885474764
0.9882535228819024