9.514516284071505
10.79615772880281
10.92324579391413
10.980124797559654
10.884414396937471
10.731709287483119
10.763024833163003
10.78867884403852
10.711375769458432
10.84582177429191
10.665400885293483
10.709431377532336
10.65115273382779
10.662447140705876
10.578916769819418
10.537556229175774
10.582574217606657
10.463210018382814
10.414505949139535
10.338710415341325
10.354510177108107
10.352714592376257
10.277571827912352
10.204615266370594
10.15707205313252
10.108191195571733
10.034988625329897
9.934358733628315
9.836830203502846
9.79547040245291
9.780244729932166
9.656907092333173
9.517413031663557
9.524973849296792
9.396024352331839
9.358999126848312
9.236013247131021
9.173257595786879
9.058569331667021
9.022178223538713
8.869003749094682
8.778671329613562
8.771381968672262
8.606393894114312
8.470824375945847
8.373457683699149
8.286844952059589
8.221681198163346
8.141509607093134
8.031759021393992
7.903752417538836
7.763215807871581
7.615815137689987
7.491972291199479
7.431351058333114
7.382975759795626
7.212766316707467
7.038987536339306
7.042652175304285
6.849843279719956
6.727594304730812
6.641918865716914
6.487476400684911
6.374090834448964
6.294719364474313
6.058021173034917
6.056108212659566
5.926540662097517
5.680594617073343
5.564083773415846
5.536635980418589
5.456253481608309
5.333770285806888
5.20145427659199
5.069903920658408
4.948759137792362
4.83537357445894
4.697410047832027
4.484036526758022
4.217147551806467
4.090280738169961
4.177979512538117
4.003198620119456
3.632878305144995
3.8346938625295945
3.4419346275389002
3.463635252640025
3.2155931787080605
3.2928874060534774
2.741014044793476
3.248035111919373
2.6668127621865696
2.219838866075847
2.869504009206875
3.2515919633510766
2.745501959241368
1.8563614787612839
1.1074612706327618
0.6432497795351871
0.4119197129171457
0.3433773028929415
0.40316415322250954
0.5845307600632849
0.8667379867715582
1.1483275210387454
1.2334322813117116
1.0340943426715334
0.8592198281495441
1.0235436292349402
1.085695107447813
0.9132568750865271
1.0616371600787595
0.9633111334432948
1.0308116939139187
0.9669965117792813
1.0443253526375453
0.9555667961706166
1.0203956045444842
1.0249430614123205
0.9664308151770775
0.9842124105625125
1.0209810748034707
1.0281920646199352
1.0177716612582923
1.0039846515922166
0.9956825179503984
0.9953126353592249
1.001197760408753
1.0109489398365819
1.0194215992947997
1.0162607891392645
0.9968872336286773
0.984427855268312
1.004441790805213
1.0121452637591735
0.9852885075692664
1.006416562886892
1.0002224438078204
0.9983067052060918
1.0007279539157072
1.0022613763885033
0.9930896103991569
1.0105379972192614
0.9934725994311779
0.9945161939113791
1.008883158189836
1.0061461726950842
0.9945162139212916
0.9918331573571876
0.9930951491361243
0.9942827413820772