7.692189809773249
9.148020355199922
9.261225893874368
9.137631738205966
9.08472577354518
9.11147658410137
9.171410330087832
9.212127123679107
9.081930629320206
9.10929690603895
9.069516771323839
8.98535935790034
8.98873112328104
9.024754008602113
9.028936062505377
8.997454366245782
8.929364527175078
8.830521273273241
8.7672378583963
8.79385357965756
8.78334911750837
8.669440859599536
8.690995551091454
8.677624768035175
8.571107036935278
8.584831780183013
8.427540238025168
8.484406144543168
8.37557041974573
8.323250768993834
8.309308415257101
8.18050612004052
8.152393372092954
8.157360827399081
8.010607966743283
7.9323909059058275
7.866727024318722
7.840101944149727
7.812793727453362
7.728783365548785
7.665551378477324
7.608653365121813
7.52344089434371
7.420426221801921
7.3087706532288506
7.192322873739926
7.10250281370301
7.075156523490445
7.047707988785155
6.902660086055706
6.766716326257258
6.774505620148209
6.619040311229127
6.523188260560425
6.499584954126979
6.331082048896574
6.320777752470057
6.142950069704662
6.089182196661241
6.038210019553346
5.817684910712956
5.827719630695104
5.750411124158321
5.562445560934558
5.419579752041461
5.398757483300752
5.3504534911937816
5.275686364814846
5.165020229669384
5.0370503002637985
4.933466935714673
4.8468260643548975
4.760582295974636
4.660377239707661
4.513851914101344
4.303289704990554
4.116426832911709
4.1078232494903055
4.14964548135215
3.8804786848917066
3.6850909559597707
3.8430902899260553
3.4580940272337757
3.5399721625499363
3.3281227756539122
3.2916938570734544
3.0344178963271595
3.235770670022503
2.62866786469704
3.011328771670054
2.879803628664102
2.1730652663409926
2.3940871910356467
3.018944601750987
3.0486682220868593
2.4294383875256216
1.6497862055514771
1.0294700480136625
0.633493354703184
0.4271625364195454
0.36077949607592824
0.4061444571230446
0.5564477116059647
0.7992993938155636
1.0714386723034834
1.230321420780223
1.142891699381501
0.9157658079115535
0.8971613944720767
1.0879490224392077
1.0265127442892967
0.9211477529651658
1.0722983174744303
0.9553149574884602
1.0296824607407387
0.980215512599688
1.0243895364369058
0.9653736957252901
1.0436506393151934
0.9674092712315254
0.9995528756637676
1.0319990744548948
0.9851812180678262
0.973624966763113
1.0056050751001326
1.0245942806282202
1.0215942966217415
1.0055932033985842
0.9963963307050535
0.992553170064441
0.9904918050708202
0.9934428552471393
1.001755834415861
1.0119632015203248
1.0174752119079216
1.0099537118101685
0.9917762852595876
0.9870634502584695
1.0071122944015463
1.0090292686950515
0.988206544225651
1.006882887449788
1.0027306121629134
0.99382014938717
1.006834243500165
0.9920543160113922
1.0067803061915168
0.9981567052662398
0.9950395876500385
1.0099398860482238
0.9928564457613428