8.33226724017929
6.910966485088017
7.173838372960658
7.099325478235075
7.17407714141079
6.9716408396384155
7.128947657698732
7.058982227849654
7.174457535075868
7.0196839625991085
7.04157484236374
7.029129967931991
6.922880539372176
6.972426154092802
6.990468429661548
6.904050059486391
6.860075800923466
6.89325749617375
6.930680446904583
6.927143322400559
6.881976890228614
6.807864105590639
6.733713374016806
6.700859889063561
6.698438996761861
6.657184783195818
6.603902442024716
6.617698588710012
6.601511752507219
6.568189406985459
6.56005808706679
6.442891368085009
6.388661015338083
6.339031204345269
6.390074979309554
6.284619846983
6.204082256725594
6.213790853195034
6.15354476666745
6.064300562172095
6.086652845575396
5.93611461465505
5.9885857734131225
5.853645174051579
5.865885920166739
5.711125344528645
5.764420493761262
5.619681911217286
5.612388270484783
5.591131871886988
5.433837814697824
5.418599748559034
5.420357085616874
5.297707448813424
5.17216876089046
5.130086577138769
5.120790703408873
5.082012506923667
5.007979850212591
4.923236322004543
4.840679100466731
4.754002444291411
4.669870479578607
4.613966435447342
4.572346399785492
4.516184676988267
4.465603497687721
4.367668784066889
4.204569044260769
4.070534280568753
4.032039752267539
4.092004603882495
3.960927026503905
3.741409128092458
3.7888382089379244
3.761769944584666
3.4850225899804292
3.623816954539262
3.378424310241109
3.383579577929715
3.2782556392688487
3.1959329067330033
3.0647873997616197
3.137039736119356
2.7558254047541313
3.081116031625987
2.6853348739490936
2.5211396319284414
2.906570796782557
2.5928993254844404
2.0557567400387833
2.2171105423822173
2.7548514916769995
2.9469435978243967
2.6090470226193077
1.9957747748293013
1.3914885951109823
0.9305404830698205
0.6273217539110699
0.45604262373180654
0.39223430126123376
0.4163596226849427
0.5206485990284403
0.7075121818530846
0.9438004495651605
1.1500358786568523
1.2251507576098444
1.0993482901029272
0.9104944999779983
0.8946878251058562
1.062405911030652
1.0730756733812203
0.9287044279605895
0.9992970018739721
1.0562357722850717
0.9399069069568202
1.0440749547361559
0.9757691012214751
1.0140387541550306
0.9930745267162688
1.0093572259665156
0.9807908889971074
1.0292897075201668
0.9682197255150411
1.0260260892198114
1.0021662484083742
0.9759093471820895
1.0192414063155653
1.015162447866359
0.9816792572490368
0.9849256656204689
1.0103141258339614
1.0216882611737559
1.0137738070473434
0.9995110063703713
0.9893373075005019
0.9859736860115945
0.9861405844951142
0.9852836671619555
0.9849221530944587
0.989164608182159
0.9939567664872035
1.0000415539997278
1.0107893013981268
1.011470201888387
1.003809106815439
0.990352262508156
0.9925174346956438
1.0076281869076171
1.0063111361312305
0.9891139528615865