9.892947447140948
11.531369422102026
11.805752721525021
11.828877990823681
11.724836938095082
11.834799620175032
11.729873868095732
11.708045306648703
11.643447644574518
11.67185259563983
11.656849234860994
11.718086199498707
11.553713587286591
11.518930599371279
11.577275396370705
11.46366141492318
11.5081246913931
11.340051293347864
11.377454620971742
11.23409383020718
11.222545160212887
11.210620777045957
11.089241255644149
11.039482778558938
11.024697029665008
10.954640697542487
10.870519708949649
10.813260397747298
10.708945383681892
10.624616103336189
10.583373046631971
10.486215375444571
10.43051293420047
10.274854347916778
10.14868801004365
10.109186126327481
10.043947741147736
9.87318899583844
9.832293322051378
9.741868657639719
9.585834158611352
9.520990241944867
9.38558869492853
9.25592939004449
9.224564938768859
9.034875487072604
8.91901573110417
8.884605025752053
8.787870659227345
8.622175182046346
8.46194041361416
8.336657627320623
8.196877448887832
8.07504304565308
7.978506560317146
7.877893196092761
7.802071208838325
7.649659714251125
7.431374154831341
7.310497783290873
7.275434667114404
7.04774501261703
6.928880748595986
6.858986581174749
6.629152388796578
6.578627151722467
6.389110444135946
6.214261654198666
6.205937243281825
5.953316335687777
5.763256453961494
5.7238358215699705
5.64834685209682
5.493375161432672
5.315795498762147
5.1381471599578985
4.986680048477004
4.879235307127594
4.783099745963362
4.696937682223712
4.491445647098184
4.176502435940538
4.002628542291291
4.123344175492941
3.8564924729018477
3.5487602912563694
3.771985522719205
3.1617753478007553
3.5443950673900324
2.8435904407114574
3.1805666760703346
2.9958711044116666
2.2375225819047655
2.747552523086375
3.314789908925189
2.9029777691719976
1.970885506880417
1.153418891624366
0.6503642993457623
0.4024095724064567
0.3339762013908328
0.40280971829725687
0.6007675683963164
0.9034113271428879
1.1820161822969864
1.2193188911004265
0.9780983936274067
0.8696931166434664
1.0833446918156215
1.020614285238864
0.9387207226574711
1.0713171552354532
0.9344339079582417
1.0557081750848574
0.9632319285182669
1.0040465198822954
1.0341635719536348
0.9629799682792428
0.984918883272022
1.0298653324068532
1.0277926757728617
1.0032550948827539
0.9843132728341312
0.978955419438183
0.9800027006803401
0.9814292105770666
0.992267482881169
1.004697162848291
1.0198608315689583
1.0109643825714913
0.9878556807601888
0.9911124969235414
1.0149384920702909
0.9918511851180029
1.0000615281692464
1.0064453729535041
0.9940296628358031
1.0034247610812237
1.0013496333446894
0.9903575703227717
1.0106330679825792
0.9995012834992038
0.990269718030592
1.0002209304643872
1.0084558759694355
1.0080911272940878
1.0059902739487794
1.003659832092588
1.0015376204033881
1.004761029935042
1.0059510537713006