1.2415398971458314
1.2423933912051117
1.2452131668400648
1.2506845229647465
1.259667210660854
1.2728564667182165
1.2904543670640178
1.3119490990545764
1.3360732844750336
1.360964870691642
1.3845052898783516
1.4047508917567513
1.4203598926768555
1.4309030685159712
1.4369760369846756
1.4400778450985712
1.4422748319977778
1.4457209344434883
1.4521401177768183
1.462386587973965
1.4761799512327975
1.492073660670665
1.5076646544450685
1.5199966587279878
1.526074906725011
1.5233896653371635
1.5103507548026804
1.4865610924082016
1.4528948080266624
1.4113857988547502
1.3649657975572702
1.3171105721792438
1.2714563268469095
1.2314386828237136
1.1999884031825068
1.1792992643979145
1.1706701701646964
1.1744177207749313
1.1898581270785495
1.2153636477607004
1.248503679332684
1.286278437662973
1.3254431607686987
1.3628992195960794
1.3961057032666586
1.4234470551005216
1.4444796961962376
1.4599946593960427
1.471856399943117
1.482624338113597
1.4950112029948108
1.5112764034951882
1.5326785147014828
1.5591104981962451
1.589010771168624
1.6195890557826917
1.6473357426867725
1.6687173052687898
1.6809112948984588
1.6824170877194797
1.673399348901397
1.655676615252347
1.6323464138142079
1.6071227520489741
1.5835317628578829
1.5641481456046065
1.5500504319548545
1.5406254226414575
1.5337702346721978
1.5264464982822632
1.515456462190043
1.498253757399545
1.4735919052050226
1.4418510852780746
1.4049617141952444
1.365943159055101
1.3281721409022
1.2945649355301556
1.2668810111814033
1.2453250941524932
1.2285507453357603
1.214063760989953
1.1989197090915569
1.180531408183101
1.157371531133503
1.129381917413173
1.0979788989689296
1.06565319217137
1.03527430406799
1.0092929540904758
0.989064992633475
0.9744891975798939
0.9640635509751957
0.9553456251064665
0.9456849250213967
0.9330133026928804
0.9164591058527309
0.896599738053846
0.8752734654933306
0.8550043551814361
0.8382145118992942
0.8264670535219047
0.8199787351532184
0.8175603178798212
0.8170092722742811
0.8158335956374504
0.8120745489927829
0.8049578996281821
0.7951536210239109
0.7845499674508808
0.77561011790609
0.770524522892626
0.7704485089512825
0.7750934680113206
0.7828231166391628
0.7912314047670528
0.7980050957237745
0.8017647562763865
0.8025758835463876
0.8019332744330023
0.8022109149720305
0.8057697508268502
0.8140517923400307
0.8270056672130413
0.8430737885922985
0.8597617961516579
0.8745841832758103
0.8860241767104098
0.8941267883477618
0.9004764956911966
0.9075499039787348
0.9176875437261789
0.9320943817208571
0.9502825444206254
0.9702017154528797
0.9890240264503475
1.004272728092705
1.0148259704783664
1.0213628165367745
1.026043083657399
1.031537976212166
1.0398172167046285
1.0512208367048885
1.0642366559293985
1.0761038996862864
1.0839953257080368
1.0862588881480926
1.0831548060902063
1.0767371820160374
1.069914563241483
1.065108762539232