18.6092534605571
16.49046976256879
16.53943681309624
16.490972795002907
16.66602812963381
16.531891037742728
16.371953320512713
16.368571582454397
16.385231688963717
16.3676388424972
16.34702630078955
16.348616945687006
16.327067564159453
16.19217359901513
16.052622953296925
16.062287691165512
15.950540385257334
15.947555780274012
15.761616713696036
15.810061064235057
15.580643379875642
15.582430249144078
15.490196467585237
15.382580172425087
15.250494126746966
15.096590073073566
14.969431627364711
14.861565134321088
14.759755127424748
14.67195641996199
14.589319804722198
14.440832715037429
14.229606841680111
14.161594898507
14.05341601577134
13.82877423084448
13.749417857051341
13.567580576049798
13.387648705494636
13.326441958335858
13.08181225693906
12.886780790786519
12.769320909707359
12.623665277891781
12.460863410150031
12.293135956328051
12.109227847794386
11.898806253416334
11.681895578914578
11.526489662443687
11.417633087282113
11.172145347915635
10.97357250091794
10.867841875233967
10.557804153853589
10.481873694714746
10.217416818273138
10.002089001229749
9.895502531579613
9.690465906221236
9.40878614210517
9.173497246012007
8.982128575924909
8.787881700078161
8.579135200064016
8.376876205065281
8.222464309164067
8.10990852924291
7.886557592931928
7.5465563573421965
7.4626587198421115
7.221861672482075
7.004762513460317
6.809330349979463
6.663573502677208
6.296355741285816
6.264393161202987
6.0952289343715975
5.772146112873407
5.480589091976148
5.252707678646537
5.047332438204427
4.835260714071072
4.6376067068281515
4.535787027347167
4.547280866533766
4.344153260700293
3.789152163095457
3.891738636864468
3.701940762064332
3.2977314587330393
3.3498738588146204
3.215136605239001
2.381906173792269
3.221812454867172
3.4764998497340582
2.4912258086999675
1.3759288883549776
0.6841377260457477
0.3740067472327037
0.30448047661801414
0.40968268641050554
0.6788050683398565
1.0458406354849152
1.25771432120663
1.064147939518554
0.8540391078675252
1.0820050863954203
0.9912604400010905
0.9902255126131498
1.005115044748175
1.0261339111465086
0.9465919589731354
1.0413110903131222
1.0266030319329464
0.9717740956859514
0.9609146730034365
0.9753791951352146
0.9873960955808277
0.9884946432657181
0.9810055465854759
0.9746364606850275
0.9870171523042347
1.017486766965414
1.0134464234606049
0.978983505376997
1.0118895288910572
0.9953081682241005
1.0045004966517075
0.9908966139984147
1.015266770439048
0.9870524794664826
0.9957230982450981
1.0127601708831266
1.0087781391616044
1.0007605111517637
0.9961399538112963
0.9946758665574146
0.996489537184846
1.0021141857260574
1.0087448575290747
1.0064867718645485
0.9935705088962391
0.9975042231689294
1.0084569116345077
0.9910550211845406
1.0076791887922771
0.9928227420583995
1.0067659750006657
0.997032657513112
0.9952429692362018