17.53421647794323
15.539252088527101
15.398755825532357
15.23602831564727
15.220453010591463
15.256672988814245
15.047703734530506
15.087552473999999
15.122172187723127
15.08729168395716
14.926563643950068
15.063640714869377
14.870860974194677
14.886182844963864
14.774051855505558
14.763747067430732
14.777587775346602
14.650082819634449
14.535853718979295
14.477533169066675
14.419061076942304
14.329610294544802
14.228738881977156
14.15147703517345
14.047709467462548
13.890831366995824
13.857634560316928
13.79692122975458
13.654074706578388
13.490454871355144
13.49345744713881
13.252144601133342
13.22713422356807
13.031935666300884
12.981603259202078
12.847011963580348
12.63528803639611
12.525158618873904
12.444107937845763
12.32781182718944
12.185811025851116
12.03089461536195
11.870437239589188
11.729290829670756
11.58207268350157
11.352671307597635
11.169332920188964
11.075031949582007
10.940879851310264
10.669977160454632
10.634118237458956
10.350175210832818
10.28291360147028
10.005847652566981
9.917791872269705
9.77463006013822
9.509140888845046
9.319236760658436
9.19128428406981
9.051669563446234
8.882589706664373
8.697977884302528
8.508679969167183
8.28901502255069
8.033644541677974
7.86609293158687
7.788549991814254
7.58701119826323
7.278734490608493
7.2669520710213185
6.913312851485286
6.884394672592287
6.526358657166964
6.515886681302737
6.2660136940102955
5.951972573142591
5.860340223142965
5.787451290702026
5.626199413496561
5.4234297085581815
5.229297084885134
5.0640401688531025
4.917719281824803
4.700738586595896
4.320580975991657
4.02739339244045
4.150329880870663
3.940461579212367
3.444154282559954
3.785694187168551
2.9953451922547845
3.4668692375982233
2.882564659837061
2.409435656776925
3.2961417828221125
3.3448433137794793
2.3511621115576347
1.313739518171822
0.6729735862245878
0.38085842928620367
0.3111369498506785
0.4055251127643365
0.6575447893435397
1.0109670020914925
1.2464866961707397
1.1135513626766476
0.8569137869435763
1.0285268968245613
1.0583047972160502
0.9268125729570947
1.072114988642994
0.947998332541426
1.018765626745527
1.029494173819846
0.9524920246233024
0.9972705102856834
1.0398354391638491
1.030891472221166
1.008702824032576
0.995869139523963
0.9950732922775756
1.0047582411310687
1.0182704230967856
1.0229475663596403
1.0058456762670047
0.9786400798078242
1.0029852174034146
1.0130033628629493
0.983301147843713
1.016642458769396
0.9831606763998024
1.015320863514756
0.992033105235193
0.9961933355417697
1.0135761312514844
1.0019122326619756
0.9896867710728663
0.9895477521690552
0.9937817302122229
0.9957205800173426
0.9938546839823788
0.9911549895119647
0.9914117758712861
0.9963254727951448
1.0077721028107458
1.0034669898694433
0.9918718541377126
1.0053051274966325
0.9982921423834283
1.0009779310512152
0.9968807930189496