21.556503097048324
19.89522495579454
19.81268105985654
19.640930345218784
19.612221446467615
19.619443536230303
19.377565388787108
19.53903251425167
19.43334754527996
19.34080577253783
19.421599020985507
19.17803756518597
19.20153271208544
19.13821318082144
19.001437564678586
18.954778266307166
18.906007171930607
18.81240700252409
18.71339604723137
18.643827969297902
18.52737642615034
18.319130192879825
18.208143489936386
18.105722732002413
18.043869329714887
17.77692035080902
17.766337705346636
17.534643382918386
17.459207769130234
17.23114007341456
17.044680352092403
16.94991011924206
16.809262427192476
16.628074922701828
16.45435835438534
16.294225289453024
16.112316662145943
15.920342568930604
15.714488622003406
15.433343002881639
15.331464107750461
15.11360818248359
14.859552639816838
14.74386407920293
14.451556452879037
14.241940859966174
14.09766941635408
13.816399688438677
13.549407786074914
13.335501418553656
13.132626512399016
12.920082043671567
12.678490625279062
12.409846917531357
12.210691174260418
12.058507050249105
11.79928707907659
11.469940811883815
11.36919498095467
10.988178457702146
10.878741776527542
10.516359884654744
10.335080001769912
10.167964902878909
9.860364874088708
9.548962742762699
9.278640975900592
9.02321550485141
8.779019856044217
8.569068812622476
8.398934791366711
8.222487291735431
7.859906506009388
7.581398301137044
7.496212451157587
7.055938182159849
7.028353787845165
6.59402270984624
6.40832559323251
6.327063527046769
5.9811406537210985
5.613609723586442
5.335655371905392
5.096482026316301
4.855279859412384
4.637539497484043
4.557708670920526
4.573817399586004
4.156305868119625
3.645603932036162
4.011395790196414
3.1201583400678077
3.7173645528025028
2.5734402083051657
2.9968508596759187
3.678365062032879
2.7895879923776543
1.5144902307610026
0.7080214759194101
0.3600495514003584
0.29003515590038376
0.41620531875318745
0.7223985871519352
1.1101799676844601
1.2523149824131676
0.959611135445298
0.9073505794179597
1.1184049462502037
0.9045443095401208
1.0867758118166522
0.938226785422147
1.0114079145005928
1.0494144470833804
0.9795869170827256
0.9543244418909853
0.9677091681842843
0.980973782892335
0.9821493431305184
0.973146832728118
0.9713938786785599
0.9979679020920713
1.0241069986704858
0.9947153791570351
0.9884287093498667
1.01668162852638
0.9850901446890219
1.0103996770906905
1.0014063137603866
0.9836667206595168
1.005163976660964
1.013984620754761
1.0074601402331205
1.001374672740014
1.0010004614511583
1.0047952706048975
1.0091555558800658
1.0100058205024227
0.9967212663328187
0.9912500651979377
1.009172258827666
0.9948528324038008
1.0035398737159464
0.9940647522519622
1.0087152877915753
0.9945630302406169
0.997005261245575
1.0066548197590708
1.0076608685983708
1.0046719975108918
1.002388329346249
1.0023720991509328