1.0499608402006047
1.0726611810136002
1.1404641171831607
1.2499595605741232
1.3894238269019115
1.536113671116865
1.6599530566661036
1.7330425392378175
1.7401411705376604
1.6843418194797253
1.5851407278494765
1.4706529155950694
1.3685623003028649
1.2998345928233714
1.276296228643359
1.300528960413396
1.366137269176803
1.4581040655349318
1.5546828023064483
1.6321902972492135
1.6720308580951384
1.6670148350045624
1.6235713307915909
1.5584271108731416
1.4914096159493873
1.4380537498473513
1.4053628291062152
1.391865753403532
1.3907852720178389
1.3941348459000362
1.3960855607165714
1.394992874666576
1.3939923400023229
1.3999624318660482
1.420614888873287
1.4602295646237795
1.5158128748493749
1.5761026876235151
1.6248639763776513
1.6475183682901813
1.6378267714755428
1.600842318214946
1.5502728860917472
1.50162093784246
1.4649115950607305
1.4409229929959826
1.4226242256945199
1.4005500746134927
1.3689026501709527
1.3292079672116301
1.2899692863821781
1.2628107831863984
1.2570854929697401
1.2754229187715058
1.3122691723200572
1.3562925938677988
1.395818019466461
1.4247507044543601
1.4457055150935132
1.4681151591023744
1.5018758438096367
1.5501283599626305
1.605918953429612
1.6554569199969562
1.6863751643374054
1.6956508246615118
1.6915603080499118
1.6878863736437786
1.694118866420673
1.7085683433753243
1.7195304241698959
1.713881800118083
1.68690659895256
1.6460272331774806
1.6055324467105365
1.5761796938126245
1.5575326228551873
1.538888880507345
1.5080671327985513
1.4612077502268204
1.405931515866566
1.3554246160339225
1.318212946083219
1.291809496765619
1.265283276568754
1.2285574671207804
1.180780582164732
1.1309202510860001
1.090199733090584
1.0627952635249993
1.0426353918877285
1.0189362078146371
0.9856360563139446
0.946555092677769
0.9118428376042019
0.8889189016038702
0.8759769959848666
0.8638378804476208
0.8444297915877769
0.8181477678636004
0.7933366474884359
0.7783929862917693
0.7738817807647835
0.7721177280049719
0.764633925538148
0.7503847544069365
0.7367146074321417
0.7320801310206422
0.7376466977117682
0.7461425651896398
0.7492274297327612
0.7460115867786666
0.7439983094693842
0.7513229400370965
0.7682073264565376
0.7866111819521916
0.7986506942450051
0.804997134771465
0.8141873161001179
0.8333299100927071
0.8601318072334473
0.8850877859079065
0.9017218206004264
0.9136707063329257
0.9305151371418854
0.9567162887746054
0.9860760429632479
1.0082844206982824
1.0203780984835427
1.0299217648924817
1.0459236761963744
1.0678360138943737
1.0856604336975497
1.0913702292941625
1.088240570433281
1.0867542342119592
1.0917536442035114
1.0964057093530977
1.0905912802695112
1.0735949771574365
1.0553034021653271
1.0442079585419732
1.0372299326575865
1.0243941119519646
1.002507103055764
0.9801605778799442
0.9673665100877138
0.963273844726097
0.9582346151779864
0.9475694706021558
0.9385113682553513