1.0027583730638874
1.079335134700924
1.2921846165406263
1.5739150613130515
1.8048747564274223
1.8802086637715403
1.7912664656352721
1.6255587176839434
1.4886354161315967
1.437956868669081
1.4753092372245966
1.565520028138525
1.653808694061301
1.693328322603633
1.6775029125118546
1.6394653541228166
1.6125371185069477
1.5990024477233362
1.5807526164387193
1.548494827287448
1.5137742704696306
1.50131194298461
1.5337123577055278
1.6112583305755868
1.6979174622816344
1.7377628410334252
1.6994234499372647
1.6051874394910302
1.512077903247415
1.466018542104594
1.4738394895933238
1.5098863191331757
1.5427975015638893
1.5615688054052057
1.5820354468604954
1.6240300214133332
1.6786926849875459
1.7062248622527272
1.6743688205669325
1.5949851598271862
1.5145142264737383
1.4699841756293865
1.4604470573242216
1.4598851077576553
1.451568341264036
1.4476468223670655
1.475426305763631
1.5429739255492683
1.6208319255941173
1.6663259879292545
1.6678176609767654
1.653904934816213
1.6522389936220565
1.6513530757712924
1.617867405550389
1.5453814432609883
1.4676408137646113
1.4192268651329119
1.3977662031702247
1.3756108255963808
1.3418230587467501
1.3189287738218785
1.3341006653402203
1.3825771081211118
1.4318382265741951
1.4634689607617217
1.4965616913481021
1.556665448640723
1.6322212931708624
1.6855679456166244
1.7066540051577908
1.7266311435501764
1.7660993801145295
1.7991883208697768
1.7940709103117454
1.7652804143858842
1.7499752510485815
1.7464281400421207
1.7187245275277387
1.6599693162879894
1.6052875668315854
1.572368872153064
1.5334400932382708
1.4669603220434895
1.396780214625978
1.3500199690585366
1.3104291208490761
1.2504881820373006
1.1822954900845208
1.1348108244759356
1.1012021480181138
1.0536145088846807
0.9959554938239698
0.9555180251909664
0.9310769642056728
0.8966355827081032
0.8520699038172322
0.8223802366536507
0.8083669138757016
0.7859790776007842
0.754545911172835
0.7373770277701573
0.7343509130655429
0.7227761131415049
0.7042326239582943
0.700888732250457
0.7091573905337965
0.7075427994270623
0.7022530079282581
0.7138589734556832
0.7330357314857286
0.7405986651613634
0.7492150494265175
0.7756516267618051
0.8033550543512772
0.8184324690864465
0.8403518395474606
0.8779022943293774
0.9080866619075113
0.9269009156867919
0.9577208635755399
0.9965180129718966
1.0190130074037556
1.0351218498570633
1.0646130663246844
1.0890283467895667
1.0929894579173873
1.0991127439650537
1.1132302868125288
1.1095523404556558
1.0921908047774465
1.0853803842930791
1.0756133430461714
1.0466682401737075
1.0217690224961178
1.008795854485477
0.9846779443534309
0.9575491193855405
0.9496102629778702
0.9442048813675192
0.932036394945337
0.937006804709005
0.9543374585583119
0.9622132973056525
0.9767668346344774
1.0052049473547655
1.021155608828877
1.0292275866237275
1.0468959396805377
1.0523093780799695
1.04004107875566