1.2275123122831306
1.534599723083274
2.0927548417723707
2.1000413867409513
1.727183919542813
1.6901135301835608
1.986257668978019
2.0462083288671966
1.7855304831646792
1.7137421685545005
1.9237057558556723
2.005867227111042
1.8432046786542207
1.7686959875501813
1.8540151092215151
1.9060668641947793
1.8928675824419332
1.8866291277848544
1.8174157200057761
1.7669037880526375
1.8752374993134258
1.9749386612860584
1.8593414706373095
1.7463093731621173
1.8022713816102558
1.868955882610392
1.8812989936405584
1.9034490946500455
1.8292607215817762
1.7211206098036465
1.7790810219450466
1.888359174569278
1.881596268045099
1.8620247150379399
1.8101351896288282
1.7092239162897278
1.7388579000245132
1.8444698820217045
1.8615290694621776
1.870184748705093
1.8295344599615417
1.708008115317429
1.6916134345949398
1.7403844158611663
1.7736889324004919
1.8619950721632843
1.871277649302695
1.7870866495929458
1.7399341809324143
1.658512682343295
1.6313918236366356
1.7040054786601837
1.7459070894858022
1.818723328411092
1.8557691574630804
1.793815420522299
1.751748120224505
1.6531011549324426
1.581438639439253
1.5819979539893139
1.578666389692596
1.6596537319531701
1.7307716820400378
1.780468500655887
1.8375478261909206
1.7994945521607284
1.7712814892998872
1.6839556012258954
1.5894531386627146
1.523700264034315
1.441238402811503
1.4359188701050283
1.4277678617460943
1.4754834643512469
1.5458377775323129
1.614288806743905
1.7204980991872327
1.7776621759855549
1.8665479364999482
1.893506763578819
1.9301047805897065
1.9220128944465091
1.8980668769571782
1.8596013084634817
1.7868200462710295
1.7270375729041878
1.6255120609769378
1.5541493726345539
1.4431852142172663
1.368631519385612
1.262267784493422
1.1907977985683578
1.0971168604274912
1.03290481438831
0.9553146980313361
0.9008502760081262
0.8398780459947454
0.7965212965626416
0.7513413515510939
0.7198508245173221
0.6893017086525018
0.6702409201463205
0.6533539157665903
0.6473223528454162
0.6434614959133221
0.6511103604217997
0.6598047581569493
0.6815971031560772
0.7021097715787088
0.7377938554563289
0.7684702685183145
0.8162889247779084
0.8538011719623572
0.909596007649969
0.9483616237163395
1.0049610744450261
1.0372315970757777
1.0847701500671179
1.1020080731501722
1.1299042182753753
1.1258203255985095
1.1266987741545296
1.1014026624078106
1.0759944229190506
1.0391478684784161
0.9993830747379097
0.9689292262093728
0.9353650723565328
0.9292543033387018
0.9208631761542363
0.9439521992533966
0.964332057673303
0.9998739795009859
1.0309905515642548
1.048790736493447
1.0628811063766914
1.0452623947190482
1.0306177491945596
0.9949292184706079
0.9707117303377018
0.9572848149269678
0.9537943199764043
0.9792053991171251
0.9988920890898315
1.0283255991470186
1.0401555112726846
1.0303811030918257
1.0163632583738769
0.9835304178031147
0.9701656483371027
0.9701068350415554