2.0776053763038846
2.224253141356731
2.234956982966893
2.136120614625664
2.302828405559225
2.113228522476532
2.24549547760736
2.2279971045669096
2.0954106141386504
2.3409247225773187
2.075983077868009
2.2404651892537046
2.2256971802244143
2.116454067723211
2.2372145763754463
2.196873325433129
2.137802827294663
2.192738927238767
2.237028381834252
2.0709933352589647
2.243612225394555
2.1703572318405584
2.129272431051199
2.144269449466089
2.2450380165375408
2.0685059743529153
2.155520288228158
2.1854127411814557
2.150589071893063
2.050777013318994
2.19306562883084
2.1567507364120377
2.0732323752612714
2.078679785463373
2.176676296384797
2.1307822486991506
2.015906220807747
2.096076913054024
2.138754778042649
2.1171869265998136
1.9846134034064737
2.0532420039025148
2.1278961311429443
2.0906006818591414
2.001421035893675
1.9588625943650584
2.0849393859547427
2.0974346241413993
2.0198236404379437
1.9370435845690013
1.9343905282746006
2.0590898596514027
2.0691800805294482
1.9846269644274848
1.8989309049510905
1.8633960833246244
1.967181689105392
2.044151783055572
2.002343762305701
1.9181357760456756
1.8113839738666904
1.793593643175009
1.895398888314952
1.974269752122
1.9909140586548897
1.941336308735175
1.8092087861698332
1.7041248848561303
1.7024164102377266
1.7571388376492465
1.8493883679504488
1.9507787504724932
1.9719677405968328
1.8992907756250055
1.7931732904786368
1.6724317698505458
1.5547768171977
1.5014688811474652
1.5321272136519515
1.6071486302622882
1.7081275192139478
1.8367324062031487
1.9589657226869455
2.0314873975683603
2.054625643886523
2.0479256063033184
2.0058281095592676
1.9155139965961605
1.7915474427706575
1.6617947783626787
1.5346381447528208
1.40188488001456
1.2643255641194793
1.1364585409086787
1.0285042005809968
0.9365051758410098
0.8521763273405681
0.7750731626919463
0.7116100264821671
0.6658527091330122
0.6350785496866052
0.6138174485013123
0.5998923281665312
0.5958930915063081
0.6058250953917617
0.6310723747269913
0.6692504926302526
0.7162832984768099
0.7693821102844509
0.8282060069071587
0.893219494885799
0.9626908961380682
1.030955750210981
1.08951332951606
1.1301750958330328
1.1479688686662164
1.1421029889895844
1.1152153201645079
1.0723999072867145
1.02101076569522
0.9707458098821176
0.9326718828088312
0.9164923067812661
0.9268279712838137
0.9603212988458709
1.0053228677324564
1.0450040476189524
1.0634305554550347
1.0526836362311325
1.0178453022461762
0.9764333683083204
0.9507538820093121
0.9556706552321472
0.9884694880618766
1.02839696891744
1.0487189380207818
1.0352720303894842
0.9984310795731058
0.9672311337059005
0.9669199675551623
0.9966596112174859
1.0282233827251346
1.0308998937563956
1.002034715060747
0.9718323083739836
0.9727687156985865
1.002945539756125
1.0261354227890234
1.0140398416966512
0.9827002985631118
0.9738160274239277