3.041733481719201
6.201402612814711
4.800789127302109
5.056687141615217
5.586214582507999
4.865456740669241
5.2667363920951376
5.2318749540920795
5.134949611537201
5.140249734996748
5.0852313488010275
5.381061484992368
4.858581007250698
5.239904403195453
5.132564436685125
5.1252564001826
4.993403166554187
5.061189083335832
5.200837503558437
4.960086381967306
5.029029295438313
4.914943337138118
5.152224725565721
4.930669561910003
4.974481189094927
4.825147131950844
4.950791766736691
4.959397394576347
4.866394143185149
4.909814204879154
4.647212707083199
4.914180953653688
4.635686052289437
4.93080282870359
4.688909439552897
4.695818031718792
4.730561628190187
4.439571121436633
4.725488895934642
4.477750101551081
4.529213232054399
4.6891627827953
4.354631777117338
4.56363172937089
4.512508911929653
4.21165715502005
4.464089395844415
4.338843725668633
4.064669055379362
4.327531791763329
4.252414128550824
3.9312513167784346
4.140542514301353
4.229036774907712
3.863602649643946
3.857759642837265
4.136037174141922
3.9528240556161727
3.621125531042143
3.7702524475345216
4.005042069976226
3.7687467329568998
3.4298404485714125
3.5358461247107678
3.8360090570014815
3.766021294935828
3.3733808769062863
3.189386811109363
3.4197189849863485
3.6956393831533867
3.605099021476655
3.1923611678341177
2.8527129643658418
2.8774278084638407
3.1944517792082943
3.4874110926105786
3.4846735997465728
3.154029066522703
2.6905109305887907
2.3531325086831636
2.3007234936893406
2.534723128593474
2.9340079449243377
3.324584342331763
3.5645129039807255
3.606741364466833
3.4781537066625683
3.2091064910141434
2.8233057151410614
2.3811019262884603
1.962478910763994
1.5982328851540815
1.2732244320844623
0.992070777784809
0.7790768635784693
0.6250642218613824
0.5011384371052511
0.4090427545107728
0.3590357731203227
0.33258058807933905
0.31887722351605996
0.33409548779886533
0.3738190421306849
0.42162632653132326
0.493791946474139
0.5945216086584335
0.6982800989896188
0.8156183867835197
0.9521707226436746
1.0662087319463076
1.1590391339789585
1.234144969893322
1.2423698642475003
1.2001050131753341
1.127660002464381
1.0104521204509396
0.9155213223979939
0.8675552856119202
0.8720951565810767
0.9557303385987709
1.042686483336886
1.1059421472900866
1.0995572298147367
1.0160785480853842
0.9439563829480488
0.910926972576628
0.9748246322729358
1.048411509128772
1.0750571975007626
1.0163818641995523
0.9442367017904051
0.9509137242884862
1.0179312479909712
1.0621081271542159
1.0073203263969357
0.9532762389657988
0.9733790317629796
1.043425851878841
1.028260451855672
0.9666719339716399
0.9727251044733581
1.0336761478336287
1.0231781256299468
0.960950438028588
0.9961098168743332
1.0326736447038232
0.995299526284606
0.9685610804413894
1.0264613876788538
1.0118018559153745
0.9656665121356383