4.424753196218026
3.5410917227896235
3.250477052556441
3.577840261738734
3.463789673174851
3.3914866586287413
3.412961163924824
3.50072964396348
3.4720496668385987
3.2397518877533815
3.59324587809689
3.4849233217523157
3.125878068358688
3.6483173206792547
3.4460657135210786
3.168821589529757
3.520958867662277
3.4423757453436457
3.348821106401792
3.2255127880105263
3.4943203444620723
3.4738207291850887
3.108214790677613
3.390438916855079
3.427983344759209
3.3704549911307016
3.1178108916936864
3.300353287678318
3.4868368603100035
3.2325399108086956
3.14603679935193
3.175273285551542
3.474135448086799
3.227322259000902
3.107561064907691
3.0555690070303294
3.3516739165597893
3.2978386936402484
3.1279514831481112
2.9408824205038098
3.1084753180766667
3.27048973225371
3.2545174452837253
2.993002613240373
2.8791986121111806
2.971200665249831
3.1984504873484134
3.191861727929682
3.03501023731317
2.770181455323256
2.795498182520103
2.9126605362210793
3.155804548510652
3.081626763690342
2.9517034075439716
2.6536647623466427
2.6191135768351668
2.6852819551324463
2.9209228574902038
3.048961210981304
2.9901103710421877
2.8224208844330567
2.522550868595057
2.415991895265065
2.376790007070038
2.567690549101258
2.7695033263420026
2.9156385108737606
2.983238264025768
2.8109498553311427
2.6189229941940284
2.3359264640163335
2.107171259547198
2.0241480737705353
2.0020947943929537
2.1666139205775186
2.3712146305379016
2.596745142136539
2.863628105040754
3.0024579717195663
3.1007714435029214
3.136702157924665
3.022233969385932
2.8922666264128023
2.7119463540619035
2.445584919448135
2.213196506139357
1.9748995803643694
1.7056418850883892
1.4920999870684872
1.3000439089341904
1.099264834195658
0.9481623447047433
0.8280158841590953
0.7035122572640963
0.6108114671178634
0.5506126706180923
0.48853636605466066
0.43964291090089386
0.42100001740449117
0.408336822854879
0.3956524994555567
0.40582481291949496
0.43422933383045065
0.45990620409257615
0.4946896213017943
0.555370431089352
0.6230070440972989
0.6847019079240495
0.762194711519662
0.8582032518226488
0.9427698873742366
1.0134647009647537
1.0921626700897071
1.1646456713179092
1.1999270674689717
1.2066736505632851
1.2048947701662966
1.1801500189522445
1.11748602735632
1.0389281685440688
0.9728713684838046
0.9230023507106588
0.8865843665063029
0.8752703792029329
0.903375481862198
0.965430266490939
1.033268914871402
1.0780895378570767
1.0909923508322252
1.0765203028248571
1.0380504342444843
0.9834455117392812
0.9354336320793246
0.9213586621596866
0.9520653176815603
1.0109008233294747
1.0608788801822087
1.069075561562687
1.0318237793396798
0.9771334038925009
0.9435638429511441
0.9541077688441082
0.9996856508351772
1.043428032528764
1.0490940679768717
1.0125339691677817
0.9665824566294259
0.9534709431331176
0.98621550603874
1.0328807429297167