4.293514879709229
3.7159913974734144
2.631519008150742
1.980492259218257
2.014822477463331
2.5350955496800593
2.989439969605612
2.8655347907551287
2.3714014719137286
2.0778351836215196
2.2330355238115636
2.647392798214644
2.86368541222108
2.664730403018953
2.3437006230745734
2.2328961368606763
2.353382582613926
2.52214184491885
2.574324526901006
2.5596360956871216
2.5753221359529066
2.5256601316100857
2.3477401906800903
2.201070296446198
2.273664024795381
2.538361930112009
2.7178554022227637
2.622074732530027
2.4160952017043047
2.3136437008765647
2.2892997663837567
2.256054257788172
2.263827366261215
2.4164705881581936
2.6266986063740436
2.6505587279508744
2.4747015881553613
2.3230784505086324
2.2608753737907366
2.185430297195333
2.115522135172535
2.1906753941216244
2.4034504959904526
2.542044693537353
2.5257384517959784
2.503632584910708
2.4835781332299622
2.3267758240134113
2.1110276190064003
2.024471375475562
2.0428307656903018
2.0481297059159815
2.0923246184536732
2.265793612411786
2.438657048244006
2.4776362969569248
2.4991888295789106
2.541333372235712
2.445746960197581
2.258239359017068
2.1410327032656475
2.0256998168174634
1.8524554023714257
1.7591143494011683
1.777540088022362
1.7879515049218453
1.818517172387304
1.9657247521806533
2.124348257765133
2.2199742423147786
2.376053055850362
2.5477099795003952
2.6031594367450426
2.6657596949685467
2.7534307389337163
2.7158210739987116
2.6615529676627054
2.6486747791471528
2.529211194189148
2.3936902588728364
2.3140552397901213
2.153181237268788
1.9877170339673096
1.8842769566763313
1.7196563810494425
1.5636211502420259
1.4663200164975863
1.320253433065091
1.1942879281502552
1.116482982472064
0.9973589725385176
0.9077485673971426
0.8511534509683895
0.7596545775875091
0.7048624919290926
0.6656128420564325
0.6002421677179894
0.5754930817259865
0.5486297877269398
0.5088884241643916
0.5082272611981387
0.4905941460310421
0.47776240965015804
0.494535080117513
0.48666570617402716
0.502366072141058
0.5295020524227875
0.5363321640486386
0.5791793867117647
0.6104966938132413
0.6395263519695455
0.7011803270874958
0.733833493222168
0.7890350066782275
0.85282550063065
0.8886132600471485
0.9610656282899821
1.006998333497827
1.0482300638261797
1.1109246756332907
1.1267735471171307
1.1658206034991472
1.18474212697669
1.17429000547895
1.187975784461383
1.1515922457080308
1.128727307399054
1.0968265100048529
1.038228600205358
1.0125522136832419
0.9554819519736973
0.9286720821991967
0.9072436186520473
0.8871777665119821
0.9079920458987292
0.9106658695829267
0.9548677433002936
0.9851312084555384
1.021658151959801
1.063095079938922
1.068326718947649
1.0906718699564166
1.0639869754042945
1.0488895809107774
1.0117292105049145
0.9736591280074508
0.955742077561393
0.9295986417370485
0.9489750618477301
0.9545433050820743
0.9983055723850874