1.2842819061312025
1.2842745467550354
1.2842524646207383
1.2842156477132782
1.2841640760154514
1.2840977215196627
1.284016548244426
1.283920512255593
1.2838095616923186
1.2836836367977729
1.283542669954621
1.2833865857252846
1.283215300896993
1.2830287245316634
1.2828267580206145
1.2826092951441488
1.2823762221360262
1.2821274177528548
1.2818627533484317
1.2815820929530637
1.281285293357902
1.2809722042043203
1.2806426680783798
1.2802965206104113
1.2799335905797553
1.2795537000247024
1.279156664357667
1.2787422924856426
1.2783103869359784
1.2778607439875156
1.2773931538071346
1.2769074005917485
1.2764032627157929
1.2758805128842527
1.2753389182912702
1.2747782407843735
1.2741982370343827
1.2735986587110166
1.272979252664259
1.2723397611115155
1.2716799218306039
1.2709994683586208
1.2702981301967144
1.2695756330208017
1.2688316988982722
1.2680660465106983
1.267278391382588
1.2664684461162057
1.265635920632491
1.2647805224180872
1.2639019567785081
1.262999927097455
1.262074135102291
1.2611242811356922
1.2601500644334676
1.2591511834085571
1.2581273359411977
1.2570782196752512
1.2560035323206789
1.2549029719621434
1.2537762373737167
1.2526230283396536
1.2514430459812076
1.25023599308944
1.2490015744639686
1.2477394972576101
1.2464494713268461
1.2451312095880454
1.2437844283793662
1.2424088478282476
1.2410041922244055
1.2395701903982244
1.2381065761044385
1.2366130884109807
1.235089472092877
1.233535478031041
1.2319508636158298
1.2303353931552001
1.2286888382873005
1.2270109783973198
1.2253016010384141
1.223560502356499
1.2217874875187136
1.2199823711453324
1.2181449777448825
1.2162751421522486
1.2143727099694823
1.2124375380090764
1.2104694947394075
1.208468460732068
1.20643433904557
1.2043670157650492
1.2022664205749647
1.2001324869600012
1.1979651627619894
1.1957644106317642
1.1935302084805353
1.1912625499303704
1.1889614447633885
1.1866269193692534
1.1842590171905238
1.181857799165432
1.1794233441676287
1.1769557494424208
1.1744551310390328
1.1719216242383874
1.1693553839759048
1.166756585258799
1.1641254235773448
1.161462115309568
1.1587668981188093
1.1560400313435861
1.153281796379194
1.1504924970504407
1.1476724599749215
1.144822034916234
1.1419415951265028
1.1390315376775935
1.1360922837803764
1.1331242790913978
1.1301279940063036
1.127103923939352
1.1240525895883549
1.1209745371843727
1.1178703387254771
1.1147405921939086
1.1115859217559334
1.1084069779437116
1.105204437818484
1.1019790051143799
1.0987314103621484
1.0954624109921238
1.092172791415719
1.0888633630847662
1.0855349645279977
1.0821884613640007
1.078824746289943
1.07544473904541
1.0720493863506764
1.0686396618187535
1.0652165658405612
1.0617811254425895
1.0583343941164112
1.0548774516194437
1.051411403746348
1.0479373820704903
1.0444565436548907
1.0409700707321232
1.0374791703526223
1.0339850740009078
1.030489037179227