5.979149349685564
7.742152381849323
8.079913031513158
8.405711933546149
8.612800658873935
8.620227234099628
8.488668345310586
8.403315786075453
8.494515230076132
8.660473710987345
8.664914944926013
8.478092674449298
8.362178719067456
8.441486969507787
8.445643273076186
8.232008666319492
8.125014590179225
8.218758241649896
8.16662362630901
8.094548532744511
8.286429490379453
8.332272550536988
8.201424509492709
8.195041463522374
7.961068236634036
7.818161385155066
7.974853207534301
7.972006494727219
8.029464119292859
7.7613822497965606
7.609947806046274
7.7501392598575976
7.775602667575659
7.631414544643963
7.35848861220775
7.590102463922281
7.51179832501979
7.272336913744479
7.24962369388659
7.411412798968076
7.0492130517915665
7.080025934627021
7.201830321455903
6.774571509534529
7.026804964121902
6.820450484363008
6.6396126180859225
6.8699310001138345
6.395512270931574
6.695387112158051
6.3404279646387725
6.430981631711777
6.2304277149156455
6.277370637797443
6.064933175897109
6.073361476718502
5.90811595859447
5.99089608982068
5.610106913507024
5.882047176489876
5.399893508424745
5.754875958732564
5.286456536389389
5.3225958378063245
5.394631855796576
4.907170369730421
5.296402372027821
4.989955637328561
4.6378089646665455
5.042795222470739
4.671218395651176
4.276733404522661
4.708359769254745
4.6137277909873
3.9785139233197713
4.073246407432124
4.515401445431919
4.212621360657439
3.5395181600936794
3.500706006872476
4.01997976311486
4.216900776020752
3.7104547389882865
2.9762132369422596
2.6674878745206096
2.974213167530219
3.5966788428757446
4.1006436716191965
4.2204783973604085
3.9306370083813666
3.3578198574404126
2.6677679689929072
1.9971366363670635
1.4305423315085557
1.0002099306345975
0.6969694443687653
0.49121394214848624
0.3562545436960899
0.2788890026028995
0.2517392151231063
0.26294221576263227
0.30169154482934907
0.3708459140473958
0.4795105779585753
0.6215801315934564
0.7806004170501972
0.951556185039297
1.1207518849356384
1.2380520745656607
1.2640515898134104
1.2054634171767082
1.0734819678591023
0.9168936502277368
0.8469372072488945
0.9011003434045936
1.0259551372420757
1.1253793264955776
1.0778214318368287
0.9508706471285213
0.9100418003793808
0.9974249388207724
1.090210691831627
1.0159612913798448
0.9318305549133002
0.9860395019276339
1.0700998457578623
0.9888453069168164
0.9493047749993401
1.0369629192014207
1.0246110282544225
0.946195121115699
1.0332717706242915
1.0116388964867409
0.9612537069719453
1.038512818335317
0.9834232688426781
0.9926229841673393
1.0261526542918926
0.9659680680041745
1.0349059393570406
0.9717529536974572
1.0185013528530664
0.993310362275209
0.9994931298125787
1.0020160848857596
1.0009046257312346
0.9993960687715766
0.999074107364364
0.9976657698458669
1.0123986759533945
0.9819687931870335