8.800278086291698
7.375536477500147
7.217947312016205
7.176621845466264
7.226007722630791
7.338049006107631
7.4566161238149675
7.508463257784543
7.442840143889153
7.281188291590426
7.130501699340527
7.11515815571746
7.2498516162239754
7.379225993787172
7.3116799724109445
7.06515178698923
6.9001776303818545
6.97930816579291
7.085820068299654
6.9557271381560275
6.795879088824752
6.946879658447975
7.129363568496475
6.913814131944869
6.686482165605539
6.830904574862161
6.82174980532581
6.622942089408382
6.797212520928248
6.775295548400987
6.425010777531945
6.6253192689114995
6.646778303857691
6.3787863892970655
6.5495012547365015
6.3147743087513195
6.383187763322881
6.4116575654186185
6.073020369227092
6.393721563871051
6.036059512889133
6.182525518595615
5.983643628541151
6.071688854320133
5.873768462999571
5.927064694274213
5.814807572157767
5.76443346335671
5.701515675101033
5.685851041794841
5.493568582373296
5.668272365115787
5.263151253712082
5.612613126401575
5.126036721205113
5.395793337618547
5.174379836962707
5.016861846912453
5.248442027183981
4.820277813895266
4.936084739387855
5.022943694051219
4.508776401831549
4.8416388039914615
4.750672278231922
4.30529258584041
4.537126242275655
4.6479470510322445
4.121814723574169
4.0761948623052
4.491605731973125
4.201407885424264
3.6904841320608357
3.8250023368374504
4.193375040381496
4.046612783247603
3.455035697344517
3.2005732682264028
3.5754795969883677
3.9703311206901506
3.8268996236462236
3.2537769651464505
2.7078541613103746
2.554830840304589
2.8715325808132315
3.4339348521739264
3.897816121128437
4.039086350121465
3.8376667742386377
3.3953080604379173
2.832693866436458
2.246801650004603
1.7071046701787598
1.2558981030033454
0.9080342018260207
0.6567212474401745
0.48445230195234956
0.3727801884737616
0.30726083869251997
0.27829327699746004
0.2802285772273752
0.31033372822008165
0.3679404212968146
0.4534482772682656
0.566802407893213
0.70531949263827
0.8611220476867492
1.018949721129319
1.1557271495204522
1.2437185876329862
1.2587403824509118
1.1928419914181116
1.0667260065170452
0.9324954786896704
0.856640719981796
0.8824625917753048
0.991169677583439
1.09841239005671
1.1115585565389505
1.0182720242277994
0.9170049851936318
0.9229586798989882
1.0242372286234867
1.078947329146394
1.0088613712546095
0.9324518275938434
0.9832854897998723
1.0665025780915396
1.0206211830872502
0.9420720307685917
0.9957651652402685
1.0494060669822305
0.9778539868434458
0.9718705358572849
1.0462643952848905
0.9929566824641555
0.9627770857223412
1.039342775071553
0.993492124433044
0.9792284469488913
1.032339072593777
0.9713642264338802
1.0128711568290296
1.0114680637852635
0.9713883956922859
1.0326167568474083
0.9748369134942562
1.0170270899184815
0.9889666855683446
1.007062750555784
0.9985447637672245