7.495765426254252
7.6954718144223655
7.672174345689905
7.617036587029444
7.550981808758426
7.492780033251924
7.46452831125131
7.487857010523944
7.57432701071377
7.713186112502582
7.864336467355888
7.967294309996263
7.971060603188184
7.871842908356225
7.726451509864398
7.615645715714613
7.578952992950569
7.59032996243465
7.610068706232419
7.634409495556964
7.64694934812999
7.570042416575121
7.401806908885437
7.343423452757732
7.49730043751869
7.539652837264263
7.261581893000391
7.141624916963111
7.3946408112593405
7.33510646099816
6.979645123268968
7.132685480549172
7.257933240117103
6.875898210229473
6.955666712248984
7.084168877758526
6.724788253327815
6.85144563292858
6.847831997281367
6.569359102053712
6.754742996016633
6.553426549909717
6.480198068973316
6.569751357043314
6.267572167293757
6.474051226189411
6.149084933650295
6.3090304552007535
6.05315447169146
6.144525410774169
5.925642195962016
6.017557529018246
5.744898650996771
5.935412505088319
5.522394826615165
5.860239860063416
5.331179889337884
5.684439383821185
5.2943845718579805
5.318004616907863
5.398771234912811
4.942016658215866
5.296095463441425
4.952400881421873
4.789008251726564
5.092663924123067
4.61750499433135
4.565184731518051
4.8700225881691495
4.4064381954634
4.1872342541647685
4.592419628652946
4.420201912366989
3.83830064677435
3.9326607375334497
4.362156892286082
4.143265890032583
3.4907346538592283
3.323330074235259
3.7725096816246575
4.11742844096226
3.831578372849712
3.1411076590658977
2.6440569296068106
2.695351683501887
3.1922123230986497
3.7722049912179836
4.107155482182349
4.0595119798046895
3.6735504061780015
3.086255380197494
2.4412690688761645
1.842107809656751
1.3424623587431022
0.9568917816214575
0.6769437346569493
0.48463104690520714
0.36094221366050966
0.2900401731871755
0.2606557737693795
0.2659780920811112
0.30282999623292295
0.370448136355874
0.46887831186061896
0.5968822905900132
0.7493634305517543
0.9146979083561847
1.0729938617710182
1.1970017297234188
1.2576600902829533
1.2352399381842392
1.1338909538217103
0.992189566849332
0.8777211929688054
0.8562205826562947
0.9426503004802423
1.0699796942443092
1.1242359489489875
1.0496248017225422
0.929533260175837
0.9134628700698857
1.0213242726759044
1.089125966108928
1.0090473576020396
0.9256335948225168
0.991796576800073
1.0678730598778987
0.9964688182329162
0.9447529855594274
1.0275418899048971
1.034876139169258
0.9563741808256593
1.0029706894571937
1.0367298942936811
0.9643842887959538
1.0057916915745693
1.0262553006506716
0.9631849988765262
1.027059439157243
0.9952838918236975
0.9842196192747233
1.0300690435300202
0.9657353320977132
1.0328820250111173
0.9733227987143925
1.020610744722051
0.9857471307144154
1.01048530765439
0.9923445819551481
1.0074057206196723
0.992111562032068