18.064457539576136
21.203439071192165
22.271454684686603
21.519824286771055
21.106996927650854
21.627799732052253
21.436117340520536
21.817290334396354
21.433763799432764
21.484787144372287
21.114208023955094
21.217085948682932
20.87291434193499
21.019908658171143
20.797759367392384
20.741004884949565
20.852118403419514
20.67821959789112
20.642565627639204
20.661138104594126
20.377241447896775
19.977066746154833
19.843696484902054
19.986636705364806
19.96288975207211
19.5674822162642
19.35926215614414
19.416270158520188
19.020673497194426
18.80135856171948
18.85548012421449
18.365157872569064
18.468571771613913
18.06391415229895
18.06960223665889
17.728904806614498
17.736333151957105
17.264699658958175
17.315288879965888
16.748605212248652
16.74133921348496
16.62131064048415
16.105550847205336
16.036748735138435
15.942448337934042
15.478301711459824
15.119290478219886
15.13506017242303
15.004497487475211
14.631278444477552
14.259566278648306
13.84493145657491
13.635362392304083
13.362498408168017
13.203070803605186
12.936356658282739
12.696328605081277
12.422801698346994
12.066079298389392
11.774774128292028
11.459207230242816
11.199546975876165
11.117097428138525
11.07797687152632
10.818850264050354
10.258172939220865
9.770533327209638
9.788857945122764
9.798318115600203
9.118313119385759
8.79886585146245
9.014384800905603
8.221607440906014
8.168504819697748
8.063754264270772
7.347915807380181
7.7159689972922925
6.7363112928041184
7.2343585487389825
6.232228665700972
6.5559372730792695
6.059392222433544
5.469725212508722
6.171912770900592
4.948892919010433
4.744464762166152
5.610609130687258
4.737828472149724
3.455810594533603
3.8397502329483846
5.033332285371172
5.396791598799665
4.612598604031204
3.251048873610104
2.0043518576066797
1.1083305057412804
0.5799577494462266
0.30638901595871143
0.18559357962392084
0.16463865539371833
0.2050786486800395
0.30149502432319547
0.46547501755990733
0.6856552091742727
0.9449087480640372
1.1901545096343955
1.301689659303142
1.204005384415029
0.9710704633527557
0.8313889482884818
0.9543557157404663
1.1342756745457705
1.0413341039210826
0.8874778822933087
1.0281390021180783
1.0663832907750668
0.9163087573820816
1.0518269366392488
0.99665939359381
0.9740249451241836
1.042738470876303
0.9517727218474291
1.0435832505355271
0.9583747048116519
1.0281759297430275
0.9913463147141468
0.9905058018464757
1.0348642630473117
0.9597077999546946
1.0131961786539843
1.026688048580636
0.96918836323867
0.9900485771418538
1.0325609942404115
1.009492929860195
0.9758340721595085
0.9793998030518996
0.9978797745927014
1.0218269775549391
1.0218409324196829
1.021133728718771
1.008514971011947
1.0068359708772017
0.9992028264841257
1.0019953091774376
1.00417064925192
1.0063457930145148
1.0159741697022366
1.0178369399822094
1.0119223607370202
1.002495179124055