17.917126653946774
16.80484337904895
16.74905762380663
16.842005546271423
17.03123681387312
17.160867765259646
17.05144321916047
16.729180876722033
16.514486491714653
16.607191132191065
16.6393156873635
16.31136549342915
16.22234810502854
16.5816210909405
16.438457748712445
16.12228514266475
16.245728876271567
15.98201060520817
16.132653343256806
15.974655592946405
15.686889839049563
15.94054556112665
15.531012463799287
15.623359793228003
15.428789763014755
15.333462478860179
15.283234798590502
15.000171895698312
15.147440305495088
14.729545341524066
14.760322326020775
14.71565303783741
14.35622315988277
14.256638788226773
14.394147214664049
13.99807331831077
13.746609341800141
13.717090625405376
13.67041598861469
13.584550078367565
13.304823234756542
12.94591011538715
12.741518532143287
12.653327780961709
12.541298634275451
12.38665290475225
12.235393037048365
12.097751814566161
11.948142991809117
11.762963260762657
11.535650611589384
11.273341147448786
10.996388234724876
10.744840122799006
10.574560401435145
10.516367908342323
10.502464329649365
10.353826616118704
9.963745893774167
9.558977933016484
9.503839642277356
9.58552041922812
9.18371134986676
8.6854226567595
8.838629708105179
8.66739685181516
8.084668998061463
8.331470163204258
7.848814684447154
7.598753692486992
7.737678001929329
7.00901482618258
7.392173045604388
6.570469256848168
7.005802624859622
6.148983004816353
6.544531946259337
5.930132673219994
5.764459188846828
6.025649249082628
5.00167456326182
5.4464603489498735
5.443203785997715
4.301327791100488
4.6057089029476925
5.221087444173166
4.376597598847974
3.298287417755348
3.4505671863324023
4.46392527346421
5.0982729734380205
4.763564996075649
3.750688666859412
2.595156883117628
1.6311173532801875
0.9560758955589902
0.5397581552349984
0.3118227596666431
0.20699735982105932
0.18145027185416845
0.2131841686919515
0.2959864393514108
0.431810552039886
0.6217909195463212
0.8542456983798932
1.0909273671702326
1.2614739187986466
1.2861323309633006
1.1402201910472842
0.9249629000445927
0.8377736820927172
0.9709386524237009
1.131203088510156
1.0607230050381935
0.8983040122392956
0.9754648725055819
1.094365607790218
0.9632489310295322
0.9641718000386129
1.0737830799227956
0.9430126732275712
1.0186907636029436
1.0201393696713832
0.9629558275786346
1.0434236650063706
0.9575324622769953
1.0433524335085937
0.9589252154232594
1.037746526921936
0.9730801354409074
1.011350334636186
1.0102469592490708
0.9722888107187361
1.0312767493006967
0.9890042091098484
0.9803064583216645
1.0315438055328927
0.9953284147167092
0.976126140348591
1.0064932634364165
1.024010089444175
1.0020250416496825
0.9756693646902747
0.9845513286076609
1.0085811393677564
1.0186771157863943
1.0168964865858876
1.0114457927770832
1.0031075704151216
0.9935976486182893
0.9870977740193139