10.957757692607583
13.592395081780705
12.747752546460369
13.102497947955992
12.973142316996382
13.1649633508757
12.620236214449875
13.309744088292152
12.775410970946558
12.929519183695877
12.721053721632096
13.00434802639835
12.895343583096682
12.53206634129116
12.778222182240993
12.573835524276529
12.619483136804272
12.805692150680795
12.479807593111463
12.315789541035803
12.450046247142021
12.32204897701342
12.040001077551958
12.004465151794077
12.125041798808441
12.098590764181846
11.887244022441878
11.667534304796646
11.565733872607991
11.569133516001585
11.602044459248312
11.607606890298177
11.566919935289565
11.479403323134905
11.346405971049368
11.177609744827828
11.007970413286534
10.888672372254717
10.833297263216894
10.779263409187148
10.661038288220967
10.52553225046066
10.447178105550769
10.327115221189969
10.054457530379018
9.790052035473263
9.646441941303621
9.53861929124058
9.580152014967101
9.600167807388015
9.26830366520563
8.962514375539115
8.883543228531437
9.002389231411279
8.774258639978678
8.33765072646716
8.467536741866823
8.412435681227695
7.929017993125269
8.016147708755362
7.936936773435458
7.459629630126868
7.715955904206731
7.232389954142037
7.267692269855992
7.065063975966604
6.856291215380958
6.835188000238246
6.484356559117701
6.5387027872340715
6.259129467757768
6.04172844085044
6.166459041008641
5.520338419763918
6.0131993069995255
5.260185148255457
5.270131191466144
5.559965540249203
4.673562033810541
4.833247347958139
5.224963739565417
4.364588725254835
3.920675750748423
4.577003643513177
4.742522281091002
3.8337154403986164
3.027552052570865
3.229977375474625
4.079749181706214
4.7060454194736385
4.634306035612085
3.9509789421057087
2.9974709000263946
2.075665431071736
1.341418198190848
0.8284368310328593
0.5063078495927199
0.3242927192008667
0.2351319156107371
0.20684868322737932
0.22633779714444188
0.2932401096558774
0.40737502831324823
0.5629033996124931
0.7543434163901148
0.9715087343264188
1.1710984567069878
1.278264265347861
1.248281814363795
1.1003725616932376
0.9124020667082731
0.8351599014365294
0.9522154710189071
1.1066191345280156
1.1008879736786443
0.9494253855168249
0.9093480930092618
1.058367096468805
1.0614640728214328
0.934723958437518
0.9868112803925899
1.071782779795394
0.9452993719749878
1.0053883539974697
1.039255210181338
0.9465215794496715
1.0484180859061452
0.9696805418195469
1.0136009703489195
1.002717927206463
0.987350172230068
1.0175130025771442
0.9870353762887659
1.0058986931742437
1.0013949318110413
0.9927458195666021
1.0197514031596595
0.9683205473011409
1.0298421224931404
0.9870117169088319
0.995492522066831
1.0231206419114272
0.9758778846157325
0.9948865448835549
1.0230947391475669
0.9905303919389479
0.9843855606198889
1.0166978585910302
1.0195005739156269
0.992672967485978
0.9831816432217804