1.812013156828548
1.8111725978624218
1.8086878054332418
1.804668377640074
1.7992934879281341
1.7928067460445936
1.7855091929063227
1.777750613045611
1.7699193925695977
1.7624311889770878
1.7557167107361062
1.7502089284264923
1.746330054881516
1.7444786387198052
1.7450171137662969
1.748260042235212
1.7544639403566746
1.7638175000437812
1.7764344617421353
1.7923478132343806
1.8115061041253073
1.8337718819751663
1.8589222647851553
1.8866518831030574
1.9165777648122526
1.948246021809993
1.9811409216266984
2.014695602965867
2.048303528601057
2.0813317129463886
2.11313474087498
2.1430687644295303
2.1705061683341933
2.1948497453210276
2.2155463459672182
2.2320996142257075
2.2440814922413725
2.25114220716948
2.253018489043538
2.249539811399699
2.240632494323515
2.2263215616830863
2.2067302992891378
2.1820775172447138
2.152672576441454
2.118908294643463
2.0812519005146175
2.040234252985881
1.996437587305532
1.9504820122777737
1.9030115429214534
1.8546788690282408
1.8061307786934007
1.7579934331165241
1.7108582821164553
1.665269193428118
1.6217104915928002
1.5805966137938017
1.5422640520431443
1.5069653801120675
1.4748645643581828
1.4460356064179143
1.420463529213873
1.3980468720312111
1.378603377005796
1.3618773669684725
1.3475491368724257
1.3352460152450778
1.3245547882997746
1.3150351381100882
1.3062337138615836
1.297698432803266
1.2889925960529003
1.2797084045375062
1.2694794724522307
1.2579919597586566
1.2449939811394053
1.230302995849564
1.2138109400704529
1.1954869293408146
1.1753774317441414
1.153603890793137
1.1303578581325107
1.1058937778262583
1.0805196392966905
1.0545858203359089
1.0284724173679654
1.00257559808652
0.9772932401575802
0.953010685692415
0.9300867541454583
0.9088406996762378
0.8895406308731952
0.8723938216698512
0.8575391149001488
0.8450420305075659
0.8348925803305042
0.8270059988301364
0.8212263920950393
0.8173332080105299
0.8150503170565991
0.814057383852051
0.8140031088965849
0.8145198325072979
0.8152389229615475
0.815806322134534
0.8158975975744726
0.8152318522569442
0.8135838734451613
0.8107939602524352
0.8067749545135938
0.8015161090052516
0.7950835572348117
0.7876172950874286
0.7793247406885718
0.7704710949804113
0.7613669038109815
0.7523532925478218
0.7437856226331504
0.7360161379530312
0.7293767268882868
0.7241622388565198
0.7206155272108976
0.7189148820338899
0.7191644207406557
0.7213882054915558
0.7255283133053855
0.731447111093883
0.7389337056549189
0.7477143283223565
0.7574661976070913
0.7678342021740123
0.778449572604553
0.7889495745188237
0.7989971672431729
0.8082995386707812
0.8166244529685444
0.8238134349020445
0.8297909609194783
0.8345690273316061
0.8382467110518386
0.8410046163261318
0.8430943969259818
0.8448238406740415
0.8465382841202661
0.8485993718432085
0.8513623704239375
0.8551533707068479
0.8602478121687711
0.8668515788055594
0.8750860759385517