21.744258694187167
26.385360568209247
24.853229244539577
26.1422361504655
25.1458674301402
25.569336209958518
25.429938554707704
25.46220094511302
25.29990188127899
24.955267421868022
25.305967603263966
25.389825906318443
24.944044943442975
24.68035574456294
24.721251280582536
24.724790242113606
24.548912569175144
24.28710625491837
24.045830281994167
23.857816176063928
23.71249518941889
23.59355784356174
23.483904437132747
23.351876881024936
23.15895144119141
22.92230878025372
22.763444193759593
22.759009625280832
22.691028102460592
22.305140383669425
21.876576537543425
21.718311662005853
21.623775987687296
21.440436259947447
20.946415667378005
20.81481594273849
20.729678020235195
20.10683477489243
20.228903982456295
19.65385105478806
19.571133574108288
19.193662927864526
18.976488263848147
18.56260044947831
18.54735623982376
17.85453619301547
17.88636101523919
17.537242012020613
17.008261488404315
16.96162487947971
16.644421505682914
16.069497466068665
15.78110637618036
15.711266921717398
15.519921383063174
15.126038444700654
14.652227948842173
14.207521781416006
13.818082238916908
13.462596015795206
13.115916428573962
12.771558216524701
12.447205203652567
12.17352095422285
11.966335183229695
11.803442200722118
11.619936453313926
11.289222377221138
10.697339617742271
10.117829551349013
10.08597464029912
10.102189630891697
9.322177831257058
8.923930689920997
9.157247378835804
8.299285474398486
8.191837818612342
8.070377144485887
7.285348219793776
7.621610096540354
6.633689595068759
6.94849986554348
6.285493260971766
5.894291738384623
6.358067453878345
4.895331047268889
5.339742808400232
5.778141401481685
4.235117248519643
3.5677726537808065
4.693736935220564
5.62749708265312
5.159678246143152
3.756844469321307
2.296935924484005
1.2363259716105688
0.613401029406044
0.3022025108850857
0.17547077923133136
0.15324357022487858
0.19947719871819686
0.307511276180864
0.48483929741904214
0.7324478599773644
1.0155165231752177
1.242376184616731
1.2927904431255348
1.1219654818087479
0.8807436489952786
0.8561351117079342
1.0756041212725607
1.1171085189846173
0.9096980964112974
0.9775898951145636
1.0913755338405418
0.9263679672570695
1.0324150590958445
1.0092792350296842
0.9716913070746396
1.0375043672543933
0.9683560590159866
1.0219288124437444
0.9965714042633753
0.9842410618147579
1.036154723240211
0.9579580517926222
1.0197123406055704
1.0264237169020598
0.9645099080394385
0.9884136451397361
1.0309080240853399
1.0152390038992292
0.9809309436355604
0.9735995495818389
0.9902518788748728
1.0099938808932512
1.021595563760195
1.0249502651788842
1.0238126601651467
1.0214382041177532
1.0197434951794766
1.0192008292930201
1.0177145248202037
1.0102884072245812
0.9947062863957041
0.9811658142179379
0.9861610038976996
1.0058389857757672
1.0147534463952677
1.0011897857006733
0.9854442028829303