2.589888684560621
2.5797714624904193
2.549829318006704
2.501263714482367
2.4359891693306466
2.3565095939939273
2.2657607748353357
2.166932727949991
2.0632871261455934
1.9579849710134443
1.8539381829336274
1.7536960096113028
1.6593730619784584
1.5726222394540552
1.4946495356218517
1.4262657609960059
1.3679640782746412
1.320012720804732
1.2825484899020554
1.2556594324253385
1.2394450362886569
1.2340466417120604
1.239643963988933
1.2564181683245075
1.2844862113958688
1.3238149712088358
1.3741265776473897
1.4348080043000004
1.5048382018046824
1.5827446800044214
1.6665990675525042
1.7540567548469308
1.8424422776246574
1.928875661042628
2.0104321658750486
2.08432170447358
2.148074573948355
2.199714624658112
2.2379048622111775
2.262050344078932
2.2723472149987605
2.2697712173803577
2.2560043746904466
2.2333041921423984
2.2043251094416716
2.171906549907689
2.1388452811086687
2.107671466135418
2.08044860119339
2.0586137572348897
2.0428723772468453
2.0331603936424854
2.0286718679134714
2.0279530010339126
2.029053739048855
2.029722577437073
2.0276262018916196
2.020575168486648
2.006733841602221
1.9847955791003238
1.9541075123417821
1.914732929630736
1.867446339904663
1.8136618612661093
1.7553021565726168
1.6946206844685978
1.633994781855125
1.575708924317709
1.5217496845208962
1.4736324380751913
1.4322749328555222
1.3979316777228128
1.3701932924833473
1.3480517458310763
1.3300235751534994
1.3143185090763305
1.2990359683320016
1.2823691298297955
1.2627954566608286
1.2392340115093194
1.2111531072996533
1.1786177069212354
1.1422711915786914
1.1032543673337005
1.0630706664426723
1.0234122805713304
0.9859673529445361
0.9522290592243396
0.9233285047969657
0.8999108762027801
0.882068265414698
0.8693379238876234
0.8607657320414612
0.8550277508615507
0.8505954983661308
0.8459251908395133
0.8396480089177568
0.8307379842102867
0.8186365034063143
0.8033174981596494
0.785284593738855
0.7654999959300124
0.7452536851556374
0.7259893481001389
0.7091096405475256
0.695786338068495
0.686801105103994
0.6824388569403117
0.6824491108443712
0.6860816938394374
0.6921929830657864
0.6994088422194855
0.7063220083388724
0.7116961484831611
0.7146470741743443
0.7147741011785798
0.7122211053502324
0.7076566727672495
0.7021745595982589
0.6971277742758271
0.6939201634598413
0.6937866334898637
0.6975960231570513
0.7057080691167102
0.7179085123307672
0.7334346883271808
0.7510898323303795
0.7694298813958487
0.7869941342448619
0.802542885388866
0.8152626709996746
0.8249037670196673
0.8318247297452536
0.8369336613155348
0.8415332116196239
0.8470932248431906
0.8549884334951461
0.8662461453296256
0.8813487778737464
0.90012810746731
0.9217728955637166
0.9449520928706859
0.9680347236598659
0.989369206293142
1.0075724766370477
1.021775608470331
1.0317787911711738
1.0380838822168028
1.0417948501519436
1.0444013642556367
1.047483885171185