0.7229195986259827
0.7365912247901006
0.7780016741695124
0.8480488063409464
0.9473485574237605
1.0751813103639567
1.2284804130255005
1.4011798242098643
1.5841611344625854
1.7658990041536193
1.9337381979772177
2.0755707488700463
2.1815872688737605
2.2457407234358535
2.2666165494940795
2.247531839073644
2.1958474353916717
2.121642384618167
2.0360261957135526
1.9494263192227879
1.8701676423848315
1.8035825427827705
1.75175672160324
1.7138701670720133
1.6869863934444997
1.6670585638452444
1.649923851962198
1.6320945158357745
1.6112418635245305
1.5863622668599457
1.5576931563459635
1.5264895775460379
1.4947728885835998
1.465124553913027
1.4405405543272787
1.424309233235819
1.4198393514814174
1.4303715792301739
1.4585448049923304
1.5058526931254472
1.5720927762891834
1.6549564911561283
1.7499153094124462
1.850515186918656
1.9491082175015055
2.0379382588824835
2.110398237102879
2.1621996392438425
2.1921888941426606
2.202591871319401
2.198586113895925
2.1872460745441153
2.1760566820710787
2.171303933572707
2.1766945980877037
2.1925248976098057
2.2156008767419997
2.23994672653216
2.2581562907381616
2.2630892818144837
2.249525934231529
2.2153975332232743
2.162303777470691
2.0951923951001277
2.0212729312477813
1.9484189979950743
1.8834318984359086
1.8305833630603294
1.7907678184625997
1.7614720772982433
1.7375511809962974
1.712616955935796
1.6806910967200117
1.6377150980048294
1.5825474492375649
1.517209291018529
1.4463298923147476
1.3759447643905514
1.3119617690861234
1.2586926274455754
1.217825098671685
1.1880956700325502
1.1657363254523834
1.145566009907643
1.1224278507112484
1.0925833585091087
1.054689060742288
1.010096404314052
0.9624020017057933
0.916382046717254
0.876615717181803
0.8461883919762517
0.8258429333965627
0.813818836090825
0.8064211509119005
0.7991487362765818
0.7880464542182254
0.7708778754407061
0.7477663202031145
0.7211101705636602
0.6947981983838482
0.6729667210565701
0.6586856539358784
0.6529879849911551
0.6545540039676022
0.6601567458167461
0.6657306342993855
0.6677192066916585
0.6642589376265509
0.655801322637692
0.644955114464958
0.6355898447847268
0.6314955110069551
0.635054549508396
0.646390399308289
0.6633030381429896
0.6820320658420895
0.6985931677638328
0.7102186529297121
0.7163791298022255
0.7189989377761609
0.7217623520905386
0.7287427976718208
0.7428503650130783
0.7646805863134579
0.7922168937948731
0.8215287353212531
0.848227267960312
0.8691352839044792
0.8835216807803988
0.8933965903407567
0.9027171809055249
0.9157855771257295
0.9354589377334707
0.9618941284915259
0.9923602365146901
1.0222333014834113
1.0468008329009093
1.0631495505483202
1.0713454659115633
1.074384330534247
1.0768955597263141
1.083118664680814
1.0950064857579815
1.1112864691250233
1.1279210588154105
1.1398051681463668
1.142981604751016
1.1363977856412328
1.122401176464099
1.1057184847308463