0.920673448835827
0.9776872963776876
1.1521668192898955
1.4409391643580334
1.8080107344942677
2.175061779394219
2.4455586402166953
2.550245559772715
2.4821118274010567
2.2960088767851254
2.0751217929624737
1.8897753864192657
1.7749008990929807
1.7332710412404684
1.7514332836827426
1.8112229247149068
1.8916251191599922
1.968789054854383
2.022700285666289
2.0483289215076352
2.0599765405180857
2.080899955827166
2.123551959066514
2.1758423768574646
2.2054058220192028
2.1796090867059807
2.0868027758829486
1.9444525773100707
1.7908773150739348
1.6685956482255624
1.6097003766984508
1.6279429204870082
1.7162771511659012
1.8483041472517654
1.9851891035948859
2.0895662231331915
2.142192146244525
2.151109971540161
2.144744475781944
2.1510413638132997
2.176356945480865
2.1996739074025853
2.1869719068641307
2.11549899536423
1.9905464535058617
1.8436008280416072
1.7146052451795397
1.6312352001417358
1.5978149769207435
1.5982257440031555
1.6085482232402093
1.6115761828865915
1.6063965309075945
1.608953114424377
1.6426897765106196
1.722878888650861
1.843357406433603
1.975794893083962
2.085115445114977
2.1524392038914426
2.1884368665773706
2.224646207267101
2.287168447451624
2.37311922624334
2.450270346525034
2.482018857928038
2.457668957447395
2.4019049719848136
2.3542902433370463
2.3358438007370377
2.33183788767439
2.3061726294739073
2.234622091295162
2.127152472504206
2.019325414059554
1.940913461745963
1.890551567933137
1.839354266771598
1.7594247455465086
1.6502771836840784
1.5387665863846467
1.4534867112384549
1.398546617733935
1.3514912390250748
1.2864260466634114
1.1992626221314093
1.1107015998697078
1.044952808351903
1.0059566953360808
0.9746402437563692
0.9291349185651481
0.8668650609524923
0.8061418267077507
0.7663558197650719
0.747835839582685
0.7322773985207908
0.7027029822104403
0.661350821670806
0.6264645978844279
0.6118920920787405
0.6119929640203906
0.6083458149514223
0.5905564218234742
0.5677505167164061
0.5578090421184743
0.5666672851409978
0.5815059866198328
0.5858279753185075
0.5789266593192189
0.57674599821278
0.5927955020100507
0.6217128690876428
0.6455008598409191
0.6553945621324132
0.6628254839690724
0.6854936581784319
0.7251251128469335
0.7646553042849756
0.7891599934462338
0.8047356175821759
0.8309611947107206
0.8755723158952351
0.9235399527073255
0.9554681053262006
0.9723597877675338
0.9942554727000347
1.0334737258568687
1.077223444598211
1.103350717823253
1.109205185538932
1.1148971001937618
1.1356609096786014
1.160343115765704
1.165934961951915
1.148953600709352
1.1302676117722839
1.126053627686938
1.1253554338092464
1.1063101314652837
1.0683138126538196
1.033870632118149
1.0171265879110252
1.0048947396360146
0.9782202058775642
0.9425174625053401
0.9209496862534727
0.9207503042274701
0.9236823480922401
0.9154444291150811
0.9085516990498597
0.922610839297606