4.613033821347009
3.2373636037133804
3.4143300518476902
3.4741211588564753
3.298432172567634
3.496268327141804
3.3598053745114966
3.374457052555838
3.4884993445835977
3.257962919952896
3.5104153446061557
3.310529572552959
3.3530791558055437
3.4798196327206594
3.2143052494821815
3.483679496458569
3.3286537061266293
3.263235106433567
3.494290091832959
3.2020316434937057
3.362980350811261
3.3694538494600335
3.2477514342859393
3.2697325285293486
3.4366131274132483
3.1153008161807754
3.3319800759277864
3.353298461466858
3.1127772606575923
3.2814301470602856
3.2983020922065824
3.167572447716927
3.1189508136610793
3.3256415045092775
3.1847120413228205
3.0034370797038115
3.266360045334236
3.214036884792723
3.004840069012696
3.0716115054387276
3.1871788353457084
3.141606663852249
2.932266307031647
2.9783430762321967
3.202225925537182
3.055112073688429
2.8300190040660365
2.934393491254834
3.0809228892802722
3.0326202029934777
2.852982920052744
2.743524090290225
2.8905287822000774
3.062408426400728
2.921781316517999
2.664093478910628
2.646681141313191
2.8155826816381744
2.928587879556027
2.875753597690929
2.6749593116678856
2.4826620737479015
2.5055030345849123
2.7229749411961826
2.87577322249327
2.7953988681457034
2.5664160624423515
2.3606380125194892
2.278800172832335
2.350315465865822
2.5416023505032315
2.7346222154094386
2.7845718367548717
2.6389841820128743
2.3757491522037992
2.1223708847711733
1.9645289261764574
1.9291683148803531
2.0140189843322305
2.2012611998734033
2.447989834075608
2.687158941233553
2.853253823701639
2.9112342530991318
2.863683704065964
2.7352077248474362
2.5520981383373518
2.332683614189559
2.089531975974364
1.8352354235872288
1.5845519700871533
1.351882764715546
1.147387117368812
0.9750437088503714
0.8335427720089622
0.7188066949423361
0.6264404211698215
0.5531213195819206
0.49688122314357014
0.4567633723284289
0.43236288461962824
0.42351782234269597
0.43017078074858867
0.45229819129720394
0.48980403904078634
0.5423328158497892
0.6090134317488899
0.6881744550418437
0.7770751629483826
0.871694868235217
0.966631633865228
1.055185522771994
1.1297298543485996
1.1824815571036622
1.206736737627005
1.1985135296303935
1.1583373506869123
1.092652421281824
1.0141427569521304
0.9402417168411792
0.8894562049633775
0.8759046191292572
0.9035425458861445
0.9625130321975094
1.0302435732786237
1.078670800571415
1.0861738795462508
1.049345805946139
0.9876709586717617
0.9358675067855609
0.9249830108420551
0.9618535105150668
1.0213535590747798
1.06086911986879
1.0511693493417094
1.001655382985596
0.956183543188934
0.9565981870020162
1.0025286948553676
1.0478268978820795
1.0448978681130034
0.9967161229150622
0.9573801406909613
0.9714175347167332
1.0181230484882635
1.0348307057734236
0.9995003080073898
0.9642026651425679
0.9829933569615692
1.0293586916118502
1.0322550642191317