1.2944576797416323
1.7669991742464393
2.7673718924259507
2.996337022532429
2.3559339754342203
2.045433789929871
2.431817077186013
2.8321920784852463
2.5776420951126338
2.1836881652983133
2.2688709939503586
2.619373814306289
2.644282877478292
2.39748428803256
2.3140296220016032
2.3967717727394566
2.45570340594357
2.4963572221782013
2.554831882939301
2.4249935987343623
2.2271171110253416
2.309519862003468
2.5826366149787154
2.590647513949454
2.367675110959184
2.284003951373954
2.3166692222964
2.3415076489527946
2.4561366145547456
2.5812140535840635
2.432014395151752
2.213881037374052
2.226122605680618
2.321543067622477
2.3736913575931475
2.4942561628065
2.5128088970686924
2.301212634698689
2.17385325209366
2.194888459702804
2.2094756311288983
2.321148642809459
2.4927070142633934
2.4460538687064033
2.3244902782954315
2.2452725901672617
2.0891679911825722
2.043292582260472
2.1741673025884474
2.257582344079508
2.3546767858657924
2.4588233004647466
2.360380705962025
2.2466010580433307
2.1412076084555336
1.967550886461396
1.9384572736050554
1.989436206874329
2.03571218051657
2.205445634028441
2.317381585324893
2.352703886169556
2.4065570658995368
2.2967210039961503
2.18096843025404
2.0564523957035195
1.8653503035668901
1.7866590768776707
1.7090002241461224
1.6868266073202969
1.7757037690046271
1.8372176893247663
1.9922040079318222
2.138487804699577
2.2527807544819494
2.4145107799855485
2.4613264132829196
2.544904348509286
2.5450216928237457
2.5078505104988906
2.473348696705529
2.3428405429525765
2.2666678144512336
2.101761493827171
1.979497541095013
1.8261228021023101
1.6710618888509927
1.5457533513157677
1.3839179798692562
1.2826032521568713
1.138765184331627
1.0520293201005357
0.9402511990959929
0.8624769158413983
0.7852685240016248
0.7160599597816465
0.6688003428478789
0.6105982564253037
0.5865693750828377
0.5421526545848033
0.5356829816699852
0.5070067988435386
0.5144939890545921
0.5026412102215547
0.5222548065542633
0.5277506305506053
0.5586182882643386
0.5815275077968719
0.62282636263698
0.6623989083052082
0.7124571693009241
0.7663709854900066
0.8217959833152162
0.8852556569640698
0.9402338365866397
1.00537845202489
1.0515495791891987
1.1078035683892438
1.1353317585384841
1.1713598316580216
1.1717449664035555
1.17927181763052
1.1497537654099073
1.1284240883843506
1.0764094982927208
1.0372281593441026
0.981537676074047
0.9452378158306557
0.9106363112338327
0.8984560408305101
0.9028672757080862
0.9221855645274406
0.9625839493418394
0.9970908556865071
1.046238659856889
1.0630880548939077
1.0865732819712395
1.0628890350877787
1.0489936688460146
0.9984134927898539
0.9727622596245726
0.9401822663499823
0.9404617351185796
0.9570744172190795
0.985514142206592
1.0285076653685925
1.0424534236164127
1.0586875251695256
1.0284617407273793
1.006177771460223
0.9686538396293641