4.4512164194937185
3.1372415761550223
2.895280312116441
3.4355597185360836
2.9704537374414417
3.1516752274754296
3.199927727518075
3.081513024131702
3.102876536428777
3.196980950215528
3.1027586814879733
2.998856112943005
3.3339838997224156
2.9308597327102723
3.1159640548773795
3.239734319197333
2.9451229343773413
3.119212457680749
3.1466514714832963
3.070959432138378
2.924743857589578
3.2583490392615615
2.9902733870743288
2.9734415466052204
3.0734067407135766
3.1578775349430046
2.876417323091687
3.00184968863857
3.1130362502684688
3.02006382058375
2.832298457995924
3.02873866415688
3.07114497302171
2.939128199789597
2.787024851125115
3.013386175584482
3.0183456341348376
2.911545983572152
2.7193071102359574
2.935069379344919
2.9819229623557177
2.919193290677071
2.685326307551252
2.759384225341601
2.9233606544814816
2.9277687379678783
2.777181254647917
2.5830029990116574
2.722519411577565
2.838389081775994
2.8968148647189396
2.7085532790062437
2.5139727148274806
2.563391379726674
2.6776106903256367
2.8465889681840757
2.764843421661142
2.549123456640501
2.4184336091906435
2.375772670609193
2.5579699098176785
2.7201502303820844
2.721427569975604
2.628777692763797
2.386752218170935
2.2075895368558163
2.209741982719878
2.2931972855213743
2.486669311996244
2.6591134273359027
2.6564493409039267
2.5611431240968487
2.3770660465737135
2.114997054499954
1.9379740080180272
1.8764460531538432
1.8886872116770863
2.027885695645582
2.252592045140951
2.4495171229529493
2.6230586216970715
2.7752780482295383
2.8249324841600023
2.76865957900455
2.674590328051517
2.5371326816912565
2.3271191647845426
2.0909541361274893
1.8771902219083472
1.6680229268547118
1.4477434296518092
1.247336634197925
1.0880370055894764
0.9506277544152294
0.8192256691264257
0.7069531244692006
0.6263871175034325
0.5674394500802441
0.5155603610424927
0.4724012168098013
0.4484515507387274
0.4452096491413619
0.453527647425231
0.4667944384837904
0.48928107893960426
0.5295011249832204
0.5881649122450952
0.6564290558350957
0.7265131187309984
0.8003467366468958
0.8841548197811112
0.9757458722723396
1.061505443397322
1.1273068837002702
1.169210090564429
1.190994871668779
1.1936924561135713
1.172014781661801
1.1221288675478258
1.0506224275132872
0.9745428572499254
0.9137719706309374
0.8833859745770886
0.8897579005638064
0.9290994406120262
0.9876797885034165
1.0451786499206586
1.0813592528076084
1.0834596645676517
1.0514267949421823
0.999387531903077
0.9517933652872588
0.9331029749939715
0.9539609765850844
1.0023210206013748
1.0479654933593827
1.0606347703050134
1.0311319043612763
0.9801075456031155
0.9454567335044372
0.9541483025027704
0.9988679531051683
1.0411770981393627
1.0437992640775862
1.0062495835864331
0.9679498468493327
0.9697341667405793
1.0094328227221863
1.0415712600418567
1.0281384934066171
0.9853407367299695