5.52305737166289
3.5230596301153008
4.423865328494962
3.7679018298532627
4.090660421068501
4.097642135448915
3.782839016460637
4.288736664023319
3.747358094098923
4.1555172643461775
3.9199039803672417
4.014504102701657
3.8987603183314334
4.128963665826718
3.767410517682855
4.109664054463152
3.8705046426496303
3.9814532291103064
3.827468452775524
4.095759201219545
3.733812914955109
3.9924152790760803
3.8468766718890572
3.9342542463201404
3.777818089882653
3.8562899755712263
3.9439913771596093
3.688429458228213
3.888167005884977
3.7107871893161137
3.8720046457367006
3.754775974412947
3.617453194074156
3.8578634374649408
3.6462343612327945
3.7232235753454246
3.7125669294558197
3.498444102099012
3.7419718377858766
3.662172436798762
3.4913445518708466
3.670600042023675
3.5091363429657414
3.402790886352688
3.646796052273441
3.526624270060448
3.3391676548230755
3.518885551195122
3.470868162488085
3.217857520750665
3.341268975679585
3.5006245050756726
3.282290940874136
3.159513550643992
3.3619463920355
3.3813581934968266
3.0972898401946938
3.0088049298644046
3.218661212469171
3.268108320877721
3.010849732061685
2.844217272954008
3.0032828605047865
3.1977642622634272
3.095296633333275
2.8038957969211475
2.682656180866189
2.851417254404765
3.068696378059439
3.049917517542648
2.7814621583278414
2.5020897469935837
2.44381452841046
2.6270036594848607
2.8734085240764107
2.9717864378115335
2.831900215401056
2.5228443831576635
2.2041499399193905
2.0231563567774193
2.046180455894022
2.2475850175443797
2.5417095838360972
2.8278786983529125
3.025304115289919
3.0893505150871032
3.012053813997076
2.8138613785351265
2.5322312090192898
2.2100306472164517
1.8853360427265216
1.584369172776184
1.3193487334790277
1.0916642590434384
0.8982821403012086
0.7374263289845725
0.6101249550913982
0.5173446055468686
0.4561040204174414
0.4190682970403284
0.39902905072731676
0.39440867389900414
0.40966487353369907
0.44899160686070405
0.509804382416639
0.5845102755612107
0.6694789720901037
0.7686322717245756
0.8834317719954945
1.0010742941842332
1.1002207074506074
1.1694312886330738
1.2097578736947918
1.2160738697329727
1.173551521533218
1.0857915489242689
0.9880583163307963
0.9151391836125882
0.8785435237900545
0.8888329393886624
0.9556140848731013
1.0449823261699482
1.094930586143095
1.0847021631742506
1.0317391651293348
0.9583189114147811
0.9177107919315501
0.9567728305897542
1.0298405748725874
1.0635886825778411
1.0413391505103073
0.977178384575155
0.9379744582789797
0.9841515764730561
1.0437504360204344
1.0395132763183834
0.9896371936302165
0.951941410289249
0.99348813422622
1.045873087814526
1.013120169168089
0.9679901896629259
0.978807555338981
1.0310608186603183
1.0218625466499702
0.9657201164448966
0.9912798692698618
1.0284184948318489
1.005629917594644
0.9682112793473645
1.0112604042930675