1.3641468663584893
1.3641314578759354
1.3640852254459612
1.3640081481292805
1.3639001910526194
1.3637613054470217
1.3635914287014932
1.3633904844319833
1.3631583825657343
1.3628950194409997
1.3626002779221613
1.3622740275302623
1.361916124588982
1.361526412386079
1.361104721350332
1.3606508692440062
1.3601646613708778
1.3596458907998534
1.3590943386042065
1.358509774116481
1.3578919551990773
1.3572406285305694
1.3565555299077776
1.355836384563626
1.35508290750082
1.3542948038413656
1.3534717691919618
1.3526134900252706
1.3517196440771035
1.350789900759516
1.3498239215898316
1.3488213606355899
1.3477818649754132
1.3467050751757805
1.3455906257836916
1.3444381458351897
1.3432472593797025
1.3420175860201629
1.3407487414688397
1.339440338118817
1.3380919856310436
1.3367032915368389
1.3352738618557771
1.333803301728794
1.3322912160664049
1.3307372102118626
1.3291408906190922
1.3275018655452084
1.3258197457574092
1.3240941452540194
1.3223246819994352
1.3205109786726998
1.3186526634294193
1.3167493706767022
1.3148007418607963
1.3128064262670391
1.310766081831756
1.308679375965681
1.3065459863884576
1.3043656019737624
1.302137923604541
1.2998626650378373
1.297539553778668
1.2951683319623335
1.292748757244576
1.2902806036989136
1.287763662720475
1.2851977439356248
1.2825826761166295
1.27991830810057
1.277204509711703
1.2744411849202846
1.2716282235815475
1.2687655765213304
1.2658532067745107
1.2628911029954777
1.259879280381996
1.2568177815958044
1.2537066776788424
1.2505460689639676
1.247336085978985
1.2440768903427892
1.2407686756523626
1.2374116683593608
1.2340061286349604
1.2305523512216294
1.2270506662704388
1.2235014401624889
1.219905076313027
1.216262015956757
1.2125727389128516
1.208837764328125
1.2050576513968059
1.2012330000553264
1.197364451650506
1.1934526895795086
1.1894984398999076
1.1855024719081853
1.1814655986849738
1.1773886776053395
1.1732726108123692
1.1691183456523517
1.1649268750697963
1.1606992379605483
1.1564365194812576
1.152139851313447
1.1478104118804335
1.1434494265153685
1.1390581675786562
1.134637954523044
1.130190153904671
1.1257161793383959
1.1212174913957489
1.1166955974438608
1.1121520514237868
1.1075884535666347
1.10300645004599
1.0984077325651367
1.0937940378776474
1.08916714723995
1.084528885794545
1.0798811218826052
1.0752257662847606
1.0705647713889255
1.0659001302841273
1.0612338757793518
1.0565680793465158
1.0519048499867745
1.0472463330194488
1.0425947087929806
1.0379521913174035
1.0333210268179527
1.0287034922095348
1.024101893491906
1.0195185640655242
1.0149558629681958
1.0104161730327237
1.0059018989659698
1.0014154653498177
0.996959314564729
0.9925359046367039
0.9881477070086343
0.9837972042371732
0.9794868876164516
0.9752192501520904
0.9709968023413226
0.9668220421801194
0.9626974707414804
0.958625584914664
0.9546088746270357
0.9506498200067967