7.936089892051286
5.739523890064098
5.432181913466122
5.308934028761624
5.32641826938355
5.440449467275156
5.566791229180262
5.607926316882833
5.522060378567543
5.378584322967485
5.319048943748237
5.413111137106674
5.548991847147006
5.540377617066147
5.387875879208832
5.324105325725829
5.466807453127539
5.580314175854463
5.464304820620318
5.365602397423465
5.5030399863821025
5.54668222213442
5.318859943794052
5.264198652877552
5.390936489163962
5.246990103054839
5.187220640003868
5.400178493048733
5.259156363669302
5.134422800155616
5.259147525854325
5.0478953130365785
5.131859357609464
5.214555891472929
4.951537012739487
5.105497689750229
4.9215892630484825
5.022946038222914
4.9703948038507795
4.801270879838499
4.961338230152422
4.7469882256069695
4.897114130669351
4.610922087026354
4.873052548254508
4.5412773363061
4.747685381066873
4.492216120746168
4.668716017971665
4.395472037615784
4.569577739445144
4.377574266971614
4.358264586857661
4.440341333641634
4.130185542254544
4.42170353525014
4.075495814105546
4.165121882287549
4.21206780431185
3.8836090452084377
4.117993304402588
3.9995262937890597
3.7308042807684845
3.987379632133516
3.8678556574001535
3.5366471933890633
3.7911792767589976
3.8109732096472904
3.402336021411119
3.4293218467122437
3.7010990545581413
3.528258153527946
3.102308094640631
3.202186103931669
3.5033172914393598
3.4213281517777068
2.9904361548009235
2.732656275146392
2.974852465383782
3.309559610585835
3.2971797765081496
2.927651064224949
2.449818570865447
2.220177709681052
2.392129488206982
2.791995200059581
3.18298162921618
3.416178145391999
3.400982058246933
3.1341070872480112
2.712577713119224
2.2480244781430576
1.8014301907163421
1.399249719994523
1.0619978855234522
0.8021628703679733
0.6155541539563786
0.4870988478222162
0.4024530432382939
0.35321753819967266
0.33579669956613256
0.3490759159198325
0.39301800764761097
0.4674728830542539
0.5707208327392003
0.6981438632972563
0.8412522617688851
0.9867996573666452
1.1161466734227747
1.2063546325379735
1.2353007592667817
1.1917598427051732
1.0873960796736892
0.9626200559039941
0.8763909592342015
0.8763913552154615
0.9621517686170248
1.070963679764881
1.1142814713897184
1.0539919887416738
0.9521658913955263
0.921064454247818
0.9954100232201928
1.0744466828996126
1.0458511515899414
0.9555860236132769
0.9507130487494888
1.0335920261054683
1.0449266886240092
0.9637168873220281
0.9607373358522907
1.0387990882839526
1.0184923638245793
0.9585681087833491
1.0145277310053245
1.035057309848582
0.9641374494497706
0.9992891164398009
1.0270095230743914
0.9679570894023843
1.0161132971357059
1.015687074297055
0.9689993524798263
1.0255996910131777
0.9854332721344133
1.0026340967483032
1.0143386918553514
0.974564647975672
1.0256380592369376
0.9793844195946233
1.0191353980026823