4.437918216601009
5.921142091344404
6.174852598663588
6.443129755923842
6.665247428488456
6.754372810455717
6.692486883371933
6.576719261014249
6.551422789791052
6.64998491657987
6.72995744142035
6.651132063919983
6.5020733166535285
6.481276051461415
6.540266417823312
6.454759554727196
6.297063587323092
6.317596003505113
6.3847363170869
6.322752628830947
6.3805106015856605
6.510846930801305
6.400801712401964
6.300689320250387
6.238559950882964
6.0884156810215995
6.212747871569118
6.286982637618364
6.191503305716363
6.091672020430149
5.932118317134834
6.1143214571878834
6.082449454745773
5.938540634052086
5.811982484837228
5.975831292530803
5.893217004079437
5.698098377121412
5.766474621494061
5.825963262771505
5.526201084774862
5.689361066162018
5.610077312118192
5.424734103913845
5.5777033556203
5.369173258725557
5.371113984963778
5.384733473568416
5.158160824767223
5.361913727062148
5.004342612024828
5.2442950532904264
4.945708450052397
5.073552520644501
4.837167307024515
5.003543651691851
4.677064075382292
4.884375223795799
4.54668064154487
4.813021781908797
4.407060794862806
4.587952591673767
4.437522211800591
4.292115388778875
4.504632008191625
4.055002313972712
4.225735971172567
4.222947340483622
3.8262838421894823
4.108650916708299
4.051384491359447
3.599083690177259
3.801278351338506
3.946695467554456
3.4691608575397077
3.302484422737609
3.6708051000742654
3.6787865809882216
3.163206620143056
2.9010630259326233
3.211122907190534
3.543983681350324
3.3659117298019425
2.8028358724212814
2.37261720632883
2.408446139634096
2.832496602435791
3.3277323469598166
3.606124364110168
3.5489778340316773
3.1976205111920137
2.675250313762505
2.111821596489344
1.600193532739724
1.1836833875000492
0.8662803139113373
0.6337669663952279
0.47191559630777347
0.37176513454303495
0.32405667090754475
0.3158790396920908
0.3381302273427441
0.39359759119760696
0.4888596133240199
0.6181763348741752
0.7673542894756124
0.9297873864946012
1.0923549618458832
1.211638078377608
1.2464763724473906
1.197260143772565
1.0797076708918656
0.93376829456313
0.8568863033426167
0.9016742655001904
1.0156864465680804
1.1102349198745383
1.0816347119268614
0.9601313032377711
0.9155379843299508
0.9903439926789641
1.0788146932143006
1.0261528473997859
0.9352720762236977
0.9837047473678753
1.0588966900424326
1.0022409732676685
0.9458077426724122
1.0328915731267918
1.0245177140445776
0.9551976307066324
1.019692333286931
1.0205881027515578
0.9620395211623161
1.0285813914875608
0.9972464899208485
0.9802140223550754
1.0321724476461367
0.9689008553245742
1.0237510778938497
0.9859361172347809
1.007358135294668
0.998365603687033
0.9966720241873765
1.009560849626941
0.9872292024022054
1.0110830172955632
0.9947924239677308
1.002125006184515
0.9992597115714603
0.9952115025978372