12.448180606277912
9.589100330376429
10.181311789561663
10.138702088698418
10.065244228453377
9.998212093896367
9.88000902873139
10.292342039570453
9.900602005083762
10.043867981555765
9.733385502210597
10.049995877643962
9.839884856737546
10.07619241026595
9.829182243291601
9.85934606369404
9.81499793828253
9.596655108708232
9.75845051169733
9.582728813811073
9.47862910786373
9.623355016199888
9.48800822956762
9.325050018438635
9.424196218272554
9.477523027423485
9.324256265751648
9.183264336894288
9.184650057173789
9.212713826945444
9.145014915635048
9.005222538572735
8.880231756870673
8.790743392172242
8.693608212786824
8.595272985913498
8.564644952509637
8.56985090851831
8.490081790772425
8.382395103544315
8.347577437760217
8.242361687744495
8.090538513156144
8.017984332009927
7.855066308135716
7.749732491811763
7.70123089178353
7.650658944769781
7.707490039943638
7.615184449101354
7.487863435483353
7.192635562492799
7.104075978415737
7.130190549756524
7.161220578323172
6.863740923510716
6.6476536619844175
6.800159137702968
6.65697504322632
6.321618991750498
6.448670371800108
6.3208812266220935
5.981967761158762
6.219524729332331
5.812942163058238
5.821655784037082
5.751855346189911
5.499704297899168
5.5982925944145645
5.1997185195431355
5.361454709469625
5.012202947595512
5.061061318287277
4.945829254573263
4.609041407960021
4.924431108398541
4.2609477048716435
4.513009611612154
4.473200717240118
3.8203672033558234
4.189610740216743
4.246251078469942
3.4856299233576706
3.454747567202127
4.022762000835781
3.8612780370375357
3.029033935184221
2.6101204228188504
3.017795633031397
3.7215599359778726
4.06816070646678
3.8288216391592558
3.1566238779665565
2.3438279861533196
1.6225952987869587
1.0760841507934336
0.693287312161515
0.4538562737426882
0.3259031940776948
0.2669579352100807
0.266497028897979
0.32101520423550606
0.41729237002654707
0.568906317685376
0.7629910945551259
0.9708264956315644
1.166166251065109
1.2605701903701902
1.227619623182664
1.066468756863175
0.8932171513834154
0.8557516738743131
0.9875550371849857
1.1176637417837856
1.0640592352844818
0.9167099144512884
0.9546137286518386
1.0774890448109908
1.016438362260419
0.930070046772431
1.0395204482856613
1.0257200316634176
0.9448105598114107
1.047487368391725
0.981287556149258
0.9935974919504993
1.028895641174049
0.9590864050581113
1.041974720947874
0.9630422687899177
1.039867865953651
0.9625941571022792
1.031709062701067
0.9684309628071346
1.022842704385767
0.991936897846324
0.9960454523348184
1.0244636231014284
0.975681581565512
1.0166671530866462
1.0108379409008583
0.9779235259331109
1.0127471889544695
1.0178777386770135
0.9848425555717633
0.9916149472611174
1.0188384896115597
1.0139058008264525
0.9888914198728321
0.9806485945771752
0.9946371791568855