9.753174223771872
8.019905350742901
7.438523106209624
7.969306488726534
8.06951218753217
7.5189485779731555
7.779774037788416
7.898830343024544
7.844139961272187
7.824471613481816
7.521128790966417
7.742082302955336
7.67591173517447
7.885274937232455
7.713409978170746
7.750058538560136
7.519069871401258
7.570159414225504
7.394099626591849
7.491138185404981
7.383893297724276
7.421673124859379
7.4162283313944855
7.320139630403001
7.379627238075621
7.267538489817751
7.205593812576858
7.216417786674374
7.092889787835181
7.031914373226345
7.071121110355809
7.048809681925205
7.024742688247512
7.076904943903596
7.081464949180591
6.93588433205481
6.732778615956953
6.636537241471885
6.701169838146355
6.794128470897512
6.711801261468169
6.469129449359713
6.352698232370211
6.461335091821712
6.4506115874809415
6.208914453829235
6.1875315414591885
6.319319312012465
6.085805088647038
5.961657524968372
6.1201235572675134
5.8419978047364856
5.801316074232712
5.88988328055036
5.547070664818383
5.745442904841056
5.47076994673178
5.48259949571861
5.4091060500605215
5.227761092401678
5.287592881691145
5.025669688258576
5.134379619314891
4.906171032663446
4.945068168759634
4.844058117217151
4.632312083943055
4.79889982204504
4.339765387343229
4.6798136474058065
4.328868962365313
4.17592256888617
4.461780807291899
3.957837185236795
3.9665697699764344
4.234113524048439
3.7354081903939944
3.5423415664331763
3.9519915597780426
3.8203766762460436
3.1911257298489315
3.1568993099399583
3.645641998900489
3.698414093639231
3.1492509251892224
2.5413838181490442
2.5069265392368183
2.9765551557554897
3.5421862890275295
3.7952314670850273
3.633571245075716
3.1265646491464962
2.5011265533425147
1.8595305952066754
1.3406431376117462
0.9324303769693941
0.6482300431534367
0.46660620274085896
0.35060947135567516
0.2997995345861288
0.29502227078011833
0.32554300439709916
0.4021984049097839
0.5194210571918584
0.6659900124090457
0.846547302006969
1.0351256381314293
1.1801192581124722
1.2515866150333173
1.2233101866740985
1.0911056168153797
0.9283234858562533
0.8500379558157162
0.9162209075035864
1.0591134621933227
1.1199925266632405
1.0265310283681033
0.9121767383754897
0.9501341873871911
1.0690734210047672
1.0481505657879826
0.9408341467011286
0.9848139098880769
1.065656268359553
0.9798622457141135
0.961012778519911
1.0504358839818044
0.9799993263952832
0.975493194291389
1.0415637945523282
0.9593940919899376
1.0185172368965327
1.0007920714831633
0.9821758191875459
1.0289102381356705
0.9707565296479981
1.0353952412053093
0.9713366872090984
1.0313832513209995
0.970006605563868
1.0251557179095658
0.9727764859056885
1.0222181390396323
0.988483333815948
1.0054222949602518
1.0064370233327096
0.9794885179250041
1.0231421273366161
0.9885624631761049
0.9957176188585749
1.0157768457625094