5.133055224541127
6.635258936053215
7.278509018228445
7.498883828989646
7.269420718852325
7.147542373364184
7.210973051732621
7.074533146654707
6.908117808743694
7.087732345282498
7.2079305109486675
7.0907110292974025
7.2143011880784815
7.251583434244255
7.105387481269953
7.219419080946667
7.121190368279323
7.08723249961186
7.137691675815671
7.001823960476042
7.092519971467437
6.9410910134287915
6.986276418134984
6.828504953671737
6.815594708815164
6.652980703375126
6.659007594421907
6.563804377253116
6.68655767402418
6.654101905141871
6.728251465735587
6.558565986792238
6.420155355268541
6.371411381892399
6.384826551785923
6.509022852531258
6.3420469068400305
6.1336881464126805
6.216215878113007
6.280068555281307
6.098133166547627
5.9702410033077875
6.086358003405459
6.004861013023105
5.7731745095779505
5.920329922052245
5.861359208888026
5.574930042720596
5.763241440989578
5.593225706402932
5.514957302854163
5.602215523602062
5.261028641052636
5.476270636798281
5.159176866602022
5.335786605212206
5.0924712682503515
5.182323117308133
4.960950602789192
5.040453032007865
4.771681876137698
4.937869172716174
4.558879358725092
4.838055718130298
4.404923847556977
4.6168414872963375
4.4318522526318676
4.222578905902443
4.501302752901501
4.040491881720426
4.1215794673981305
4.284487723690239
3.7797326793679273
3.8778979924376804
4.119795806807344
3.63000641744608
3.4110171729995025
3.797723365122131
3.7669432657226025
3.205159467562855
3.022159311910931
3.4168736744583614
3.6571709048380994
3.29853926778385
2.685974189552895
2.396687906648545
2.6353238211229435
3.168468688743923
3.6161391933983005
3.696762274298634
3.4071037821628103
2.905893228042423
2.2991153814654095
1.725031204360258
1.2625221686611567
0.8931952285529782
0.639478429408921
0.4692460247380708
0.36126070730016246
0.3141020346955225
0.3003151132199465
0.3346808100101779
0.3964958608122774
0.5041715517859588
0.6391350011193517
0.8078482910514326
0.9823680664980673
1.1391779422198212
1.237550478766055
1.2432571123455183
1.1508283035444158
1.001930093063652
0.876277518303279
0.8694457684520505
0.9682171324029565
1.0972808962000864
1.0998862548804265
0.9887012650610237
0.9122203625901858
0.9740357346253642
1.0778580332395264
1.032657232969903
0.9317361450547109
0.9880280679495733
1.0656801236431774
0.9822994233168769
0.9548485606944029
1.0496634269938754
1.0010980468807313
0.9582322600154404
1.0419635309077473
0.9861054967847971
0.9887484900748917
1.0322089820852531
0.9602328053424135
1.0286109863301909
0.9851138513235168
1.0077849664476355
1.007291084352198
0.9884821178273788
1.0132434227616856
0.9810915911401628
1.0133603633360984
0.9848543941983064
1.0091891067856178
0.996188069049802
0.9979346399402642
1.01252009205768
0.9835708964779333
1.0229542837594359
0.9837145688323322