6.658830011177924
8.68718882323188
8.581580412471073
8.268914150763838
8.832364727487636
8.198616608654028
8.62928988324909
8.487403119366887
8.41494646608196
8.358588853834377
8.578040684952025
8.408923559358138
8.196847018837932
8.469632941890996
8.399432035611223
8.334742895830127
8.232195661878704
8.103446222706127
8.261613275753213
8.352570813768807
8.210716790282323
8.11524360648252
8.078415643748427
7.96450274957464
7.847245700476086
7.834301704206743
7.874945798802122
7.8695700305638985
7.802904011716607
7.723260776948271
7.665787163276445
7.626166224753566
7.58210071710985
7.519063743014044
7.439739923098737
7.360828965684253
7.3046241794249696
7.286779269107799
7.300117103299183
7.303314328672682
7.236199338181171
7.076131804209416
6.897614363036843
6.835376367269883
6.912390022329699
6.935589380149618
6.7405133001002655
6.529715435462253
6.575617668055964
6.608806061303504
6.328414373933405
6.213577313940975
6.386172305007697
6.16640075640482
5.994029394592033
6.140413353078312
5.803318323967085
5.846813545505379
5.8529484101461575
5.507502759661321
5.729298069476105
5.332691178257283
5.557381900798964
5.139538852456549
5.379727421155117
4.962234917173377
5.2004576885065426
4.750788053001814
5.045314648013994
4.563524869030239
4.775091769533362
4.569494303846401
4.3011762907025535
4.620338338888982
4.0982857174100715
4.095431502796105
4.37891262754358
3.7737118045586184
3.701457009659913
4.125654253162686
3.765835548615819
3.1939140523438336
3.3814326113233495
3.8547505320791413
3.627565941932724
2.8902258620285313
2.504563902873037
2.7817592338317265
3.395867280176748
3.8445723108054626
3.8247460515049907
3.3673112108813306
2.694758826206749
2.0122035328442758
1.4283224750648873
0.9790149279230591
0.6623672463361762
0.4580998547499248
0.34032395157911455
0.2870176545574314
0.2842244206590992
0.32553654939272214
0.40936761460419285
0.535387880900657
0.6998678517422809
0.8895877975276508
1.0759217216885273
1.2141460788025216
1.2556213826289802
1.1769899734649738
1.0151597151718212
0.8737012542264395
0.862624353414972
0.9884298277757114
1.1093099705799057
1.074240745433471
0.9397629335234591
0.923968562282223
1.0493832871714395
1.0691918635905626
0.9504380668715804
0.9674984939352583
1.0621888590496378
0.981140283026197
0.961798382791216
1.0570842250701165
0.974850011244679
0.9883376633180608
1.033913467316894
0.9594918693566269
1.0397455052782856
0.971373310789254
1.0150871727513795
0.9968256156598269
0.9992948003191963
1.0004877292649486
1.0028579639522401
0.9940351571795376
1.0108336138873675
0.9843402259949334
1.0211710272388204
0.9769026975473871
1.019307269992284
0.9930348993372378
0.9902945381323327
1.02272588946881
0.979726185458746
1.0023508657867377
1.0159190618681657
0.9876075772382893
0.989789188261814