5.0445982234364
5.833366546751429
5.933898607101914
6.006491427955595
6.076991835084934
6.149080389132628
6.21692076660908
6.266475735154315
6.27776934891233
6.231920734969952
6.124017818063036
5.977669007181081
5.849658474215013
5.809666588886801
5.89135112659571
6.042214140763331
6.1304541628591265
6.047363193302604
5.8422052261361594
5.721484048827033
5.8241056401091695
5.995814316717013
5.946211600887605
5.70407172258386
5.644301657480747
5.8428325983171305
5.859250837126152
5.594050015642988
5.574280590643908
5.784392043594817
5.630148755204083
5.4295244807816365
5.641392433765177
5.573388270632598
5.328761425753616
5.546198186359372
5.425134275731003
5.247566413450418
5.4765796696981335
5.193718149012377
5.263771972978827
5.278524198827632
5.045567221784771
5.270144224006299
4.940909558452537
5.159687671712805
4.8940727922624525
5.021841115663885
4.840162950622117
4.90180927218351
4.7528236950188525
4.812872579048817
4.627326840518313
4.753407474994267
4.4740568238051965
4.699080272416507
4.338624225185034
4.579949312238991
4.307368217146138
4.323137884616584
4.386787011403629
4.048911361497979
4.311465577341599
4.080825186230163
3.9177885077418124
4.181480224343008
3.8533359669642957
3.7348470795035644
4.015752660893307
3.7366741733603126
3.4659236982598203
3.7513392074239325
3.758905589844425
3.312813023481288
3.2390942276816563
3.5740139479474218
3.565796431608207
3.105976179172884
2.835656835400359
3.072037618182242
3.4128632919014095
3.358140242452053
2.89671787767885
2.424563319145633
2.3022353212509112
2.578281017472555
3.0375781381411064
3.4069013316721213
3.5157048125878823
3.337566642056231
2.946484689548618
2.4508940104178576
1.945756956803273
1.4925837328919727
1.1198354078008579
0.8324735334292581
0.6226299687220053
0.4777309836704558
0.3854000497559042
0.33580628956475883
0.32238781943126893
0.3416563724192433
0.392449615998233
0.47470918315401334
0.5876983197493275
0.727595370034763
0.884693900102316
1.0410746950314853
1.1704923576825814
1.242843157774351
1.2348976416121824
1.145721612254434
1.0092397860542246
0.8909312659112422
0.8581960057958217
0.9317649593497822
1.0535386380627298
1.116563058971301
1.0600962012741162
0.9474623376128465
0.9140564116552004
1.0005182750019206
1.079053490110068
1.028660391844064
0.9384528045431597
0.9705387609295523
1.0571966640205734
1.0202588739833107
0.9460425538703879
1.0038703983782884
1.0473810718474053
0.9697339775361191
0.9812832042485266
1.0431530856760476
0.9779595603148837
0.9860782448834851
1.0356895603891325
0.9701941947981771
1.0086448327079258
1.0145194418331824
0.9727637465722601
1.029322943113744
0.9778308954595833
1.0121306414238385
0.9985652540518613
0.99347851387606
1.0124595623455255
0.9845032747848521
1.0173065558649146
0.98254051495229
1.017256300805589