30.046572093623617
25.88024054071901
24.904730071627895
25.41515075374349
25.537562712578012
25.49645149601356
25.58415599523111
25.295874755585018
25.31539682342319
25.200677282546145
25.057541091640502
25.19369350059687
24.98700005229732
24.83711478792882
24.743264619694518
24.49855285336451
24.33951179055614
24.345220089750924
24.138621663272303
23.86983684912528
23.967258346848435
23.697012764581295
23.51129658826525
23.430055746027914
23.07756502083964
23.00151137583899
22.7187350719556
22.532093453105464
22.535972899970616
22.086577915391317
21.886341796594856
21.83395497575897
21.524774548884654
21.088979233416318
20.943814795494383
20.78646716832827
20.598427552784162
20.375845864848575
20.104394644484664
19.819112705211243
19.594061642303302
19.25775300948118
18.985565125823697
18.63444985483976
18.18543377684783
17.862989075716175
17.7535377946237
17.57630142268875
17.071095833310384
16.727098128095086
16.6416406021423
16.07558849580571
15.912628496439265
15.559935506490051
15.235116962026506
14.941820048896746
14.678871392718454
14.171177246799294
14.11327837619846
13.532971712281304
13.236370894119736
13.162545732391225
12.715502772429794
12.201332535557349
11.853833548109058
11.667846500876793
11.490586710409978
11.219118422963138
10.931726554053817
10.612873723514877
10.287065230395278
9.97159420018743
9.551495192414764
9.058905577469826
8.574602266576127
8.306782364003684
8.333493149511192
8.097032818219699
7.3177000421797125
7.184460493122089
7.276691081280498
6.307419143120506
6.669425718092062
5.837426359890054
6.03287807563724
5.161751613612628
5.717835992255703
4.362120889466171
5.041590271970319
4.831310328570443
3.3369942909168864
3.772341250792643
4.9765772175734195
4.818235250246941
3.5004771957257215
2.041373782342586
1.040652920212096
0.48969865578118366
0.2500399401393855
0.17888408146811008
0.21059875333812533
0.33232902830447747
0.5412804254746264
0.8306777796749109
1.138763622957037
1.2973377117787317
1.168756931468029
0.8935949856520854
0.8706168124941238
1.1092704288279112
1.0537236712905358
0.8968461709422828
1.0868965245659612
0.9651981443071244
1.010103679786356
1.007846619406066
1.0029213848990821
0.9869192010606251
1.0377161736814973
0.9470314151966304
1.0364933573198856
1.0133039815333837
0.9581131365087635
1.0024364476164027
1.0396102237317448
1.0130356956404978
0.9803551695550793
0.9698413298770256
0.9723993687673982
0.982581214501098
0.986435224823085
0.9862788382979432
0.9848056389147478
0.9766271053196587
0.9783164369334236
0.9923100380348239
1.0112882373163543
1.0173363303362855
0.9960937375114758
0.9833848687023529
1.0114784064797282
1.0093977767669349
0.9856178345943782
1.015883344691933
0.9909902387670355
1.008875404240835
0.9948817774881624
1.0098982720590364
0.9881879382511289
1.0113705007777662
0.9914673591364396