22.160012377056006
19.584771297485485
19.666224516693106
19.768036758332773
19.441814110186844
19.534661117913178
19.803745113027983
19.465747337312674
19.676603758710424
19.452460032677372
19.44845783585957
19.294458211956282
19.324000826895603
19.151896222817964
19.389341965116916
19.08087737344653
19.02495085896328
18.969090426635468
18.769776756158493
18.708605638970123
18.65714090500461
18.625548537468045
18.339960808500898
18.108914722607658
18.06528622612635
17.906497665370537
17.903079850983573
17.719327295318283
17.623758395627032
17.463209564499667
17.22332071834667
17.08714494170803
16.81670987165193
16.57199619531256
16.498821341256356
16.468111790037316
16.304394965680064
15.94830907494915
15.66048271130314
15.668225083679955
15.501123291280095
15.108653311572649
15.124687243660226
14.7985006852066
14.582154949748316
14.449657478973196
14.096100099629297
13.980780225402285
13.67062041690656
13.4142668743411
13.373652379038745
12.910583637342983
12.848561394693284
12.64956065389713
12.207640720119599
12.021067226834948
11.94641231438705
11.756712438119424
11.36538086527581
10.987430702700202
10.726395918180838
10.487861097776614
10.304589557255683
10.073822592494063
9.825851872620737
9.565905423048132
9.23908015899173
8.965824061598623
8.753410706123635
8.637228462740392
8.59415004286699
8.366900401621507
7.828939276852412
7.474445157238144
7.608853083064453
7.300502956538222
6.664332850075635
6.934714660421883
6.385444104708687
6.162423632195735
6.146577420506947
5.5578396285404015
5.7009765605701785
5.22209946448743
4.948973951451218
5.260933369780068
4.076746706952832
4.618403301576818
4.729779511065067
3.39559119846136
3.2152610758046998
4.306311727607589
4.81769890709342
4.119369810979935
2.8532285878331085
1.6889574093028383
0.9096291027426019
0.4721392377469517
0.2645804329440535
0.20014138843493118
0.22196884451070403
0.32185900984852406
0.5023447031861152
0.75113643908986
1.0380436942208318
1.2568668376387355
1.2615744050154603
1.043643061931462
0.8429628793201186
0.9345778901400391
1.1322280089650842
1.0200296445942971
0.9008422671263374
1.0774895742115873
0.9869711873110715
0.9649605407528199
1.0550759043709603
0.9395826541247105
1.0578797319104232
0.9507848633983642
1.0423741254258936
0.9834726687789057
0.9896155437477078
1.035273406243527
0.9632330005464217
1.0020364877358514
1.0350591488318366
0.9885618830613224
0.9703635327646429
0.9963893273538657
1.0252677931536174
1.0269875260675352
1.0097244464992121
0.9972187237187637
0.9855644522195536
0.983775530919888
0.9830870088364685
0.9839692961492679
0.9926290568914802
0.9988961019656739
1.010449223803471
1.0201568386187914
1.0119106099677286
0.9906056577240597
0.9829385234457619
1.003861130340358
1.016490531621394
0.9929461980853197
0.9940602954154002
1.0138942854543116
0.9883629530868212