23.24963736637035
21.602013170095912
21.485022010736067
21.49145249933692
21.59839952840748
21.65734458810202
21.45417761979039
21.103108135834916
21.13295590613105
21.46427034810251
21.257441698861836
20.968916188367373
21.124097527102077
20.923322702943697
20.94594409333089
20.668245941580246
20.835946848122965
20.39719044044182
20.66092483492937
20.174125971092476
20.31168994640851
20.13652954593783
19.85272442702282
19.833512865784257
19.736186036250608
19.575382458114724
19.30458655756947
19.054507509980823
18.95285137781665
18.91060823897402
18.811143731171427
18.639146044002423
18.43164615146729
18.214576032359417
17.987829670529955
17.736709855277685
17.454814133188084
17.176858260483794
16.987156986530724
16.922230520957406
16.811114094335338
16.437587917382608
16.060752368188435
16.019105635692423
15.77864514450394
15.398512382413832
15.365203753426659
14.887630745799003
14.87558441663288
14.398604129093613
14.381602158836309
13.860373968582662
13.90671266852923
13.370076460891266
13.235683544035586
13.088025023466447
12.619090230478655
12.332108432680702
12.27480989131682
12.066738462795769
11.631394014507523
11.207059262329915
10.919077519265558
10.710780937648622
10.501270698539512
10.257793774510128
9.977521264641272
9.66319595979805
9.323403552002214
8.993136003933074
8.749554805023523
8.659930415840483
8.621089963574596
8.312298984897726
7.6945283365378
7.439914850798229
7.597889513885
7.0159514626558765
6.639182797439817
6.874636196230379
5.955266602090954
6.382826864310856
5.459104377193886
5.927098874862282
4.844778068248633
5.534881843038042
4.522142380419364
4.388101427762644
5.033174750610929
3.823091709573984
3.1425603328455987
4.146727965970846
4.921237598294786
4.365642875846242
3.049734460853793
1.7970219317165723
0.9480859813850594
0.47865701871131616
0.2612687191305795
0.19300224593260562
0.22011909962756243
0.3266602398785601
0.5153649665373631
0.7814837300778014
1.075530450393385
1.2760910730849142
1.2420808827029537
0.9939520395937644
0.8327361378380786
0.9918830963547614
1.1332749040534185
0.9497704866365958
0.9529421300977927
1.0916630082834273
0.9235367485818933
1.05278199712366
0.9713812901108531
1.0220928022555802
0.9771095721992745
1.0354097324382414
0.9548170978518754
1.044849196003398
0.9822528229496076
0.9769854633774583
1.0381330433443334
1.0042292791219536
0.9634807891740901
0.991043765429402
1.027525434997857
1.0285730072045747
1.0095772057200532
0.9931686112522122
0.9850771138379596
0.982317474181554
0.9820913621422821
0.9839331192386699
0.9890618670454789
0.9988637921506189
1.011897125166761
1.0203777677217216
1.0130811373198383
0.9921860848262047
0.9852439988467457
1.0064394845375937
1.0110117858445213
0.986312268878694
1.0028559318992687
1.0096253039578744
0.9848380423649454
1.0147704446575798
0.9879113434818182