25.105578551908714
27.929410811905047
27.688648734035244
27.639127792472028
27.629694788896625
27.72081082240667
27.563384188845102
27.28436101883477
27.42548102957274
27.599422585063106
27.472677259753294
27.19329736319008
26.953855930103103
26.7951990929061
26.68543963476954
26.59862283516557
26.526014204564625
26.449439076404147
26.31468359991584
26.074107400768547
25.825889513736044
25.76566596215726
25.698632308700265
25.261163059437205
25.083385139325898
25.118482356126382
24.557024698974576
24.635155166081944
24.16402622996078
24.13511968126751
23.678065885246966
23.61902924674041
23.265651325003507
22.931083308614905
22.79058709877013
22.56059082230534
22.125502787850767
21.747072800305833
21.541264784272233
21.377082827788406
21.147498374316235
20.853487895410435
20.532842244991354
20.206552054084426
19.868779776669566
19.495197567508555
19.071783153681476
18.652460814707318
18.363974209553362
18.194139786843856
17.82242657807888
17.256750626627834
17.09981247353547
16.818875897932887
16.194983962413644
16.189358218132348
15.500803493022792
15.468445366379555
14.79087003303758
14.744256203642728
14.183850807547572
13.79756063699237
13.689623672947475
13.186507349357765
12.635449209582292
12.391671605235597
12.247042243699584
11.968148580761559
11.561283975241249
11.125222038877812
10.722670589668153
10.373199321729572
10.079944446311675
9.830337484236866
9.561909737691769
9.145106658831773
8.52573476222821
8.01787326684175
8.031442206370542
7.935192137057792
7.042449605966676
6.984108884655963
6.9320307863498645
5.967292176459474
6.503631201158619
5.258560514425828
5.933883318350311
4.803132642641327
4.813988524051277
5.244803128619746
3.6454002166572046
3.6002363011101357
4.91977653299697
5.035587646810265
3.735014675132577
2.1836312134779776
1.0869196059162527
0.4983522659270343
0.24315558128557863
0.17114632480537453
0.2075954520303733
0.33331466341616933
0.5537454879816642
0.8582906161476196
1.164679452586134
1.2977523979098389
1.129341346317905
0.8616296327963787
0.9150910370033033
1.1350059749136494
0.9821779330099663
0.9362199949876403
1.0950898743298483
0.9160849632125567
1.0753013748290778
0.9337969662877909
1.0669742557511304
0.9417556538656012
1.0351328657797518
1.0114466063900551
0.9554440904777951
1.0211439558762194
1.034541611388439
0.9887448824992442
0.9656912284811475
0.9777924985303141
0.9996941726570308
1.015214553998282
1.0222242319561572
1.0234414688557174
1.0204559846924521
1.0124384705958072
0.9983513338131077
0.9825718514935982
0.9791018530349068
0.9987053072138461
1.0185015487150149
1.0009042093533937
0.9839762574457609
1.012713630578847
0.9988909068109656
0.9917273937033221
1.0133913912436896
0.9850724638686703
1.0147991634888622
0.9876129041707726
1.0068194810782183
1.0029122708642062
0.9882449767176452
1.009761587761835
1.0049112218788803