12.192516788875398
15.159538939772245
15.866463413157735
15.041767291525506
15.22959171849544
15.346233635219829
15.433629364279765
15.331598340878111
15.115003470647956
15.029431591504844
15.067360359337558
14.962769676760823
15.134839561370597
14.964907937087487
14.965743000694433
14.98811401855745
14.782446319045711
14.667858872374236
14.645811184014766
14.537834527936797
14.409556356666673
14.392137311512307
14.437846665538626
14.37131977893082
14.157093099451323
14.031573795456845
14.093015799001943
13.977575726315758
13.682369697599015
13.717986127929576
13.635296638176184
13.349124359402197
13.453139690218633
13.119834342998598
13.11716773484048
12.84459777764975
12.804306278796433
12.579425970727518
12.640376900558342
12.2628063135158
12.307874183432377
12.030646515657045
11.89725156266479
11.882877214037782
11.576085694898946
11.380713085872337
11.363925888107088
11.282372116018987
10.916082072115948
10.702127759605776
10.567888298317152
10.555263024300068
10.422063250098025
10.306621720158105
10.072053721512312
9.886130128521186
9.70144902317115
9.49117157454706
9.35492705197835
9.22370330761466
9.050894833656717
8.859832436823439
8.617630163511302
8.294076883214757
7.989903226261096
7.8791405141102056
7.91958682109697
7.7405844232185075
7.2600560654352
7.1065814492662716
7.253760055334492
6.781650671660059
6.524444291479053
6.714187241734361
6.041895982765696
6.271980712899168
5.798256774341161
5.811326268501536
5.474981806009221
5.497851411111209
4.936261645804137
5.334193237026946
4.416458147303642
4.881603275148767
4.5929666351052205
3.7624930616465924
4.387508859110229
4.418286791844056
3.30664214649109
2.9275687303019895
3.752216404906128
4.483781603176566
4.315192463928992
3.391234470407742
2.3116455337461668
1.4067939093386308
0.8078957234334363
0.4620627226964068
0.283597781777888
0.22092806278798838
0.23796984286655168
0.31784709152007
0.4625612501586259
0.6773547214633141
0.936858057318488
1.1700826238220683
1.2787882132893271
1.1915435551083051
0.9691086866393513
0.8409630460053172
0.96701755987874
1.130867720355828
1.027434303862314
0.8982626786501746
1.0444820843830487
1.0473710392269833
0.9237403370609544
1.0629892394384173
0.9769250290251896
1.0015382543438214
1.0209513637380287
0.9765054430281078
1.0205476886089309
0.9847440628748668
1.0018209793639075
1.0206160292002016
0.965085063980776
1.035360178126632
0.9859727165473362
0.9824334658097124
1.0302497136958817
0.9999603731396641
0.9697369916593642
1.004731178994371
1.0266448598251865
1.0100991431058122
0.9850640547185635
0.9765969403456654
0.9843639536565784
0.9991786013104865
1.0062311384202616
1.015676254104921
1.0150315052918386
1.014727525641049
1.016307591398089
1.010672554761705
1.0029594442892382
0.9965995023071066
0.9893347487507217
0.9853638401320586
0.992502530006922