0.6031635213815079
0.6061332851567158
0.6150509219887235
0.6299392389810464
0.6508289536494912
0.6777482249884809
0.7107089166269096
0.7496904536686668
0.7946223012857278
0.8453662053581934
0.9016993871829071
0.9632998722761122
1.0297351147879517
1.100454536310772
1.1747876426080797
1.2519470616553
1.3310377632750283
1.4110715700398238
1.490988088907683
1.569679068211351
1.6460188432004133
1.718894586976026
1.7872414134443206
1.8500756838296433
1.9065270841566448
1.9558691897955067
1.9975446168911322
2.031185411402391
2.056626922441076
2.0739144993349825
2.0833025362224653
2.085245714197626
2.080382630038461
2.069512336894727
2.0535646404988626
2.033565279703541
2.010597359042723
1.985760582169798
1.9601299496030087
1.9347154845451855
1.9104255472882212
1.8880329907070992
1.8681486656459316
1.851201980798341
1.8374255184997952
1.826855910028976
1.8193343288932577
1.8145204180698973
1.811913202965336
1.810877589186938
1.8106775407392717
1.8105129065326284
1.8095588133841112
1.8070057754070514
1.8020987237657997
1.7941732051426538
1.7826871207677895
1.7672465757595448
1.7476246726934899
1.7237724025748566
1.6958211469142856
1.6640766905191087
1.629005038622841
1.5912107161259899
1.5514085831602527
1.5103905129703679
1.4689885120266046
1.4280361504497427
1.3883300558700529
1.3505931850117197
1.315442321358201
1.283360805629663
1.2546777624033822
1.2295555633675626
1.20798558440589
1.189792673766694
1.1746483861629131
1.1620915882112768
1.1515563416330783
1.142404900975786
1.1339643648493867
1.125564972141697
1.1165779640529663
1.1064509257544628
1.0947386286465803
1.0811276137489074
1.0654530806061697
1.047707059937692
1.0280373335867556
1.0067370805671858
0.9842258165647095
0.961022651946202
0.937713457808807
0.9149137308536789
0.8932297837726153
0.8732202366899325
0.8553604007157927
0.8400120932038355
0.8274004638749782
0.8175998528705657
0.8105294874726601
0.8059595400850673
0.8035272842762775
0.8027624119286755
0.8031199253180409
0.8040184540359517
0.8048814112957087
0.8051781340524509
0.8044620736364705
0.8024032331225923
0.7988123851270357
0.7936551345829175
0.787054585520388
0.7792821814233708
0.7707371931625823
0.761916124714969
0.7533743049624722
0.7456822209423355
0.7393803844349272
0.7349356362765682
0.7327030168658681
0.7328959422950649
0.7355676079042487
0.7406052389716467
0.7477380211537709
0.7565583603807735
0.7665549955453811
0.7771554301533414
0.787774264892407
0.7978633875236512
0.8069596777146637
0.8147259556650078
0.8209813573416564
0.8257181347879121
0.8291030020154154
0.8314624886820008
0.8332532127639941
0.8350194106143468
0.8373413332915856
0.8407791037275804
0.8458172169299406
0.8528150278019468
0.861968029129489
0.8732841963798215
0.8865778495195279
0.901482334944013
0.9174806946420182
0.9339517948172816
0.9502277093838916
0.9656568681469438
0.9796666981392829