10.175348844313195
12.362289478731258
12.456221961801644
12.535213088806303
12.66171937218886
12.819361608342735
12.926239499466888
12.911575647916417
12.841246015933827
12.878645889487357
12.980266807094802
12.84558452950046
12.541726230095668
12.58990600108317
12.813248251023412
12.63178114139534
12.458191690076722
12.488448964091203
12.496575535291214
12.38871804703163
12.210277794191125
12.412560820497259
12.025499506487527
12.235569433708095
11.951226056050054
12.01238703541154
11.853222679651978
11.794682228155448
11.730920660354762
11.605566940303147
11.494078580067647
11.553586750780605
11.187424576449162
11.31134489543424
11.208060590132044
10.919785857845762
10.966424220191762
10.870717356431577
10.619566671092809
10.57510268251731
10.603580728807476
10.449902663332166
10.177688028621363
9.971886202094105
9.885751405024138
9.85391997348599
9.804776391963308
9.712595409806346
9.587134477108178
9.448907533337692
9.314457857568131
9.191241857582062
9.075847874236505
8.954142217942275
8.807297577672964
8.624445562287265
8.409856590857425
8.174936757544614
7.945007211057556
7.800393964018195
7.814331967996545
7.81682212947725
7.513400695073986
7.141197589463672
7.179011452700104
7.206377568048604
6.774428836510986
6.621607126164918
6.760984545227213
6.259915714389714
6.280955556606917
6.1926691056732075
5.764617623712509
6.009347683551555
5.385945879591681
5.722628962012474
5.071467503217982
5.377361504870939
4.8630555288471715
4.8322814661723985
4.931428605376874
4.144925429222938
4.654988835806635
4.407115565935198
3.592521951073066
4.045453797823452
4.344803250122436
3.472614018496908
2.784926221735962
3.2068699288580382
4.050657387626407
4.348556632691091
3.8674296833922175
2.949856869117964
2.006149646332337
1.2604729030597634
0.7583239029123916
0.45770918915970155
0.29928210558945484
0.23731376271757268
0.24605088268396796
0.31586934721670457
0.44580010051878644
0.6336664977256915
0.8637644100930509
1.0941083621821937
1.2515926969616018
1.2553483010763176
1.0896615832035348
0.8858643857540301
0.8586282787241843
1.0317975624482412
1.1267036742744279
0.9881667669328682
0.9081418107958054
1.0497673610835705
1.0489634924007887
0.9231370198629139
1.0456418185936158
1.00784494468734
0.9597032953604047
1.0549282424470519
0.9478524618755853
1.0472169760723882
0.9593215547381679
1.039440041307073
0.9605062494982443
1.0416667514341948
0.96312455135132
1.022716633431424
1.003024050730877
0.9747237509187213
1.0295608776751153
0.9909593794897961
0.9817748168613194
1.0233505326861212
1.0078565427682324
0.9749650281203278
0.9885123483156344
1.018504622381972
1.022096277501659
1.0032194405330375
0.9860102289994399
0.9822107376478142
0.9887121408312062
0.9982231161306592
1.006021985334918
1.010653651648178
1.0122965108216262
1.0114393697054016
1.0085190462978546