26.133123313540807
30.81744980161471
29.983850320577048
30.15660503955698
29.77174503747355
30.339359041410656
29.95208846572533
30.173553048126234
29.86717015547681
29.6348851388757
29.792322855304064
29.659948892998123
29.386869977892943
29.270375493474333
29.221043360976832
29.08399258927615
28.90743526751758
28.834407061957087
28.737955169016935
28.42532350205048
28.222910337504842
28.0047219609403
27.584532690432148
27.480540011926855
27.286851934196807
27.245256490104683
26.727715485996516
26.510600692190277
26.491108184850233
25.901407466582935
25.843872075503555
25.465043878702716
25.331160205704286
24.813628848343452
24.71844390196758
24.17294735403884
23.946784607705133
23.770195786466594
23.27248344865167
22.86270492848857
22.654942791271793
22.45908380112501
22.1684681984611
21.78211361126494
21.357654780385282
21.002119075081325
20.700480627185986
20.324942765107945
19.98085626928452
19.55876186707585
18.999388242635046
18.59069781904378
18.363556482089276
18.092329865586834
17.45662104565538
17.164469766934005
16.90165739530514
16.277582186308187
16.16574286974247
15.44622596880885
15.377658633577447
14.770016423672029
14.429508380191148
14.252007528545445
13.557075311910722
13.180854298178113
13.058037369274794
12.696831894432295
12.128561176105341
11.577156428427086
11.130479211762019
10.753238703715464
10.367829470743935
9.96211705945021
9.615249693180502
9.33973342330086
9.187060662406001
9.051978402246746
8.519691276852418
7.751328419357214
7.601461832209122
7.6943846871765365
6.6917374519571515
6.772608060817573
6.367654876326761
5.875719540408014
5.775512824193374
5.459762912836701
4.6056464598993365
5.509968576808646
4.05426374052473
3.47291635755204
4.8257734136298795
5.216068625081811
3.974717367109812
2.3318369505814163
1.1421208451278577
0.507440612187417
0.24041269782145663
0.16665984497028657
0.20481365664368748
0.33989407588515336
0.5699428922881218
0.8868315602051575
1.196648025449924
1.2927790909923713
1.0846157554923537
0.8338676147333061
0.9702775735245476
1.1387530341755967
0.9229438351472561
1.0041484170370978
1.0481583922377873
0.9391819448483779
1.058991278378022
0.9592451691677442
1.0207158802358083
1.0214317585700656
0.9506368110812268
1.0372495020929602
1.0212392145483515
0.9617724768193431
0.976592500653088
1.0194922396656372
1.0369671879820102
1.0297010891399296
1.017257711125772
1.0125508435660036
1.0139772149828554
1.0157666690877742
1.023485019786927
1.024888623010769
1.0069784062194949
0.985912467933267
0.9809901069521374
1.0137732953779013
1.0113811497460508
0.9806967054535386
1.011836562988039
0.9996435252275606
0.9922124337084388
1.0091934644399425
0.9946361485019113
1.00314665455662
1.0048442945285996
0.9861600495083351
1.0099959072557019
1.0014031084365478
0.9860963935334263
0.9964109550448552
1.0098818050966698