2.00008446277618
1.992833281119638
1.9718743527950517
1.9394852577388617
1.8991231490960925
1.8549681063446621
1.811378741181462
1.7723371244996504
1.7409599243280725
1.7191408636603502
1.7073692668891776
1.7047405727675091
1.7091478853070285
1.7176204015739556
1.72674874892827
1.7331360076410234
1.733810966288189
1.7265507533442335
1.7100794792979297
1.6841310142434163
1.649385984946298
1.607311090824175
1.5599401688681422
1.5096396266965166
1.4588957983193602
1.4101507679284637
1.3656974517093137
1.3276291396981597
1.2978261290441726
1.2779543565599811
1.2694497092743866
1.2734686789626521
1.2907970855313746
1.3217233256850776
1.3658966937880954
1.4222024273809666
1.4886891699968663
1.5625820574401705
1.6404033160026295
1.718206973224153
1.7919110249421695
1.8576937993975247
1.9124042736919338
1.95392553874318
1.9814347354834674
1.9955106459965113
1.998063964894882
1.992085333284263
1.9812406679763084
1.9693622043070909
1.9599087517030052
1.955471065402021
1.957398181267852
1.9656019979572383
1.9785755620208203
1.9936232650533816
2.0072737477347764
2.0158142064568034
2.0158654831376714
2.0049109011521424
1.981696362220247
1.9464390285868889
1.9008114184200884
1.8477024784923668
1.790792451976951
1.7340086422888508
1.6809465806186907
1.63434942287612
1.595728405515852
1.5651816363319573
1.5414422870095015
1.5221435806331376
1.5042576598932502
1.4846333705591797
1.4605434968627136
1.430150032054932
1.3928100934284686
1.3491721954884621
1.3010483970801894
1.2510865058164722
1.2023000559165578
1.157541742733386
1.1190101106616634
1.0878801653556833
1.0641217242295813
1.046537700456276
1.033014269829303
1.0209359984774131
1.0076883406966701
0.9911532322600889
0.9701042496185076
0.9444262492627294
0.9151174730294944
0.8840738574950016
0.8536977534668619
0.8264085017697297
0.8041524457979445
0.7880115450772649
0.777990824873294
0.7730294370730328
0.7712344414480328
0.7702898181212205
0.7679553991190731
0.7625496910744272
0.7533120208143128
0.7405636014180424
0.7256295993993916
0.7105364721752843
0.697549427220285
0.6886526306944798
0.6850902273514138
0.687075319804938
0.6937377381431963
0.7033273004118632
0.7136291853474478
0.7224960632547308
0.7283706303407513
0.7306706856877326
0.7299386709049248
0.727712832769737
0.7261453573488335
0.7274574769012845
0.7333660132702312
0.7446278819343287
0.7608236147621389
0.7804430595518949
0.8012592357856142
0.8208994826310518
0.8374669766406478
0.8500466330779021
0.8589544893717737
0.8656544209456736
0.8723547577356386
0.8813867111502658
0.8945315144405059
0.9124841325249617
0.9346101019047947
0.9590742491055347
0.9833163012444516
1.0047466889875623
1.0214667326809563
1.0328026627213855
1.0394900221592618
1.0434431184234925
1.0471664655252584
1.0529757155891462
1.062259953797989
1.0750131405310386
1.0897876161746936
1.1040966836118709
1.1151533954068762