2.341473434562501
2.3155478942416843
2.242981930766221
2.137908983595093
2.0194012975252815
1.9063427359066367
1.8128302260035207
1.7454948808584116
1.703371510192275
1.6800150957379485
1.666820029665766
1.6562226795661221
1.6437132752212789
1.6282148350734216
1.6111063656364657
1.594671858012002
1.5808529661776853
1.570872020465103
1.5657411311970098
1.567170388927835
1.5781471316584963
1.6026096592162637
1.6440899747499855
1.7037477241207741
1.778603439567028
1.860819031175576
1.9385416101249946
1.998248157318204
2.0279472076099188
2.0202450166109815
1.9743037900250013
1.8960960732258711
1.7969329200411885
1.6907895580936194
1.5912661536278845
1.5090335570712907
1.4503166470550184
1.4165843132178766
1.4052372100186852
1.4108953032513425
1.4268875782020662
1.4466747991846112
1.4650788667371195
1.479259198305053
1.4893349342017372
1.498482864677726
1.512312598860696
1.5374471231085065
1.5794962105838086
1.6409231066464613
1.7195136716946222
1.8081200045402277
1.8960165042483332
1.9716499718377687
2.0259970145924813
2.055391729890978
2.06274402116388
2.0565656003140287
2.0479988969729455
2.0468214896695702
2.057853891873398
2.079130523435895
2.102582574473146
2.1170459568381697
2.112503111692127
2.0839574020050615
2.0334406536606777
1.9693548986872413
1.9033818846439934
1.846152408872455
1.8033693161533781
1.7739060320059683
1.7506156415790743
1.7235043170430504
1.6839679965155903
1.6283693361262341
1.5595113491333383
1.4854375413147256
1.4160947653214482
1.3592787170644691
1.3175641400075533
1.2874931184790523
1.2613232692271268
1.2305443021099043
1.1896206429231904
1.13833663639353
1.0817469667393742
1.0277969220358727
0.9837093586125663
0.9527760604078501
0.9329973821620273
0.918163869284333
0.9008508828797539
0.8759144788279658
0.8428472059200334
0.805892627593915
0.7718836060875367
0.7468620085992892
0.7331303159897913
0.7281807630097663
0.7260280193156996
0.7202764089290258
0.7073733911190708
0.6883902661488732
0.6684071190886602
0.6538079358820621
0.6488901030468599
0.6535785406832731
0.6634793955722589
0.6722741075238157
0.6751831002812161
0.6716114309368113
0.6654930862192528
0.6630950647021769
0.6694662477048579
0.6855217418136551
0.7074524725399925
0.7288619610768934
0.7444570115563439
0.7531642386041664
0.7588058019427267
0.7678535295240481
0.785519094546707
0.8124964874899719
0.8443689526562738
0.8741369712996102
0.8964096162946927
0.9107023860312083
0.9217374859439165
0.9364494326110706
0.9594853186162982
0.990031373749112
1.022061871846711
1.0479706428273348
1.063330618309877
1.0696910632071495
1.0734982676543565
1.0817374471808772
1.0971210480758324
1.116064036313741
1.130909402991516
1.1350052087641753
1.127215717071114
1.1127256211228076
1.0994882770186585
1.0927203046743614
1.0913064769558276
1.0887254337048728
1.0779198463183288
1.0566500432017776
1.029420440787863