1.0744161718618133
1.11051644318156
1.2221872571574066
1.4115068219767177
1.6624259436416102
1.9309492081385413
2.1537229100596686
2.2725497507236785
2.260118242389358
2.131107947943049
1.933150771450118
1.7253301461375585
1.5579398723976507
1.4626978369463939
1.452813265072611
1.525976908089889
1.66499348058494
1.8373505974817326
1.9993406518872938
2.107922211850753
2.136463170163431
2.085412878387238
1.980758585048313
1.8607488658212947
1.7587924815921847
1.692006245318505
1.6599636244728466
1.6513045473383543
1.652304862143953
1.652965497255197
1.6498849592232472
1.6471649146281977
1.6556378642901497
1.6890587588280763
1.7566468772028656
1.8547368757442046
1.9631826111750972
2.0509447991016927
2.0896732154982907
2.067948944811806
1.997239710675043
1.90540104850512
1.8215620843166107
1.7616742652504513
1.723080053195775
1.6901956609919424
1.646580544228953
1.5857780434552144
1.51540152421342
1.4535197801357274
1.4201446995222633
1.4280134752155356
1.4764637971036618
1.5510644087949943
1.6298583799076012
1.6941831946386339
1.7387815826018798
1.7747356684834399
1.8219148520965542
1.8944150410898026
1.9884365639899315
2.081937999226532
2.1478341792851077
2.1722498774555272
2.1644043390867993
2.14991242955391
2.151616978818503
2.1721655160933486
2.1919643545982432
2.1845560286392143
2.1376614954428
2.063267398729158
1.9885958687885095
1.9350921793214266
1.902325165813066
1.869748336591862
1.8146663875828684
1.7314672029275011
1.6362858243416838
1.5535479170206992
1.4960022075234447
1.4551067250121832
1.4095800380821075
1.3443544153519684
1.2634581931930853
1.185948404943636
1.128939190490004
1.0929261257348855
1.0622364475816541
1.0197542744492374
0.962357012270265
0.9031521202101097
0.8588562824342727
0.8342749360613864
0.818299599215158
0.7948864395692273
0.7583627973280531
0.7184426547332489
0.6903294880485401
0.679719560638969
0.6774267544821614
0.6688277479995173
0.6485986858231966
0.6258953365872701
0.61474459538851
0.6194957433645548
0.6303707670743998
0.6338192745428024
0.6268902347711814
0.6203761769970684
0.6271879319483984
0.6482872864992698
0.6714897082353029
0.684749225648229
0.6895413384085768
0.6993642397894917
0.7245939969884595
0.7604577042779298
0.7919927679590995
0.8108799038158209
0.8250524867262292
0.8495779554207621
0.8887994164712818
0.9305187597419743
0.9596250239610442
0.9756246721534424
0.9931173940267248
1.0239841540722363
1.0623022422303587
1.0905844492812153
1.1004310470894765
1.1025124988251083
1.1131148973189078
1.133418969201571
1.147456180434703
1.1418544477950763
1.1227275921391848
1.1079772467098323
1.1044876354520463
1.0996339428904043
1.0784591346999828
1.044197116209878
1.0148779353251638
1.0002805297875146
0.9901317862548901
0.969665500157158
0.9413389859182854
0.9226028366687068
0.9225363669418696
0.9299787093425894
0.930081589643422