1.0069111790703071
1.190995582044344
1.7062576465740622
2.330377954665375
2.668861503003044
2.5251130563182813
2.109965142120214
1.7786490600562923
1.725686989250623
1.9424305624513967
2.2604188726953107
2.432970399424522
2.3390444285868632
2.097605691612424
1.9139073321220639
1.8858742253288638
1.9827484244702385
2.107947853287189
2.171079287975953
2.1686409078601363
2.1678474137063457
2.1832064196010403
2.146896860319678
2.0254866641964204
1.8886849870773859
1.8462270890265557
1.9518426409208463
2.1452654241007267
2.2799851134234896
2.260077565723427
2.140814523489347
2.0409215389038895
1.9939397916493076
1.9493735002579273
1.8819892087455676
1.8414908650091046
1.8992065522426573
2.053877776359098
2.199796462058193
2.231126266514291
2.1679922775845135
2.10853706695995
2.074243329471797
1.9985719782880178
1.862617935276657
1.7483572925979793
1.7387378419785595
1.8184474055258437
1.9019572760515016
1.949411683850275
2.0127717913234324
2.1294098489128706
2.225553898266096
2.213577945460187
2.1319442022577193
2.0736164497655185
2.0276673951696464
1.9201910998922638
1.7683273331461815
1.6653617110767074
1.6362093770840114
1.6179961182382538
1.5833889140303332
1.590931154565699
1.6804995114145096
1.7933174647089472
1.865813491708813
1.9389762708539884
2.0687332511027425
2.196612884063759
2.2488960163117753
2.278878909337791
2.3503521273896215
2.395692001921854
2.3560420161687876
2.3084545661870486
2.3004914694208702
2.2513697889062314
2.1368617095086044
2.0464334041954633
1.9882202791857324
1.8813193057044257
1.74566621581313
1.6570603490562061
1.5791118436128
1.4565323410817406
1.3444074216541564
1.2779532243390317
1.1958311593445272
1.089556230416183
1.0199878165176033
0.9713536046885195
0.8942549639442243
0.8244996008790855
0.7917318314381597
0.7487335445805838
0.6901471893813208
0.6623273664534186
0.646063733870742
0.6074742161920371
0.5829977677257707
0.5839039358651101
0.5683825493929525
0.5505714851136732
0.562151297021153
0.5689211188544238
0.5619626856423421
0.5811566013828116
0.6078986597414631
0.6149374187663367
0.6404400560658462
0.6839561856709043
0.7061867106229827
0.7365439040106883
0.792026541308002
0.8276456865879767
0.8595978834749782
0.9195187321517262
0.9625553105552549
0.9898666090443635
1.0436103079142938
1.0837315939632597
1.0973774634199882
1.1328582718068938
1.1577297028679447
1.148789938917509
1.1570271529776186
1.1580744843641646
1.1237221730102382
1.1056407758023687
1.0854142881837041
1.0352273623840915
1.0063819830674539
0.9817016268297978
0.9376130874323486
0.9235792619049877
0.9171410761642713
0.9009011048166962
0.9197751034958335
0.9402657114021552
0.9530990899943338
0.9956961772241765
1.0229079364865727
1.0384190878073098
1.0705499940599237
1.0699412329488396
1.0599348780423046
1.0578778452504523
1.02229894415175
0.9963972038242316
0.9797207791952657