1.7324526316637319
1.8570460358119265
2.2569563742041177
2.620749320241715
2.520157222498173
2.1623922925653485
1.9885038603643252
2.144062076461531
2.470890709273023
2.5728886652618845
2.3067516389036
2.009771797873211
2.012597625723329
2.3003231852232453
2.5379135031528164
2.444508404254487
2.1776901444424785
2.0542163673607403
2.139203558040816
2.276769632031889
2.321829230040447
2.3204390120344027
2.342033977635708
2.2855902065596028
2.117471199555981
2.012294443403062
2.119755336974699
2.3420860901351315
2.4223463868068325
2.310441959731206
2.1970085670173845
2.147768163229287
2.0800233405092787
2.0195151486372787
2.0933211327977794
2.286802064345102
2.3861088566458206
2.3067979047466207
2.2102399862634248
2.1543684156882175
2.045370003591152
1.931139269692974
1.9633277573416605
2.118737379862256
2.2204460686584184
2.2476168377916492
2.306134910937584
2.313630007355972
2.1668913954010818
2.009061594685192
1.947560869454448
1.8919681318484656
1.834799676770841
1.8961324108756996
2.043826211948853
2.1291606036407633
2.189847410362332
2.2969400728114997
2.312380004760523
2.2108398593655867
2.1392127710260955
2.0507854597403212
1.878569805177423
1.7570123302858875
1.7130479309537006
1.648372805114201
1.6246629509428683
1.708592903180067
1.79132759361053
1.8624650460053085
2.0156337756179488
2.1526308481470666
2.2226182967421093
2.3425959452663156
2.4301900678165778
2.4245677089739788
2.4579642614473673
2.4545486304385413
2.3634117202471274
2.318459858254303
2.238597658140734
2.0951589460655757
2.0087795828960884
1.8880589149378482
1.7340126495757247
1.6404668100345556
1.5101624975480905
1.3758426955806082
1.2938773077228334
1.173408590058212
1.073631267676275
1.0076740055737
0.9073830590816789
0.8445832896702489
0.7914251293641269
0.7174219523288999
0.6858497303872808
0.6416549629848903
0.5983014887907879
0.5875517448631422
0.5531166466261205
0.5419973660255876
0.5410139777308232
0.5237167234945951
0.5404747320741973
0.5432376042489214
0.5534940743055389
0.5864898327723959
0.5973526314371469
0.6390459491771275
0.6746097234415365
0.7064380447878366
0.7673140615540552
0.8007157870661666
0.8598945370409615
0.9145509746699436
0.953800924668015
1.0212304265067107
1.0514298138706497
1.0994065373726138
1.1353217327452898
1.1455774620860637
1.1762213700998543
1.1604834014203629
1.1597774174887323
1.1375069321763867
1.097567696667105
1.0741813077154854
1.016062738865064
0.9890962472855217
0.9443041114275855
0.9189608333598583
0.9086709394909778
0.8976150660408206
0.9242975031386584
0.9349998483366686
0.981850566203003
1.0078918690849688
1.0452473044220947
1.068632248084035
1.0709725239815466
1.0745424414959077
1.0397738682718842
1.0233607016094468
0.9771031322673418
0.9616823127907369
0.9390132359823913
0.9470104628840561
0.9630497709950552
0.9903181014173098
1.02479321237965