4.629206908285241
2.7548686593282627
3.3430751911569856
2.9555945260156964
3.2085032747449587
3.0517067076299846
3.1175804093339807
3.1236583121901345
3.0508268184439373
3.159748916200837
3.033920238839009
3.127967909099369
3.0915459146947004
3.0248254294142054
3.190856077948234
2.9267758643346777
3.217744916978352
2.9585351059311895
3.0826050934863773
3.1219480284315924
2.904873872087794
3.1913438880057887
2.9364296059654516
3.015513282315126
3.1163394208956547
2.8809524513405127
3.067352501929799
3.0199950914881093
2.8877875980419523
3.0394721059743754
2.976501809333121
2.8785005084868898
2.9813813807325493
2.97088671986328
2.849290228605824
2.9062781981285077
2.9773022505737714
2.832828784087497
2.80634256533959
2.9591650175598474
2.866165344615764
2.7082426576046594
2.855928269637398
2.9292769281793256
2.709626104000913
2.669715277555184
2.8726246621131297
2.8415835429805716
2.6123075773208404
2.623885584227789
2.813509672042195
2.7887523451932634
2.5779523831226863
2.5234093554461716
2.673588356710844
2.7551606785221163
2.628274236355443
2.4583458359981814
2.4492772680424935
2.5836988153419647
2.672081692299047
2.5870054885177813
2.3994405138387997
2.291825224232792
2.3624394269543934
2.527480763901134
2.609064193839388
2.5074951242274217
2.2881662902848867
2.1152467364264353
2.1104648397650876
2.2639188892598594
2.4557347566233263
2.549970488941107
2.480748145648783
2.2782716008098265
2.0359077715050686
1.853620650083374
1.7937188757676599
1.865384006553087
2.034431010482759
2.245092389330955
2.44131058970338
2.580707697856736
2.640036428437078
2.614180266496512
2.5116670596707587
2.3491727662567268
2.1465648474098975
1.9232007932621862
1.695629378320242
1.4765237307729622
1.2745374948444734
1.0947510215662368
0.93941573914584
0.8087766877247403
0.7018312106728142
0.6169500793269566
0.552337849000772
0.5063403769125878
0.4776217943029293
0.4652354166060586
0.46860797948489696
0.4874484781173536
0.5215852523994929
0.5707307634228377
0.6341755220114199
0.7104235415014728
0.7968036186922197
0.8891239776864281
0.9814785805425794
1.0663511485038268
1.135178035798166
1.1794953672224877
1.1926788342559909
1.1720686453355025
1.1209767999050104
1.0497823707596605
0.9751923359333702
0.9169879697286393
0.8923504432815457
0.9091188582668822
0.960665616888201
1.0256656955605898
1.0749514864191316
1.0844701550315081
1.0490027359465042
0.9883112339399539
0.93899404204587
0.9330310839469519
0.9747373763660695
1.0337043493698443
1.064158705001117
1.0411489222393175
0.9848779335828595
0.9469026480738606
0.9631303595945044
1.015755496029451
1.0479543818891308
1.0248016306592391
0.9756745077796558
0.9617013744228557
0.9987118106818993
1.0340965667789472
1.0182073366410438
0.9772975812305479
0.9756939410102119
1.0141756653841054
1.026452923415052
0.9915623258935302
0.9737475748987034