5.033156496102014
3.742057085966636
3.9038966402772797
4.113358157582625
3.9804052497900257
3.9856553027667148
4.000346813323222
3.851747302109367
4.00139628081114
4.153778782019163
3.8583459825505284
3.8539211471771613
4.019327635528348
3.893883689242279
4.034073316432123
3.9897514427131857
3.7930346520948985
3.949027413644538
3.8084606744733267
3.912614527040989
3.9642928408880516
3.843029457257208
3.9820908902547383
3.756044982870626
3.893233377239396
3.7206056340814344
3.812964123593961
3.7361459608396865
3.7709596852155065
3.7582905370694264
3.748514677658015
3.7567321123390136
3.7320228738405476
3.7243656126169915
3.721958901582239
3.664273553796006
3.721621747916626
3.585318103836479
3.721983262576138
3.510879590780145
3.689232606665566
3.4828824754416634
3.5787807364821838
3.5237042386435355
3.4074305945932153
3.5553060884038863
3.317444369272426
3.4324478557406746
3.4090641121648635
3.2381268385604476
3.4391509968598397
3.3008486808784143
3.214722408252695
3.401390599020537
3.201432693061746
3.102102253490451
3.2857144427571674
3.13384146706113
2.984887221302089
3.190451257074697
3.173455597254916
2.8943784986072916
2.9269529935375713
3.1184054344094068
2.9860218400271816
2.7487139470068254
2.8250361120177017
3.0052813732151966
2.902690823474005
2.6321077206210006
2.5779225432436994
2.7775466677261282
2.9066645867143137
2.7372888349320923
2.4229722045193833
2.307666208131412
2.4913865935437176
2.7351624771274685
2.7782090532460018
2.594566530343078
2.2740982190632018
1.995816241180626
1.9453075896990206
2.113703077319389
2.3808744745540644
2.675851951722658
2.86207129553419
2.878441347228408
2.779575066264044
2.5308578378812454
2.234896200148516
1.911381946584461
1.5859607992852807
1.3127753142086334
1.0575144609459284
0.8685479399893721
0.7045765529005097
0.5913266051057958
0.5039475730842099
0.45044926836133165
0.42185190545884715
0.41780065304621283
0.43866594847491797
0.4808432237130688
0.5485043951532103
0.635124905042002
0.743286092381145
0.8613069842495479
0.9837350698957749
1.0936259395174297
1.1739711646160975
1.213410792305431
1.192081355954685
1.1299578353805184
1.023488903096986
0.9365409081735523
0.876704597995898
0.8967538118805456
0.9677303841157676
1.0519802359572008
1.101094446957146
1.0610706616205985
0.9869015645601067
0.9281312410077313
0.9436246837595067
1.024890292999631
1.065107020767108
1.0269484967499014
0.9625968230930694
0.9507368765500944
1.0145102043835548
1.0544711198466534
0.9996884597973072
0.9517328485081281
0.9977833221047606
1.043867970533694
0.999449451587814
0.9613999392945864
1.0106119806834126
1.0331628110719764
0.9772299234574752
0.9799884501796007
1.033551420777946
0.999411007796405
0.9705189517210737
1.0216799652416264
1.0064487542376208
0.9781933267733209
1.0215787805821226
0.994662854618692
0.9815449540592507