7.000092341270596
5.574322481795458
5.487863424901421
5.447152653649582
5.407550564366555
5.3530323268688065
5.277494708342342
5.185135498140696
5.091530285676634
5.019531405865016
4.987644666618762
4.995436404338962
5.018801298655754
5.027370942230265
5.0166702878578056
5.018922832310944
5.060133312218731
5.098533838478279
5.047319422871022
4.908517430885607
4.835445587888159
4.937547884851819
5.055896839297449
4.963886349288253
4.7814353885036835
4.804031487536364
4.936866470539337
4.87772927699314
4.734021507987839
4.752510956970748
4.815523607657723
4.753201786071676
4.6494575226218124
4.68715730733704
4.728939946901608
4.556525054475884
4.600638407557843
4.658359224473872
4.428758576974731
4.593900437114302
4.475098484881611
4.389305565283935
4.524301276025819
4.271021008332655
4.4516465444575815
4.2483991872768705
4.319116513739845
4.241349855354943
4.191540437655889
4.212077047269404
4.083909031741395
4.158885083094681
3.995340755787412
4.077321631686286
3.940096632505491
3.9446504245793323
3.9398584210836987
3.7589363521759664
3.952821828872655
3.6213250413506057
3.8319295062668526
3.666403008569004
3.548525001505684
3.740143839538051
3.4257125835540507
3.5021922239068215
3.57644582136032
3.253609999649657
3.375670477285429
3.462216524815848
3.114316266564618
3.123258216331844
3.368913597164504
3.1413737311355803
2.8180738057172574
2.9807916860464134
3.2237545067653084
3.006162980270947
2.6037713342795636
2.5661598979428306
2.8754503913106904
3.059955850782939
2.841624330811824
2.400967334027765
2.1082982271672583
2.1654872453829865
2.498068932321325
2.8803803314546617
3.1086546181559553
3.0929387296695285
2.853885780550679
2.472062695446057
2.0369761898922163
1.6174142384746895
1.2532164749027794
0.9597756675057781
0.7368076149739503
0.5764129767476008
0.4686509215548109
0.4046652968954944
0.3780493144972405
0.3851219000159825
0.42452030386531664
0.49620867316273637
0.5997786384495332
0.7318942873046124
0.8830799727558126
1.034906126044715
1.1598315528977214
1.2266560433751161
1.21313278846181
1.1224934872837864
0.9937655947649391
0.8925228885605783
0.8767533697977478
0.95312014866237
1.0589216376331234
1.1008976341246817
1.0391125596538915
0.9424033738090077
0.9290847180741796
1.0167857028897531
1.0737539344347244
1.0069984684055746
0.9362457177376047
0.9950161044960335
1.059045500097093
0.9923533750522451
0.953220551951463
1.0292313773676427
1.0248082321668754
0.9603315155326814
1.0097779143272922
1.0265737877163432
0.9672109615227698
1.0121733237702577
1.015875717337384
0.9696039332489121
1.0283557710068203
0.9865185425628255
0.9965567509229087
1.017886146629487
0.9745366685698653
1.028391890628607
0.9732292743605016
1.0240430394024225
0.9797788444260535
1.0173945674986027
0.9851596262452547
1.0136125361660842
0.9871321387852373