2.268222071437329
2.346295087187956
2.6103891598400817
2.436900938151043
2.2990169562903953
2.5017065565987395
2.57749713205509
2.28938074480256
2.3310420912096634
2.639114533611639
2.4511742556000025
2.1990315157344313
2.4772947769366653
2.614973837916518
2.314495258233748
2.2958681616479644
2.4874656184531254
2.4661137529770714
2.4219470916006083
2.3341834025462855
2.2988885748614116
2.511603283444605
2.5026452435707554
2.2524681990676405
2.3023964374150463
2.425976440085867
2.4398260276987047
2.438345170414213
2.2485687138618884
2.236690448891475
2.441828957945169
2.429243030970676
2.3771901405520146
2.2581372164904625
2.1773651370735023
2.362214029821561
2.4176582407144083
2.381080850994632
2.286469701795138
2.1268275132688945
2.2233818376964445
2.3157200575253896
2.387181759335489
2.375267662983464
2.182859512551159
2.133381695253772
2.099511205537587
2.2229604670989294
2.3438552434868005
2.332397522607547
2.2908202338954147
2.0981361341583784
2.0439818335985374
2.0085291294531578
2.119002675996776
2.239173457788545
2.2983254256421413
2.3050440707097866
2.161708913516295
2.0577924340622764
1.9000390958091284
1.9003461685881757
1.9115121230948386
2.0538349151210777
2.1509360291152135
2.2618016896069366
2.263271525840359
2.2174047517846156
2.086537280544436
1.9412322309605665
1.7951535075189646
1.6922153530786974
1.6526737063360717
1.6725647058495445
1.761122727176603
1.879151240357325
2.02753958453325
2.164058306979915
2.282417222001756
2.3685360084796456
2.3996746402356997
2.4080865953134274
2.342191091824074
2.2817280846885404
2.1433392337448804
2.038634693622792
1.8659977336515599
1.7405959141519771
1.5694390601886168
1.43905295695468
1.2937220413212256
1.1676717158469923
1.0582786812486222
0.943965097865721
0.8678674897730617
0.7736685213634472
0.7204046864195612
0.6546207372818504
0.6133538391322059
0.579831127337244
0.5467853546588108
0.5409310837171467
0.52235441632381
0.5326378135646711
0.5394363395147406
0.556252130769846
0.5923348403491908
0.61781366160235
0.6727411629669605
0.7189003010159362
0.7757713945556405
0.8467306361222616
0.8995333380338297
0.9759411654066197
1.0315291808774087
1.0828760311834005
1.1368228998846408
1.1525637491471217
1.1746454410031115
1.1673534956626754
1.1355653897067919
1.1087857789657847
1.0496978102530674
0.997914659647243
0.9574436385938877
0.911603654940658
0.9015447609889589
0.9114107694095644
0.929106570183602
0.9788329579702235
1.0248599960430267
1.0530259393928656
1.0803484872705078
1.0720510224411142
1.035726507935345
1.0038100199948856
0.9636817341330934
0.9359513970460869
0.9489025051556343
0.9774876119157159
1.008269386110467
1.0454531311294526
1.0554377697684265
1.027163649659602
0.9951894711811448
0.9694960589120764
0.9542937583494818
0.9727161582672327
1.0148431776589997
1.0377330580528656
1.0310071122671967