3.973511498628319
5.0530873445161895
5.347341022146054
5.653116827324821
5.822712465580046
5.771702588594631
5.6085404299624955
5.540486054412817
5.610097208700803
5.631641295038248
5.507075302867565
5.427326896438561
5.5082698947065465
5.530154935944304
5.426373828590425
5.454862262692483
5.540176016197773
5.4654411413699995
5.477105846609604
5.541825341043806
5.426058139315553
5.4099394360648
5.3506968971353235
5.211167341649552
5.255494502862839
5.212537508969535
5.316822394614484
5.318298629059175
5.238382911090638
5.1354309092220625
5.0555345307368205
5.161036914285404
5.16989445521036
5.089840080916837
4.936956256410596
5.006428250834311
5.071806080313264
4.902135317119619
4.850343943779991
4.9224693364831715
4.885183643505411
4.6997570311552845
4.827106261299319
4.7647106396849495
4.585275475165858
4.753400385572583
4.568263595805713
4.548796221869868
4.5904295168051545
4.408985187083121
4.545525199787735
4.281129841839796
4.465247490548948
4.243880770775924
4.32331736477343
4.144713757198152
4.2484957709304165
4.065686664179367
4.172698696797639
3.901717557968592
4.101432110437596
3.7910822702302154
4.0146039390413835
3.772021344505849
3.7645095122585044
3.8322972680373906
3.4960976523748983
3.7284335409162375
3.56623603706808
3.343640579658248
3.6184584324628766
3.405894075058218
3.149238418641746
3.424718839034098
3.3748639868424615
2.9649522490787485
3.0179910292598127
3.307643019041985
3.1219648743413497
2.6845912709059863
2.6490430967740095
2.986627737500196
3.1337917324437727
2.825389828618009
2.3490077295069964
2.1317190078351436
2.320392358056969
2.7365398887403307
3.093708904672067
3.207283940716352
3.0500021284276206
2.6898738025825173
2.2228863591560053
1.745190424235602
1.3303630526685737
1.0037579253837818
0.7535055782276588
0.5701063247500022
0.4535121002380065
0.3900214997549978
0.36185464218109364
0.3725711815438109
0.42564276253038985
0.5082703625840417
0.6242497303964291
0.7771760568710622
0.9363092382110826
1.0850881021974383
1.2017334822690817
1.2307792983056753
1.1750926938814352
1.0551239622367803
0.918499244254646
0.8688246097558748
0.9206847868174363
1.0433157659542858
1.1071432401066268
1.0484501849138084
0.9424364835574415
0.928028147757741
1.0270201616924495
1.070243329849856
0.9893563300993601
0.9399107516907101
1.0190247871736655
1.0512552308888823
0.9615920189252122
0.980567923196349
1.0450984520535413
0.984659976968742
0.9760106659304557
1.038095753641153
0.9796914681827564
0.9936779049305978
1.026176817690184
0.9690499835180512
1.0264155336233283
0.9853311919453801
1.0003957292899173
1.0139542945786064
0.9793113047344267
1.0210942947818749
0.9788654100852539
1.0250958181004353
0.9754930502735624
1.019858953034168
0.9806589483452924
1.0200801771402166
0.9879223733781703
1.0061253310411966
0.9982834107304597