6.362900756344022
6.597573398371333
6.677378108792531
6.4078440901858364
6.756076034621691
6.542558757439987
6.423051595436267
6.718114813104372
6.539339986289535
6.496814189009366
6.432859344689096
6.6431303912799375
6.545720920654286
6.4346997777815265
6.399063658500104
6.379351863665535
6.550516425955096
6.459985613900987
6.453849581958794
6.387004704392223
6.234743906533244
6.25556828171813
6.235542263250079
6.162027263900091
6.198136848762618
6.223168205994887
6.154928921978204
6.10756194526479
6.116426940578391
6.0959026044201865
6.014050377717223
5.924396101037539
5.87200017768672
5.8528062756168
5.846911814179023
5.847931357260524
5.8541306246266505
5.846167577481741
5.788441994287773
5.668144622499502
5.539646895714082
5.499273966499604
5.562866049726624
5.589877414055157
5.4546951934985834
5.296939807931297
5.332502611843724
5.391420463255083
5.208194598939056
5.082088495846326
5.2023201018659
5.082804723711587
4.9098548508700715
5.066316491254644
4.8983465105563475
4.804382290365501
4.910695714582118
4.599493500523412
4.753000518095603
4.541349787903598
4.58435242500476
4.4918410202454755
4.386989697258637
4.369544826131652
4.279035679319617
4.225335441002842
4.180107845451652
4.002465597442858
4.1694373669951394
3.764699164929886
4.049075917212799
3.738930724238594
3.6670498152765667
3.8753210855489795
3.409733458561791
3.5266514282555947
3.6823125537757697
3.1953170937621804
3.191853844614127
3.5082503830467604
3.2469555309355145
2.766517003960527
2.9206931519698918
3.2880735225573803
3.1842091043035197
2.6230166006974147
2.2345915215965486
2.3805730623837893
2.848209129904095
3.27968022708957
3.3660686388504577
3.090957637304498
2.6087189993204594
2.0449201132412855
1.5167876978264592
1.0983463685218011
0.7898435053314937
0.5714669479859819
0.43216540077708154
0.35968777048152434
0.33952585225046844
0.36223771406922317
0.4256585112333355
0.5320210527147817
0.681054415791563
0.860842131184562
1.0425781079276841
1.183738034646146
1.2400695385703735
1.1870842273695899
1.0477946481738962
0.9051915176269215
0.8638984351536049
0.9581361600060334
1.087470955034381
1.0983152523053974
0.9812544187388141
0.9172488846174066
1.0087679855487848
1.079186192314624
0.9899771560450406
0.9430568592483743
1.0409297546144751
1.028611043062527
0.945841810705045
1.0226532398467105
1.0177385625232116
0.9557332919796288
1.039267364470734
0.9860707004612584
0.9961463207931758
1.022660222185717
0.9668603713944285
1.0321435709989537
0.9702836244877554
1.0317875952194409
0.9705729595030432
1.025510340568814
0.9755782828247299
1.0270081303435998
0.9738210484520675
1.0201890098208255
0.991045170042969
0.9964125238970627
1.0150390340605062
0.9801665777464282
1.0145297543960499
1.0011200182049111
0.9834516259888431
1.0179173560700847
0.9993188219950105