11.39122383845053
11.879777143468846
11.871361923053858
11.997411691551374
11.623680809550944
11.994191478580516
11.848870868358755
11.836498246004615
11.58668784359976
11.816422870925333
11.820596852789015
11.744840192819868
11.784044193206656
11.63252150157514
11.48629846323662
11.493205099983284
11.489458526933335
11.401479465874067
11.309430825928512
11.2749464921107
11.28930181158616
11.313740240175534
11.303726313884006
11.21887651756381
11.064179661513498
10.935299234650246
10.934286560392758
10.960097506510447
10.800283546545243
10.61001579518218
10.642106542977684
10.527360376496667
10.322984591102577
10.431232525214263
10.230980306728995
10.19452753945304
10.042522022690648
9.959417292309114
9.900111587364998
9.77497725626809
9.610495574428615
9.668183129142026
9.34030658055946
9.416114597481403
9.264731219131646
9.03225959593782
9.036568443772946
8.992105542384733
8.719529139983162
8.573844429325113
8.51529871441383
8.521170445244598
8.390241461352714
8.18508556569776
8.014989179239812
7.834529058883581
7.660263353929798
7.5282951290410285
7.411534882427829
7.280924289858368
7.147208153505537
7.038843489823034
6.972463259741662
6.930797966712937
6.847061066412791
6.639319524151011
6.336914823615372
6.155930234825146
6.213939359913129
6.1563704889260205
5.753379924097516
5.639041534318888
5.768970111740259
5.318686547620657
5.319471684163699
5.277016507852408
4.831294946026564
5.090147176005077
4.501565168502221
4.842755625865502
4.197518435044247
4.502790982246795
4.1054198778801085
3.855419740047676
4.2499657974286285
3.4390307952604524
3.466374890094082
3.961824235144086
3.3331709819858775
2.575519714768114
2.9153319081596183
3.6962563752789457
3.9191373446891915
3.396793597841044
2.494780744525041
1.633310859154631
1.002904336641035
0.6044282778568364
0.3818016448195631
0.28275473087452535
0.27297162599880975
0.3376622530557439
0.47482844464260726
0.6812104360332855
0.9321798237433885
1.16150124264397
1.2655614918590097
1.1708753705264656
0.9523194690796075
0.8467738117818999
0.9864741831118112
1.123197009596545
0.9979070707465905
0.9128317404094735
1.0676734650855826
1.0156091268942773
0.9415374042862386
1.065479175488141
0.9477718970507772
1.036615984671886
0.9800494498508566
1.0164735914978464
0.9796991085025246
1.0303981292188134
0.9625590402481047
1.0391085920720915
0.9747507258503528
0.9977517941045968
1.0298275373526637
0.972826276425654
0.9929520551640832
1.0256601060255446
1.0075499516032993
0.9758162847160712
0.9839951250490083
1.0099066293245584
1.019772728962408
1.019218534722153
1.0092306483857278
0.996601803820917
0.9912462502664267
0.9908728935122656
0.9903361209658895
0.9902985443287944
0.9935550906956502
1.0007472875853216
1.0096897363127035
1.0155947748108574
1.0126261413525766
0.9999290395949044
0.9887796446304911