2.476203823479571
2.4748252092073177
2.470699120436946
2.4638547298674265
2.4543403613820227
2.4422230471002058
2.4275879131703184
2.4105374001554356
2.3911903254415
2.369680796602853
2.3461569860819944
2.3207797788638924
2.29372130603865
2.2651633782377973
2.2352958338895346
2.2043148180574796
2.172421008298493
2.139817804492115
2.1067094999518847
2.0732994513246443
2.039788264815634
2.0063720161447636
1.9732405213440547
1.940575675050373
1.9085497555818522
1.8773244253791677
1.8470486259850432
1.817857843651479
1.7898728788844454
1.7631988949696593
1.7379246254809833
1.7141216662804433
1.6918443858514238
1.6711290053092558
1.651994321623046
1.6344405268092204
1.6184512694891897
1.603992481571854
1.5910140396627026
1.579449949996336
1.5692196030246501
1.560228816603788
1.5523710224944272
1.5455289073514924
1.5395755277830934
1.5343761564876537
1.5297899016838363
1.525671453112275
1.52187287514725
1.518245427618146
1.5146413943321164
1.51091589886944
1.506928687002873
1.5025458311396758
1.4976414813740841
1.4920992772148303
1.485813892702967
1.4786923244654124
1.4706550552683122
1.4616370657507747
1.4515885953428598
1.4404758562329285
1.4282813949595945
1.4150043193427615
1.4006602926596456
1.3852813075299173
1.3689152390277868
1.3516251793982001
1.3334885597005988
1.3145960626133089
1.2950503604941754
1.2749646412133013
1.2544610004660177
1.233668680842117
1.212722193498457
1.1917593316186827
1.170919194242604
1.1503399963809162
1.1301571392828142
1.1105009024396975
1.0914947546122635
1.0732532666992467
1.0558803048945482
1.0394674552792666
1.0240925246832573
1.0098184097232592
0.9966919340280258
0.984743202690011
0.9739851092100549
0.9644131576926522
0.9560055859464772
0.9487237940798384
0.9425130778279717
0.9373036602574978
0.9330119880286593
0.9295424046151187
0.9267888517495223
0.9246370025609754
0.9229664687001605
0.9216531712975874
0.9205718111437345
0.9195983913619328
0.9186127431449556
0.9175010033339562
0.9161579918254292
0.91448943707376
0.9124139993694498
0.9098650441497952
0.9067921213479407
0.9031621116891241
0.898960006851824
0.8941892992423468
0.8888719513514964
0.8830479683638267
0.8767745255597924
0.8701247001540402
0.8631858099582186
0.8560573917597752
0.8488488536549031
0.841676882243889
0.8346625722822768
0.8279285055511544
0.8215955883807243
0.8157801111877948
0.8105906429306697
0.8061252588214025
0.8024688622123534
0.799690891080537
0.7978433569769168
0.7969593090474129
0.7970518274639892
0.7981134400679805
0.8001161800533233
0.803012157375674
0.8067346961584738
0.8112000109040143
0.8163093872692228
0.82195181751669
0.8280070258919393
0.8343488055945292
0.8408485771801444
0.8473790686034743
0.8538180100969047
0.860051733027993
0.8659785610675942
0.8715118846203613
0.8765828156110517
0.8811423293662191
0.885162813346438
0.8886389586176354
0.8915879488291293