6.669005192424037
6.142492921046977
6.048437878071888
6.070621735299762
5.9493446246004345
5.955713842356215
6.22953072579851
6.14385487174273
5.902397422229479
5.978642130116178
5.898368386797614
5.93149518717055
6.084366032760018
5.987245554449555
6.1027582583656645
5.986972556192594
6.004711874402022
5.936581455206769
5.907513208977634
5.8780258198665285
5.84851865729258
5.8274798321549515
5.827871218313786
5.788631310379928
5.8349860875321315
5.762047998044531
5.823315556167368
5.72766310883727
5.7004820497426865
5.629509546900583
5.488305077904616
5.485518669248428
5.469663332519376
5.486699977541637
5.560373028142764
5.476644170920311
5.2969744617554735
5.256282943827934
5.345528714173355
5.352702516925362
5.1952720193665245
5.088153850944173
5.186725875304259
5.1978540972994045
4.9735338250999055
4.9457306337251765
5.0635758422274755
4.881628462285611
4.848923200840984
4.9424326673238985
4.683404584457969
4.752038003786872
4.697087050522002
4.521797050564022
4.6765232401798045
4.394984504181663
4.572010792429921
4.319263336349476
4.441341701949605
4.229433061526083
4.326558733062526
4.100144300094423
4.239592211247989
3.9378104592699943
4.160753971714685
3.8021635260232887
4.012544123994531
3.8075836535285363
3.719710230411758
3.900610755582607
3.496674408598999
3.649533946532034
3.658269011483762
3.2568520745931906
3.4666657255125384
3.552150414549882
3.0947072172987578
3.0746791920531304
3.403492635699865
3.214721144000346
2.7406037598610773
2.7539148685712944
3.1421109193515564
3.2000808186166454
2.752273890957565
2.284783614340242
2.2072693822317904
2.536936105519889
3.011999487605525
3.275435675496729
3.2245454905541595
2.8978080303718525
2.4009406676466605
1.8940700720244745
1.4185826738867964
1.0520254908450133
0.7635894712436712
0.5741139652239007
0.4419028231384788
0.37591646763848063
0.3480147917842856
0.36795453872265693
0.42380416439446816
0.5194613618060333
0.6558374857985411
0.8129008828347436
0.9916168995986213
1.1353957772029628
1.2282130296617948
1.222985210463725
1.117226437633801
0.977052664866023
0.8723685692749457
0.8870961658814969
1.0100777849899443
1.1051863757085605
1.066817521096173
0.9538198027513402
0.9254449286058182
1.0207280771456946
1.0696840826895626
0.9836012808163161
0.9450134024077028
1.0354656848000732
1.0342390722175063
0.9481197028397215
1.0058846409775688
1.0412911106396565
0.9609760505311548
1.015507762524252
1.0185973112547229
0.9620044603400116
1.0325880105527554
0.9758721905956043
1.0045324116361627
1.0070162410183918
0.9830030583093579
1.022550542623791
0.9763605058769811
1.025437442778072
0.976534477891102
1.0228443024893012
0.9795741430742104
1.0153481238271078
0.9879746431248918
1.0002592542339044
1.0048295382397172
0.9830218569682643
1.0196030214696885
0.9855914004892331
1.0064593130815396