15.84486840749945
12.442608248188344
13.243380343884107
12.761550446289732
12.896411026109728
12.940375905272063
12.86829366627128
12.831659116707307
12.696054696931085
12.934835191754367
12.867733187130826
12.598418606077104
12.601947524486523
12.684656361149413
12.61496166973609
12.483372908769331
12.415454578927099
12.410437390472628
12.411672341621614
12.38392707664899
12.325403432894772
12.252908591709655
12.18836892522095
12.143553919645251
12.097825002614375
11.996977545077897
11.819748563708922
11.654322648406412
11.598638994931825
11.583378119721502
11.53362439433499
11.467878465079552
11.25250154700021
11.12535837121213
11.217955852482259
10.951776490371403
10.857965465725401
10.850078913028423
10.616284848550302
10.591501523744677
10.42816396576351
10.348285930266359
10.162497614207004
10.158524505572018
9.877294064196649
9.916950395210216
9.638447493224781
9.606834316257078
9.52639788581178
9.208792037877476
9.133691222685735
9.150302705823597
8.962731555935127
8.69797889437375
8.542554672787793
8.484818144716575
8.430135413156917
8.329168647973406
8.186653137259428
8.024569869299631
7.860068605887349
7.703726309905104
7.563380599675403
7.438190158783663
7.299922017856682
7.09391305329769
6.807171038863334
6.54498552189807
6.445712328614189
6.4751840384184405
6.3794661104012444
5.99382905715979
5.784583835150035
5.953912532426284
5.562634942070669
5.336168262809383
5.502726860367916
4.922313561403899
5.182176312794876
4.643199454825069
4.87344719978159
4.2664600417657
4.674072237808868
3.8791770739324396
4.272270822015809
3.9751577464588834
3.3501692992305196
3.9549246916150826
3.758402145904136
2.777771314133713
2.7607504641479474
3.587975442109467
4.025146482693347
3.597611100879713
2.672724923399672
1.740384980629392
1.044059225631436
0.609578249991463
0.37537738219853983
0.27569308885783506
0.2687402822585111
0.3379272804438277
0.48319991390597905
0.7038685252377515
0.9699375079956705
1.196328507373778
1.26430772682526
1.1226032975900384
0.9032122042170561
0.8672073356243687
1.0569512200566102
1.1067111017610811
0.9248877223933989
0.9749000284849314
1.080850545611278
0.9372565670227845
1.025691749175677
1.0096210733035635
0.974429700000177
1.0324935871549092
0.9726276956600314
1.0189157609094472
0.996288091490434
0.9870184986375994
1.0314190340351048
0.9633454093807253
1.0151294664575061
1.024177645563186
0.9718953037655645
0.9891430828578364
1.0247560311444273
1.0129410006369381
0.9836607912453338
0.9755069689505159
0.9878698583362148
1.0040171763643793
1.0141743109728047
1.0177730772495532
1.0179121135320404
1.0175028064494636
1.0177996146535981
1.0176371270058446
1.013595884965603
1.0033189879462645
0.9908680785910136
0.9855118596807145
0.9917213277425554
1.0053578472237594
1.0133156153581044
0.9981015626617531
0.986322071215602