13.018099985136503
14.213828338781417
14.061258777849492
14.147185630532567
14.15098866651905
13.77480617169143
13.98819598851212
13.837604638085608
13.932280487943197
13.853126745615933
13.897512662722141
13.730406565161426
13.843505289275612
13.593618987325684
13.68081207811623
13.697007866648395
13.543291711070315
13.574802925259622
13.55151395807654
13.374204002245909
13.271856300685686
13.218436937434605
13.132361833664683
13.168020298217884
13.120540593040312
12.98966693808678
12.968672306096446
12.800214203013267
12.779509969520321
12.60957563175659
12.555618624263078
12.352245881250742
12.193688332587913
12.063187972172193
11.954151421887396
11.979433697482241
11.86701452558706
11.5734583252685
11.488915979411294
11.502572390396901
11.233427856486836
11.182784707263801
11.073188919580698
10.803478789144867
10.822490601802553
10.497717685905156
10.536434937227343
10.233211639121622
10.198828727189651
10.057138556394817
9.792084116167494
9.83601668228677
9.592911327349878
9.298034444576484
9.268258149698726
9.221773726715337
8.980038409606198
8.678581687551798
8.499170075301246
8.415104934639425
8.29825735689702
8.202128040538822
8.060268468888596
7.898774625955557
7.7317686693974705
7.525757170816294
7.295743500936034
7.041810021854381
6.789652430740475
6.687338021853447
6.685114625303576
6.611691978299759
6.2612290519325375
5.92334532425383
6.024088087734036
5.870879364450587
5.371851666574161
5.600345289364092
5.189940608686002
5.0531163563235175
5.004160614686715
4.630201157739556
4.651164372752106
4.423733215080184
4.0510174418795195
4.450092619498164
3.5318238567770943
3.7664723334585304
4.092529931418653
3.1145928421360853
2.6868009511859574
3.450152171828309
4.087952315498452
3.7991683965281116
2.871244164594372
1.8553218493630919
1.0971004920002696
0.6211620078701264
0.3706363865076599
0.26524294142295174
0.26167749280352126
0.33744826297497466
0.49836947780819135
0.7294166283006953
1.0082218516255697
1.2217363107467079
1.256634879178434
1.0709698014257738
0.8602165496205504
0.912990603782986
1.112360456390611
1.044862617710202
0.8996048268767926
1.0518837799549516
1.020045610435602
0.9463328731107427
1.0696638636880806
0.9406084184296846
1.0582862507480888
0.9495162182264043
1.0513451282161341
0.9594573225461851
1.0275896639173174
1.0064128530621195
0.9695679545699717
1.0313139524892234
1.0038404944035078
0.9673297495558867
1.0011992143772088
1.0295431311799057
1.0130246119459887
0.9880082804017112
0.9774958616316374
0.9773979792241894
0.9887340780146174
0.9954931437334841
0.9987468874997413
1.0004453709353631
0.9956073498578203
0.9914345526925659
0.98485197981096
0.9823651914937347
0.9926143169141254
1.005460301532966
1.0153890898255054
1.0034874080709835
0.9850787510537137
0.9984333423909956
1.0135639277191304
0.9925143117961923
0.9988113257605696