24.671711366776766
21.033552924908584
21.447656746626333
21.384377627866876
21.557144078548358
21.49069766066984
21.366235792187034
21.237261078404487
21.306862725912712
21.041999437667894
21.179185765810097
21.17386327577587
20.970164727441535
20.885700525443042
20.841215643164666
20.76155532287122
20.727620106629168
20.6251733610874
20.390661826569918
20.338342351188828
20.224520699302442
20.09384055323026
20.023925565058917
19.799896713914396
19.56859709481226
19.401390400809113
19.30284943277912
19.241984568750226
18.920331753450682
18.810628684792746
18.62639381289978
18.39341801793749
18.354884393024886
18.04101515533912
17.933854960750974
17.71773429760684
17.410683568610338
17.37216122935679
17.08995883211181
16.745990198777143
16.57152326284268
16.43786723863893
16.25344731016239
16.006309189882565
15.69435073549723
15.431813035011778
15.222077995042557
14.962227259290406
14.800908632302198
14.562604216213172
14.33083600892364
13.92714191731449
13.616592164570022
13.474760587488532
13.290293144748853
12.851104899805499
12.708538847066903
12.457611160664271
12.04747065804644
11.966572572359741
11.524525810710415
11.393967690305393
11.115090662489505
10.68709362131485
10.65625007919247
10.308832671113056
9.844179616275323
9.648942633995143
9.561255958162338
9.36511580313292
9.055940259340051
8.743556784301118
8.462058329643035
8.18881822884358
7.989306267704122
7.780723795187842
7.528208779610723
7.093608599682633
6.602094267082798
6.402203118973796
6.5319331916371
6.055930218372745
5.523523496521906
5.846138550748493
4.998829146401877
5.299579032710212
4.517913771991952
4.953282966073793
3.8160178208228865
4.543749863130172
3.9772069010561197
2.9118938128443808
3.7243940736849197
4.5243157575283535
3.908335765444023
2.5711071131775913
1.4078336141902852
0.6935522019096092
0.3503413527487517
0.2260719510825109
0.23378478396510596
0.3487092495370359
0.5652248175264072
0.8773359218972773
1.1754976857570485
1.282148695353595
1.0738899135880404
0.8424475344904924
0.9797127713526367
1.127544459404226
0.9189986482681695
1.0160544158063933
1.0336299601441252
0.9582943868136548
1.040997713048606
0.9746696168932117
0.9962977880747771
1.0345943798104498
0.9496499154207669
1.0154395713924547
1.0365994850610358
0.9820639941700886
0.965952194110259
0.9913941914752942
1.0165973099128591
1.0294300149540494
1.0305060057437272
1.0258226968096467
1.0275025543866436
1.0232738859713713
1.0163294626049124
0.9984885507220357
0.9821824382720417
0.9838031631137597
1.0136212963624225
1.012512090462294
0.9823231024478445
1.004937381292684
1.0092130258919954
0.9861450415892054
1.0132152920054474
0.9846814671696954
1.0121065831361822
0.9912554560441964
1.000202812516234
1.009495437952723
0.9880824796394234
0.9962183291963222
1.010051100464074
1.0052651723473787
0.9951810587629065