23.345904227154605
19.35077123390267
19.89153409043847
19.652378820997413
19.5847696382302
19.761212494801047
19.59405730198606
19.503828972393016
19.52872116267403
19.516143337266357
19.459457121640952
19.39216077007858
19.32298635476182
19.251186270085796
19.178356264904696
19.107272510557234
19.0364581065062
18.9521146845297
18.82528729628516
18.641890127628894
18.471544050789305
18.435725120188632
18.43222637963116
18.181079800523378
17.986428721414836
18.05089252867668
17.711848307605674
17.695578786053552
17.47774876056244
17.37375645750082
17.130230424342784
17.12633862671159
16.731167547737925
16.752596286347263
16.575746859256416
16.21313263818097
16.099291255534148
16.05502638325448
15.870741824560303
15.594469619719156
15.322295287471748
15.083783502071707
14.868103183170383
14.662921175835349
14.468463914071663
14.295404644860335
14.147866462221304
13.989888031725474
13.740389008062058
13.393047262839925
13.145767504953794
13.06884750974394
12.783141421187622
12.443538493982754
12.393563191927248
11.976555249571435
11.891658602156259
11.51062256787337
11.432549699507426
10.98777491012286
10.963896801611547
10.587470543225052
10.272020532998333
10.234768459451107
9.955893627966335
9.529441119603241
9.250450725778755
9.10894320385938
8.975520844090543
8.793481291678681
8.573239516300115
8.337063551914838
8.089854285920573
7.8107079087926
7.4631076521033455
7.051807852023744
6.71853831994736
6.66761213209254
6.701609192034721
6.228022448925609
5.7296468653875845
5.991606201131788
5.432627727926239
5.211569599994131
5.219386856112757
4.636475303752275
4.736228957026731
4.431098095564807
3.8078360299279415
4.539758485182195
3.52352995497746
2.896784271652878
3.873852863906737
4.432058040636077
3.693626727045768
2.408684934341503
1.33384412114179
0.6785377846780927
0.35434990178329767
0.2337336050766601
0.2393211667501767
0.3448287365140277
0.5505577449907965
0.8440277024719834
1.1445308891465904
1.2805326217279729
1.1244420147175078
0.8691018522506442
0.9198949296209278
1.1271449967905907
0.9808803325520957
0.9434868770495702
1.0852251683666179
0.9236437698007974
1.0691107183093773
0.938763108335777
1.0595274176415392
0.95304005828298
1.0195625593691335
1.0237530373228925
0.9573302156557201
1.0058249688409155
1.0382009316778116
1.0033071885411384
0.9706547842354362
0.9703956941768468
0.986151641525447
1.0003825735302037
1.007622088583233
1.0084103578177548
1.0036861677582651
0.9939469669057596
0.9821816343874904
0.9776968941518425
0.991701509930406
1.0159566262632413
1.0142221422797066
0.9849632964477602
0.9946502824984783
1.01691645185311
0.9854781174360738
1.0077579487441044
0.9975711740579348
1.0007098012422693
0.9980174726065805
1.0060194231673716
0.9893704666132244
1.011746292134585
0.9958427769194819
0.9920145729561269
1.0079873899568046