1.5804439088804465
1.5783457784709223
1.572148573120026
1.5621370368094671
1.5487636033659826
1.5326171425550468
1.5143829425370277
1.494797278563539
1.4746003575955071
1.4544915418227726
1.4350905301764718
1.41690763391934
1.4003255245134147
1.3855933781062482
1.372834612307328
1.362065352862341
1.3532244984902688
1.3462080154914116
1.340908743049173
1.3372543776751822
1.3352406322399564
1.3349562234081112
1.336596507339854
1.3404639410607295
1.3469540958081276
1.3565288762833865
1.3696770703114118
1.3868662343166793
1.4084895775831139
1.43481151737063
1.4659178291530504
1.501674141119242
1.541697315964915
1.5853429785123403
1.6317114325653927
1.6796726315699575
1.7279097853200613
1.7749792801937918
1.8193834990203284
1.8596519140878849
1.8944250430721359
1.9225352200912722
1.9430787887367864
1.955473762563253
1.95949876934442
1.955310267648389
1.9434352675320707
1.9247408105129287
1.9003808530758837
1.87172420903666
1.8402681836618753
1.8075437031747281
1.7750183683010368
1.7440045724514024
1.7155785765070866
1.690515459463914
1.6692485984971726
1.651850462033143
1.6380408602019148
1.6272202571220051
1.6185259587349243
1.6109064425568635
1.6032092766955781
1.59427527525695
1.5830321108976417
1.5685802593726574
1.5502647502746232
1.5277272566123927
1.5009345046523805
1.4701809346850785
1.4360652731909604
1.3994430373981106
1.3613586728719314
1.3229629016376228
1.2854216580238569
1.2498242441414842
1.2170984652598509
1.1879390053945513
1.1627557940740807
1.1416465327094902
1.1243953011201504
1.1104982034547086
1.099213375075245
1.0896313199699224
1.0807594671062994
1.0716135353548053
1.0613075872186166
1.0491346503003856
1.0346305163156926
1.0176147558573436
0.9982049473943893
0.9768027098510905
0.9540524610908865
0.9307768191117259
0.9078944499994849
0.8863286158999553
0.8669148389461556
0.8503173220894784
0.836962559391515
0.8269968167261359
0.8202726257291142
0.8163657542241006
0.8146214334512977
0.8142253564131177
0.8142922309283563
0.8139625984278234
0.8124974907656859
0.8093604600725041
0.8042776363033395
0.7972686728408426
0.7886445347452242
0.7789717531015236
0.7690066495377592
0.7596065648788876
0.7516281094057474
0.7458243351875581
0.7427529739485922
0.7427072715952152
0.7456782672312393
0.7513539020039965
0.7591558989612309
0.7683106499505648
0.7779459174385046
0.7872015921420702
0.7953405455086492
0.801845135814154
0.8064863195764267
0.8093554982957303
0.810853862087378
0.8116395279356786
0.8125385058406128
0.8144306854591286
0.8181258778818368
0.824246848283946
0.8331359537365004
0.8447991542320654
0.8588964732401086
0.8747815379346553
0.8915858813724792
0.9083369934382616
0.9240937545887862
0.938079721990043
0.9497943521979904
0.9590848416265976
0.9661666063925224
0.971587831155613
0.9761419556415979
0.9807401777337993
0.9862627339674107
0.9934117371897591
1.0025889299984616