12.870133456708547
15.194406900868483
15.367201443337743
15.326076145714957
15.130126891787327
14.999391294524402
15.121560199179076
15.245804458541043
15.106371431766998
15.149513537573004
15.268424178189552
14.922568749608134
14.999824451168706
14.971030884904584
14.939486722927512
14.758994371206537
14.861641354038973
14.620922457967016
14.721585684231474
14.51224864844681
14.449066759088698
14.506668113343766
14.266762838216252
14.13092146613246
14.202719867655903
14.086978717986968
13.98126453801941
13.826231794973703
13.619557009066677
13.495323447240617
13.42876578882349
13.332592993559853
13.191812534325171
13.037098913424227
12.897250954997936
12.792040983160621
12.727511796420533
12.666824069026713
12.522640869235175
12.269487306930367
12.082824749383576
12.087636670396586
11.971599072244082
11.66946440217979
11.64306186925829
11.431477835905868
11.204914334694207
11.220976634842817
10.855564746793211
10.86731303683637
10.56267173299353
10.48238725666641
10.31606344619619
10.015058430284279
10.04669597604878
9.763291203904046
9.48225930226113
9.42795410619806
9.37118971379133
9.077649958229227
8.775469898482559
8.574165689153801
8.41112125050836
8.26972168391622
8.137137357644763
7.98167573073541
7.7870903055666325
7.555486433971927
7.2980972279970135
7.046675467500713
6.868493697396678
6.820418131913624
6.8086239646916065
6.568517028040195
6.113985503870662
6.0017351560947425
6.126251536608496
5.6150118317871875
5.4368442574360465
5.549925281280281
4.8929087456566025
5.26301630760296
4.480373472097918
4.941465243323393
4.077387904981647
4.534765847201587
4.013911515206758
3.5660497169066048
4.250464772832568
3.5413979302347474
2.7132500508068293
3.2737498602048714
4.102789545676881
3.9979860421981575
3.0663697384612734
1.9789141025105823
1.1470105641843735
0.6352992602199725
0.36698088947582796
0.2575895454689364
0.2546974181213052
0.3383061821124734
0.5075908669792701
0.7570971637653979
1.0412292478555114
1.2466175009103755
1.2355035031570383
1.0107714545482138
0.8419473770320121
0.9731593285735785
1.1264884728133178
0.9685807897611919
0.9390555170813756
1.091644491963609
0.939527651285875
1.0272653472335438
0.9960206639622766
1.0002561024729424
0.9970081281341797
1.016084345073313
0.9694066613977241
1.0431159537250647
0.9654893291165684
1.0014892703246083
1.0341649420521724
0.9776907658918188
0.9755705243210795
1.0191943123753033
1.0266648387921147
1.0071771863778496
0.9855318608306811
0.9741996318056971
0.9759341890842311
0.9825030323029433
0.985944692963536
0.9848962830596549
0.9816330354625351
0.9793218183806814
0.9819463278257521
0.9928483367424059
1.0086903144071098
1.0147899244274592
0.9994240910892049
0.9833498900851311
0.9990106105139633
1.0141366144733468
0.9918768350645645
0.9991938946912724
1.00895444693444
0.9864939861775641
1.013037039116251