17.78913102744012
16.883915970374506
16.87851704952007
16.764018393261637
16.564738690870012
16.530390479296955
16.725432933470525
16.725445525640154
16.50262352462422
16.496341495099145
16.311095921872585
16.299278325502492
16.465134436665643
16.217768558379905
16.14124089724275
16.197757269677282
16.018602754575348
16.005668415980097
15.90877712352604
15.761336638532375
15.83984377563463
15.579141031297306
15.503586300268067
15.492143861536306
15.282849494985802
15.327233963973908
15.189000764239708
14.925919773191856
14.842667414998836
14.826065729238794
14.713798981403059
14.52737625442875
14.340445782367448
14.174239735555306
14.008481036015054
13.831629976996364
13.672079304707733
13.556713582617368
13.43713168081795
13.2875562538375
13.213812857066769
13.124980152186927
12.848414052988714
12.60219067680296
12.44640138014611
12.439103602883195
12.112241290914119
11.926774351405552
11.877084137622159
11.526664460418875
11.508805364573803
11.153846449571057
11.135425946742915
10.782201281145197
10.77588629229486
10.358338920682867
10.304414797623766
10.17838653512453
9.790621542984876
9.666285350452025
9.624858373714535
9.379529838848383
9.036498718892544
8.761769564022957
8.573523449295594
8.415477784068505
8.247232900299554
8.061959900209494
7.859634363819244
7.619362571591681
7.331840911605448
7.069034003971952
6.9201663067680785
6.878953911135138
6.833011467781883
6.4779806447508435
6.0067790880477405
6.069034264744817
6.007440612109998
5.374174161797749
5.586900376265211
5.160889877812992
4.9943702968195876
4.881568702814071
4.600698428950519
4.324883780769645
4.555911508326677
3.5823623686431345
4.181269482767405
3.981067577251196
2.8549804951592543
3.101833269537993
4.0685979873240505
4.160139879141896
3.2677854265681336
2.114639702209146
1.2065521728514368
0.6488715569209718
0.3612889725210152
0.24754049390261632
0.24923612764005318
0.34218725063120325
0.5221129741276092
0.7856073612805865
1.0810851999870037
1.2665064770047982
1.204561025576201
0.9578629697950011
0.8454427116212981
1.0434422977346078
1.1053917468323293
0.9137500398031455
1.011012021373876
1.0514570376491381
0.9319658608992493
1.0691613723457833
0.9392115878079944
1.059082207174584
0.9479819519978778
1.035176523903283
0.9970766445411374
0.9729331097910431
1.0404020182684552
0.9949665660765373
0.9643864108728294
1.0053361107713137
1.0303030498836792
1.013153966057088
0.987377590406055
0.975259298391267
0.9757127451387535
0.9800213220714178
0.9817853534492327
0.9800312024020766
0.9788468884212835
0.9812146625414798
0.9860411830985404
0.998520004140803
1.016831748512341
1.0130643292176735
0.9918670905951847
0.9868271972198939
1.0103109988896006
1.0058083070489476
0.9862640877919485
1.01134358373461
0.9949556941609632
1.0007406164106163
1.0000934615855614
1.001448414253877
0.9972932970205876