32.026027260497514
27.82610785591553
27.20999380784188
27.734400393440175
27.55771473714317
27.825988902149525
27.508707289944194
27.512841103080802
27.50403172390243
27.289750195475516
27.26558366758244
27.262768763879983
27.074277303917782
26.813025716043754
26.741397045976004
26.72641722285883
26.41689048833744
26.353877256778365
26.277531533659754
26.023485007465705
25.927235439308873
25.6203028684968
25.419807681388875
25.441277845637597
25.02067684510823
24.7994629279558
24.719271257285584
24.521183630762696
24.2909761987634
24.00076902638075
23.691539282659456
23.500598642592095
23.23670270524489
22.984610181545257
22.774276696494926
22.484291548181154
22.08814039046638
21.800493638718294
21.665156708744696
21.25687549775596
20.927114891498842
20.751811721835313
20.250663687912024
20.08676333357953
19.62621834979357
19.380054540781487
19.153111335761526
18.61848522049298
18.339953819319952
18.108279808488025
17.8369523784782
17.409929425528745
17.041036313342676
16.63184841510838
16.293749009221717
15.996980336831914
15.693427759890266
15.387451902512085
14.997141936787902
14.488677471161921
14.128317878793476
13.993758330982406
13.48755630429131
13.089222161910328
12.901162092535703
12.306321925406753
12.19191970501253
11.686533463823897
11.33297408024469
11.182519522143574
10.599815612438135
10.182600469362326
10.042271085812459
9.832471920399584
9.47029679340915
9.060907529169608
8.69995595219197
8.36902387092615
8.111169881573744
7.879897724914205
7.5168502664244405
6.903152620870326
6.368590205665343
6.4585982144689105
6.270975974881858
5.357147323999511
5.776765946297137
4.834857738633673
5.202665495527404
4.068151671363907
4.931146749465201
3.638207482029154
3.2555444039004966
4.53624289245983
4.532307049744804
3.1077909823367604
1.6573171893667713
0.757063239479377
0.34190164636069537
0.2058331885150882
0.22270062415704758
0.3572024123335775
0.6153005912546746
0.9672297782372815
1.2545109811440134
1.2292860252076914
0.9242967275745427
0.8749098767598544
1.1262060438832875
0.9691391193909563
0.9737822766151428
1.051109583185493
0.9589880475772065
1.025662501520744
1.0120048965491981
0.9510131981124552
1.049910843136048
1.0120731911501148
0.9579829893831188
0.97501073605707
1.0146294290653848
1.031200114041537
1.036075549883313
1.0309815701289176
1.0300751475132497
1.0280008471943862
1.0137525415942397
0.9887938212131381
0.9746602309377712
0.9977886502416006
1.0214073553323495
0.9890868935068245
0.9937412517855947
1.0136988288970286
0.9819102217310745
1.0154804363949008
0.9869641242684958
1.0086990405905976
1.0034023333333688
0.9854745044548816
1.0076664683108785
1.0109183947061418
0.9993167761312344
0.9872517002314853
0.9897328684060909
0.9906203845369231
0.9935072663419174
0.9940067431705675
0.9899750495154656
0.9888057772593203
0.9951596193164032