29.39676385986214
25.97091514594983
25.63142353054075
25.39195468946591
25.46951522162471
25.54015260166416
25.184570511768538
25.08341912790408
25.101734547771645
25.08330137586678
25.144530265510273
24.767896388756064
24.859907027075607
24.80021455326374
24.492988521081948
24.548051219859623
24.388315727819002
24.267252238066305
24.135196782941886
23.801226781637467
23.777503400870103
23.68905622228047
23.410838471732973
23.15704217924054
22.995297431367714
22.878322461841986
22.76059448403485
22.585977147695626
22.313829472116968
22.039528582336644
21.835492267848217
21.56623585592838
21.42957956367022
21.30831775829917
20.92557881579521
20.62669645787874
20.54781502813751
20.1187590615906
19.969055851764303
19.664352758479147
19.379758765744047
19.05115577901925
18.945293653337576
18.484745434046186
18.26450497245959
18.09082582694686
17.70577396032613
17.301097431013446
16.99337615645533
16.730106473032397
16.447119568343894
16.136948044182642
15.825600992504251
15.491547628300154
15.098196204164527
14.782225093130911
14.596939574997954
14.366474721942332
13.947334164688428
13.481270830272784
13.412350870841266
12.920948089049201
12.62420758567172
12.355263380426402
11.991663032174932
11.621846944063169
11.456773875170022
10.86528524337648
10.726444975656609
10.540747602090734
10.028952181342188
9.566428641917897
9.284358953378412
9.068927982765985
8.83383645633545
8.561170184536728
8.23538073737005
7.831400336074688
7.385473367954255
7.008973344788781
6.867847502048448
6.914204088438728
6.430444647977626
5.752836878033772
6.022586802428392
5.423838151278545
5.148842242826007
5.039144548350645
4.640357077979431
4.180097853051056
4.752743426855185
3.2832369555463745
3.3856950139860884
4.57555431940554
4.331014978448964
2.92460965233648
1.5684148547343606
0.7361606646274546
0.3438849417532845
0.2110728919787539
0.2270318105692215
0.3542730726062026
0.5976445834687947
0.9372667736696566
1.2307322108905903
1.2521152874729846
0.9743971925152818
0.8460336539612142
1.0935925960703998
1.0363837544857741
0.9150823876010092
1.0953917719399222
0.918671542458381
1.0732667663508024
0.9405929111705439
1.034817810580928
1.0184362061640737
0.9508648142201531
1.0164898114891716
1.0417706667253492
1.0017215292664687
0.9702506854211943
0.9668350452279598
0.9743735773192784
0.9786775372394382
0.9775642894443518
0.9757458362000966
0.975509346494657
0.9836484733651716
1.0106440515805275
1.021755017013225
0.9957094825662551
0.9819742217294806
1.0175741395545475
0.9938748284733638
0.9969423603930101
1.0084534564960776
0.9908897288443402
1.0035464212711578
1.0055177640468222
0.9886202591775359
1.0125911233003901
1.0034876780485193
0.9872705105612045
0.9940940031826948
1.0070118875446168
1.0124923972143882
1.011773371400719
1.0089214324403646
1.0069373642453467
1.0085924483023958