32.66377623505551
29.84649629347222
30.06933793047664
30.29121807842643
29.745160628862813
30.003340642068032
29.965162407351066
29.808334064853703
29.827645611782533
29.84699222517924
29.777904364404268
29.663176109723576
29.53580091346067
29.381181130879405
29.180858429301612
28.98307273883192
28.82989939395176
28.58348715948577
28.36294889788725
28.425860099529945
28.026057181264225
27.879340556284024
27.7219514304128
27.42790970737768
27.27618560941906
26.958444078094782
26.781177694232397
26.613330955614742
26.165414350329126
25.875507032082695
25.731305322389385
25.525754067460984
25.231251485572564
24.903220140330035
24.581983663631046
24.291847825389294
24.03793177082828
23.753684553183614
23.327410786840527
22.861659561670145
22.61214727028938
22.383255474777496
21.927553557197886
21.561741881072177
21.339466322651536
20.794212318553452
20.614765773303294
20.159835105504527
19.718203935631266
19.53374473255048
19.049070154277526
18.582894837740866
18.290266564239296
18.011085240826628
17.668743110562083
17.288734528577372
16.901022692670555
16.507279696602293
16.089353807495964
15.627520342236036
15.127015010236839
14.705279946680314
14.511048279209128
14.122226733922949
13.49513261042197
13.411684927626693
12.756616760049265
12.60367945772542
11.974544718543203
11.881487260308115
11.223791844978164
10.899659204828877
10.775057463618744
10.293371812181723
9.709300734670377
9.265346903564788
8.925346351284146
8.595672002637388
8.227068909095749
7.813249006397383
7.414840937392605
7.1905250421442775
7.187061200502547
6.908694343852358
6.053543405753091
5.924902489423501
5.986018872112552
4.912790209720525
5.533029194601729
4.182709729234237
4.949430039837484
4.070897069646389
3.1665024290817207
4.459576827429634
4.7079228673198275
3.308822647626459
1.7498652326371518
0.7811027318033597
0.33975066432209494
0.197842881608723
0.21918210563138876
0.3637517201166882
0.6337195319564564
0.993606125133081
1.270245309444764
1.2014501486186029
0.8838981027809217
0.9204181527631905
1.1384397592123023
0.916307281097702
1.043631724419886
0.9781460567214596
1.0325982047533675
0.9484217644970373
1.0659063319446287
0.9700725594778282
0.9639073443342658
1.0349225624979985
1.03806247135977
1.00184932966311
0.9764869298774967
0.9680851172361553
0.9676273467704896
0.9714138215491913
0.9829175159667182
1.0046013320972893
1.0238401223470193
1.0151355055221494
0.9835688828955041
0.9905799484633835
1.0213828314029656
0.982036276214317
1.0126230291582898
0.9894960329157015
1.0124961332602704
0.9849408694632316
1.0140579081988343
0.9961473732391402
0.9880738647281394
1.0078630984715857
1.0145772400401893
1.0063437974004918
0.9976229391051835
0.9936100033785151
0.9930690998716948
0.9944388776835663
0.9980035546723542
1.0050415495298262
1.0109710803525298
1.0024607898358395
0.989259893410442