2.685216935652588
2.6261886179080185
2.4619593081333
2.2266775256127205
1.9646700058885191
1.7178200290756442
1.5167421376837082
1.3783340124637464
1.3085193975543092
1.306497525404531
1.3669675095794886
1.4792255335270121
1.624946525440134
1.7778665747016604
1.9075810798033934
1.9869850605905461
2.000322306379801
1.9480274511448903
1.8460275786234799
1.7199345439297977
1.5969159211118917
1.4986689439278318
1.4377150796546572
1.41717745600899
1.432676424659979
1.4747572345928068
1.531117819997778
1.5888743350447572
1.6373018202929615
1.670760938389595
1.6905755904805226
1.704383846485213
1.7224519112166317
1.7521540448269997
1.7932016829068549
1.8362358410960324
1.8658782176622084
1.867044587453769
1.8315837077724872
1.7621063805206927
1.6713091532546647
1.5773138431429685
1.4973033799366529
1.4422046584847834
1.4142945428390998
1.4081145587103931
1.4137914337763384
1.421292826573659
1.4242285709331377
1.4221747568140983
1.4208683276006873
1.4300418187628081
1.4593142847982583
1.5134482611839872
1.5890010160075043
1.674312756497551
1.7535208064844772
1.8132274119201626
1.848673966406627
1.8659911335129313
1.8788315615356166
1.9007261445071326
1.937151265233392
1.9818446143284105
2.019772327840656
2.035366544352783
2.021428016137529
1.9834512626038618
1.9366566700249321
1.8973186946257126
1.8734783347570347
1.8606200040987564
1.8449479857858355
1.8122701674367543
1.7570198936937125
1.6858431128767108
1.6135630145932058
1.5541174447509138
1.5122215657784899
1.481010817373379
1.447062374408829
1.399446544684394
1.3368957550392606
1.268474385549842
1.2074453956985698
1.1625183390772549
1.1323471524498734
1.106895244485806
1.0746091904688466
1.030408122895858
0.978995618411074
0.931292326521639
0.8966025415303949
0.8761026175108865
0.8622584361659787
0.8445074507909638
0.8170160136091141
0.7828248933050269
0.7513628615056351
0.7312324589538937
0.723718359609323
0.7219402221293119
0.7162856193014138
0.7019193740111923
0.6825100724710272
0.6672227214246299
0.663331659498939
0.6703525600210781
0.6804659323935577
0.6849614314126181
0.6814664007790936
0.6759469486235961
0.6777010136878114
0.6914438545626823
0.7131883173783939
0.733564521151546
0.745885987835931
0.7520223061154561
0.7608227537411383
0.7802609389907063
0.8101414702891574
0.8419757377563138
0.8663856296940491
0.8815148288062389
0.8947220422850132
0.9157390427072428
0.9473793780349888
0.9824535498598246
1.010041076836903
1.025482884772284
1.0346475034042353
1.0481602050520893
1.0708652112037245
1.096669364594949
1.114018372158948
1.1169228394060495
1.110728914146112
1.1067181643546051
1.110705269327827
1.1170763388127987
1.114496565668254
1.0976668499808244
1.073064656192138
1.0525665058797025
1.041456485455935
1.0334391675008476
1.018072751848081
0.9927635898244194
0.966327601656086
0.9500784576439076
0.9460893383636915