1.028644171906222
1.090619881115667
1.2755698543101526
1.5622256887290433
1.881299598821378
2.1258992495114186
2.2072724950225777
2.1100814009129927
1.8982898203273517
1.6712268639477386
1.5121645573236846
1.4647080122223795
1.5341633783195123
1.6921347633156252
1.879251470073187
2.0207147809517916
2.0601559610921405
1.9908235526873217
1.8567402661336485
1.7218648625981523
1.6334830658118638
1.6058889484858698
1.6267561064590277
1.6715792135952916
1.715920002520252
1.7458010572821587
1.7653486390575361
1.7932850647496188
1.8443625343712884
1.9089019912986325
1.951665357368987
1.9356713153753609
1.851728193452274
1.7279709360846462
1.6124657224198435
1.5448632969576295
1.5377887719230154
1.576196708578122
1.6303540724252918
1.674411799828922
1.7020909888784475
1.7295463207014485
1.7796965581105881
1.8570547623611096
1.935323373128792
1.973122670670791
1.947065613194471
1.8719086705460464
1.787838128770233
1.7265674780499123
1.6880619116048647
1.6479194527219299
1.5855604106902965
1.5060531467443292
1.437612720588237
1.4094345317538277
1.4292788912121162
1.4782844459940316
1.5268714200732134
1.559648893486465
1.588498406752782
1.6401653845354895
1.7270609165282846
1.829418993958372
1.9100822087588567
1.9502011904823218
1.968179529368501
1.998456870861237
2.051149094930394
2.0983034513105627
2.10458371648463
2.0681705770127436
2.0234539926940536
2.0011206800118915
1.992766618827633
1.9627838474103538
1.8931723189558045
1.8063992055754576
1.7383890181578372
1.6955776957006614
1.6495026383419713
1.5748172482201666
1.4819866322027682
1.4036031285998378
1.3530733317226895
1.3092657933541856
1.245966920278297
1.1665340092447245
1.0984731522182223
1.0564845246763104
1.0239121867972587
0.9766568664175607
0.916029513262303
0.8658277013973162
0.8387819479374091
0.8194718593116734
0.7869503234823872
0.7443436334345052
0.7134471571501108
0.702806944818555
0.6957428791702743
0.6753759073697103
0.6494501090039916
0.6382128078686751
0.6437409850652301
0.6470549978235578
0.6373927909609435
0.628752064513634
0.6379635903036113
0.6582100472741468
0.669718822269743
0.67123578003236
0.6821764244842078
0.7112700301340176
0.7419282499662971
0.7588624912163636
0.7732067768572491
0.8042166724421446
0.8466751140430828
0.8784952751414237
0.8971497163078662
0.9238022751668205
0.9667657351134528
1.0058359571664903
1.0255442769528496
1.0411379120313875
1.0714471047525413
1.104672894701611
1.117555734453755
1.1154733340228558
1.122321564478727
1.1371605046939532
1.1353551402154067
1.1130741788574747
1.0945475030842924
1.0882554910221076
1.072577357376761
1.0378597970959733
1.006331107709267
0.9920954691970154
0.9770387484888823
0.9487226918184276
0.9269571470502319
0.9270382069366352
0.9314894316296711
0.9261876438377542
0.9289892888380803
0.9529719868254765
0.9780664217204189
0.9893232114622885
1.0043772961403674