2.415431144376182
2.302943193356173
2.076863503060329
1.91575467158637
1.859424589932184
1.852044789132037
1.8705049561404998
1.908830078344399
1.9348628175899796
1.943253275853461
1.9703417299214416
2.0112778022057607
2.0027407722323267
1.9159153975642074
1.8024700424395264
1.742407504276397
1.7891303402246763
1.936534118421758
2.0944598765783824
2.1367354493554274
2.020824078687312
1.8352339221509004
1.7107775392617512
1.7124337189352872
1.8115635142706803
1.9234842311478761
1.9776018610318957
1.9776910499632256
1.9782344719309346
1.9932801105166238
1.9702187075393482
1.8712077922429313
1.740155790183167
1.6667123201881149
1.7025967788687815
1.8167396157373756
1.9232600277137768
1.9647157515916203
1.9665310033022558
1.9830251799903185
2.0029421239492993
1.960411732039015
1.83901772700089
1.7095515577458187
1.6494156668849216
1.6618837531358017
1.6925678587166308
1.7081301194161143
1.7383512740218556
1.8261783368636484
1.9459249753927605
2.015493427997062
2.0039778807742237
1.9697827174747369
1.959237549546506
1.931453661537808
1.8359326704318557
1.7078812854583223
1.621362925724444
1.5847485730147555
1.547349277555915
1.4943462453134546
1.4750735536801254
1.524792754476582
1.6051960492184516
1.661836510031309
1.7106264211712356
1.803622879573547
1.9235840404438433
2.000314745847829
2.032207605592965
2.0844135447660124
2.156575903054939
2.176935200332437
2.1420178973757857
2.123833642308849
2.125596161126062
2.078561455087347
1.9870305708331852
1.9216758520399104
1.8765471873894481
1.7890044609887783
1.6764705475219994
1.6001197988077946
1.538201249620199
1.4398211064709134
1.3369697623014873
1.2735187853047243
1.2124949280744621
1.1223316436863047
1.0458301545122095
1.0026371843863693
0.948143901322167
0.8765379465337123
0.8313159802139808
0.8045271387486014
0.7577501833978323
0.7113338302635905
0.6941353159474778
0.6758712616724897
0.6406482111703111
0.623730934024714
0.6252954035065036
0.6110377557519192
0.5964082204520895
0.6075644444577958
0.6164054121125269
0.611242359687792
0.6261279092469572
0.6543708270237264
0.6651994538201083
0.6825759210400523
0.7235609520314131
0.7530193988844187
0.7739623959408775
0.819687958498671
0.8649240434325243
0.8899091398839218
0.9316907841047508
0.9839731281060976
1.0103055324741101
1.0392605456895578
1.085473210550159
1.1064132098729476
1.1146268976622764
1.141357896488376
1.148576798332072
1.1318739990369677
1.13174122818941
1.1212941543676789
1.0834735006213514
1.0612558906579388
1.0398713997115752
0.9953897394064903
0.9690687696179534
0.9542959673691298
0.9238882826393382
0.915618150500208
0.9247593043035576
0.9214762822819116
0.9400778704536636
0.972666348402797
0.9870489386357343
1.016182000583769
1.0479518216263968
1.051426621793662
1.0623354912804988
1.0665883501767648
1.0410667177366248
1.0267972715781768
1.0078472339726792