1.6588550907063058
1.882966793896856
2.4050966170500243
2.5188509064032782
2.209923087620946
2.0875686401674574
2.2197762774330427
2.3435530333239227
2.288621021389171
2.242228490947981
2.2110050702420785
2.1715435044561597
2.2113293099792
2.353671470083204
2.3410735968553116
2.11447918844675
2.0527173328154675
2.2864550027790127
2.425430149266414
2.2372747661981944
2.076982257111583
2.1389864752307024
2.2307426410371485
2.2563971642774585
2.306994981297038
2.248925998210641
2.06033202153654
2.045127536610796
2.237018163102833
2.3135390687627084
2.2391595846950163
2.193967719117762
2.0965494373953435
2.0026294023785973
2.113177450226514
2.2758014007109626
2.2571316789713127
2.2054594141203956
2.141526435946166
1.9907092068609953
1.9691724347551585
2.1057926440981856
2.1743728468340144
2.2213883148580873
2.2573908650090297
2.1156608522799356
1.9822982614224205
1.953881946053437
1.9162965441309536
1.9862125267667727
2.140384880121676
2.176960724769024
2.2043689396596995
2.1787007913049616
2.017746589120575
1.92530833790116
1.846143493277326
1.7823053302651648
1.8641871256490146
1.9426849943600468
2.0311512017718703
2.1640840663115757
2.168526246170381
2.168241664196335
2.1102606998138667
1.9607878193051314
1.869659599576604
1.7273311153613382
1.6373559813232332
1.619013184555383
1.5943296931280306
1.6788496033992668
1.760576087984062
1.8673051448314653
2.018052782103654
2.098768929704654
2.229127663887031
2.276983193912021
2.3181377711110294
2.333475129264327
2.277040716776723
2.251124383006888
2.133901951924003
2.0589646181944694
1.92543888699714
1.8074061327139304
1.6851106329746035
1.5436152998730717
1.4402725363485096
1.2990128825193805
1.2114857637765946
1.0886921608843012
1.0120843358124452
0.9166618678455715
0.8486008719886388
0.7815317541984678
0.7223608241439824
0.6803128802222582
0.6316906809780796
0.61027158780315
0.573942976351453
0.5695661787034642
0.5468348219524833
0.557284866955949
0.5489731979833781
0.5731537346291953
0.5796450385856083
0.6169248436335047
0.6379860282022352
0.6873629165800454
0.7216319062634022
0.7808162305891643
0.8250308528933127
0.8895838630156305
0.9378394838095683
1.0006753357215765
1.0442290609266232
1.0960125068548696
1.124314326631689
1.1553625784260708
1.1588641931190884
1.1627916144341686
1.137362983331282
1.1156347536204958
1.0669956943777794
1.0319392418920168
0.9769270665424262
0.9496227822704113
0.9108853226303338
0.9116240229539743
0.9053805184552021
0.9394683407453509
0.9625154504168641
1.0113110921587496
1.0391336623090757
1.0683845453098137
1.0726108568477983
1.0592941102196254
1.0353709332637064
0.9927367127000984
0.9696994839837694
0.939899015734956
0.9511676296322267
0.9613938393961401
0.9998118955464631
1.0281515177821767
1.0455249765935015
1.049195348560093
1.0192537866453493
0.9984517899980659
0.9626082357985056