4.053754104411243
2.919739914616997
2.2000965694646073
2.835793697505491
2.830831571564101
2.401039009711621
2.690402519429982
2.7812235477707903
2.546854346224192
2.60892016517111
2.6734098869556098
2.69008144295736
2.599781716480077
2.516333592559413
2.7688744181745277
2.6696176458231964
2.4185725983824984
2.7019531770327845
2.7190759356215857
2.5205048582958147
2.552744537680713
2.5978951526887486
2.7259336054113517
2.5429462275563104
2.4294131079374806
2.674396304782814
2.6385298276167433
2.563348044015817
2.4379630418777083
2.5164846299520005
2.7054766187517085
2.5385070427472662
2.463096973693511
2.406334570241079
2.582656171676143
2.6371654571972787
2.480545181366799
2.3960975418216353
2.3640244528718672
2.577760028026734
2.5606890822848603
2.5063711744315067
2.309242882733281
2.324914060645788
2.431048620835574
2.546359125525766
2.5206990769325293
2.355006519286186
2.2506787679395934
2.2319931380260636
2.3921554088376795
2.4693018846733814
2.5040140130597535
2.335611398212229
2.215040285289994
2.10421928078763
2.194799140328107
2.2934367635502277
2.4418748812775015
2.4251994026803696
2.347085152631924
2.164101539706419
2.0326882340702364
1.9732068209091647
2.0274388381972934
2.1640924402512867
2.2886427559509697
2.401505303986255
2.365609550909643
2.3058099595135038
2.109057430801907
1.9634302404644042
1.794278978893447
1.7287270234054035
1.7282163375220922
1.7991024912399194
1.9544322235856382
2.0902789485907762
2.283983914347552
2.393543534558623
2.4970664361854573
2.5402778141956985
2.4998057705631185
2.4613550461124927
2.3257540521961975
2.193573867805427
2.040370938960624
1.845742212916293
1.6938638759892326
1.5118587483341401
1.3474038008728246
1.2152628297617225
1.064737834091225
0.9545519259698173
0.8564890275639366
0.7553272083431001
0.692621702319653
0.630105051598731
0.5737571781760205
0.5479615902229971
0.5182457526799052
0.4984378897216266
0.5040316683755558
0.5051205354517102
0.517079717550661
0.5530663258531472
0.5843822285653275
0.625337908693117
0.6901997826109769
0.7482099249341932
0.8100947236096212
0.8928533990460688
0.962403516563694
1.0223586478895192
1.0938049752832886
1.1427639451042042
1.1633249500565974
1.1826990676282634
1.1779045976385691
1.136018260382623
1.090174709014445
1.0417850764141505
0.9772622467982499
0.9233330552857094
0.9022554674111043
0.9014011449173083
0.9157598525965591
0.9582087651340906
1.0179955050277185
1.0607113954182819
1.0754680639329666
1.0727769910744425
1.0477976999690861
0.9976518668544267
0.9496265211438208
0.9344366470276559
0.9539685804305638
0.9895206795340572
1.025255783447417
1.0507530905044216
1.050332998620821
1.0161396248216141
0.9699319572673445
0.9484679406240256
0.9680007740917798
1.0101044904375927
1.0393534993813744
1.0350210519772436
1.0050493851530073
0.9747030423236253
0.9678829112676925