6.178265764755877
3.966649126598234
4.009555484135216
4.4852746794799785
4.559351295307629
4.280012300441977
4.252834698213234
4.353948584339943
4.248261804431601
4.2599613868595485
4.493435693436826
4.386347026854868
4.167855497712215
4.293768561833884
4.254609239225867
4.137839529600235
4.3568674458081205
4.298777916682755
4.22365886269817
4.384142009696499
4.177127448692091
4.22910417266619
4.230901088585456
4.065537829576633
4.229153945578515
4.0250020810095695
4.148639753346657
4.057187305157658
4.0487348186175485
4.087239598191528
3.9677107130309044
4.088078289547062
3.9088028486290347
4.065936513452384
3.864619124242758
4.034334272227944
3.833946483433256
3.9998816484721185
3.8236125934087486
3.953343360531616
3.8380695201949893
3.8672719621587976
3.8624159659868558
3.7258873531578875
3.8565714565421754
3.5960207428403015
3.7774264131745925
3.615745538288065
3.620811187098661
3.740820052020942
3.484420142892527
3.642688141827708
3.537535921872432
3.366314468408894
3.5969770291208345
3.4375941344387067
3.3046905362353347
3.4962850072321725
3.3233849829342565
3.1730441667390616
3.3987539309367674
3.3204347424824174
3.0295399711371185
3.1531682508935788
3.3292577919960253
3.072589150186483
2.861082574540672
3.0615571541657753
3.1998628325048557
2.9486438993611
2.6992576382444318
2.786440478484662
3.0118227430528846
3.0191993307052365
2.7134709306433655
2.430866382931104
2.4981188255633087
2.7614183330652167
2.926247266859195
2.839186437463334
2.484063029626942
2.1552231246306115
2.0154113588068174
2.1182804756492293
2.4286199188765454
2.733358949694794
2.979387954780993
3.0240867935555134
2.9226430396850738
2.6638273254393097
2.339293043868018
1.9747685548832332
1.6317072199448932
1.3167678681154935
1.0591723395046668
0.8425128961046244
0.6846499395651772
0.5567056056719357
0.4787926579818843
0.4187479584538442
0.4000919270903807
0.39592398825409586
0.42465533242726394
0.4747641636517096
0.5461137809041386
0.6490925802922839
0.7571502651698394
0.8919218328590074
1.0137221963567058
1.1231361480558
1.202453679950102
1.2150609753800279
1.1859870493045872
1.095425652989081
0.9836826592845975
0.9040857121687075
0.872768567050197
0.918064008793389
1.0169061880008181
1.0876599602697468
1.0885692271424454
1.0253484577883163
0.9421656213793138
0.9235013112453452
0.9937166092516814
1.0660883801597796
1.0482898349235485
0.971303973012458
0.9447844198202796
1.004032007177669
1.0519142454380905
1.0096754916183948
0.9547476932952572
0.9901106589445899
1.0445995479835146
1.0049469004543314
0.9569634643107909
1.0066405193592884
1.0377262094279842
0.980333992913209
0.9822118588976257
1.0301786985862469
0.9889417330105308
0.9763526412108858
1.029962695784699
0.9953625212890514
0.9858073950545727
1.0286470841098503
0.9828094047110281
0.9963386860957615
1.015442183379505