3.833824261498515
4.766319037972015
4.912122094365129
4.846348159112372
4.720199449606305
4.6992041111453
4.794992344545823
4.846744213281118
4.726246431212311
4.53946760266071
4.514549689741295
4.654227838555881
4.693041071244652
4.545190808388566
4.492999015961885
4.638747865635035
4.651992389061281
4.482973782975795
4.514692225166301
4.638558914015117
4.495917208230431
4.441075094879206
4.598257612730496
4.4850398963545555
4.433154225579237
4.60383495925333
4.457499759741685
4.474395836736925
4.5648315381331965
4.34472283156026
4.460960540472457
4.336268527324171
4.288151316487045
4.402152412689807
4.2342724604674515
4.422883796593648
4.185373507161775
4.299301691314753
4.123149337569011
4.237393563830865
4.146125794600116
4.182957818496822
4.04730350919205
4.102429516757801
4.005130863307508
4.108821582503777
3.876687720900174
4.049713733633378
3.8219175895518793
4.010084175899261
3.7522082955691034
3.858554680855569
3.845603862193426
3.6313587912272167
3.8535848807689344
3.5993043889530636
3.6341052693988334
3.7185472916296423
3.435697923541089
3.5894255631224685
3.5853206073662807
3.292056508013519
3.485894705601424
3.4987241202833594
3.158233164628884
3.297887118947628
3.4272315369742428
3.153482010178017
2.9883602621439485
3.2336208511064917
3.273003674137876
2.927040274852084
2.7836789020987696
3.007680676400595
3.1755285959063695
2.9263382477241784
2.5754042647361293
2.5243648649909494
2.787197023804984
3.02558604421566
2.919600490927001
2.573775622123059
2.1845904713368207
2.0663990989319947
2.222867896335153
2.5612550956585602
2.914447177068515
3.0882241822703587
3.0835542394542546
2.8881425058137893
2.5412784145447014
2.1600442151029684
1.774602286073601
1.4081747596496745
1.1105622532044734
0.8768436477726521
0.6873925510572133
0.5499605688979469
0.4630212067361563
0.4087833345293039
0.38045374669711457
0.3838100061244135
0.42010447572522974
0.4819862742941053
0.5648895564497264
0.6728866424359936
0.8063603645577953
0.9493352913873342
1.0772363081932441
1.171683986148288
1.219647348246357
1.2072833918789645
1.1305788118136726
1.0136317046756036
0.9078160520564796
0.8665544046884125
0.912086000686368
1.0134584232058736
1.0959582939280563
1.0927439917256419
1.0087138242579696
0.9291396014563306
0.9389717071742876
1.021792919515075
1.0674195216843365
1.0127513537845674
0.9412966965617325
0.9665703506009453
1.0427625433209686
1.0324131472096099
0.9599095268094726
0.9736446161591817
1.0409878254036566
1.011114809419406
0.9580018767206534
1.0098921009598967
1.0296492275373705
0.9668139776512373
0.9943803897175488
1.0279610305259017
0.9701569162675265
0.999015035065393
1.021950971245857
0.9719080559921587
1.019277958848451
1.0055022386315873
0.9843387550587879
1.0257016426722538
0.9758896855219412
1.011738637057909
0.9939490385554965