3.3901734089350803
4.832079754259418
5.018320580074551
5.128015439760317
5.19755676255682
5.225089905978232
5.202013632447321
5.1276317347975615
5.021358653854688
4.926249025759885
4.8939277584411665
4.949882182576846
5.060158947949219
5.139059848381813
5.118426491752346
5.0289499465671605
4.986145955834293
5.046602399574139
5.098620876303666
5.000857574123083
4.841617536274001
4.862424233576807
5.031527503920191
5.024717218270944
4.827315422901656
4.802442289676562
4.920506011263913
4.841937248956701
4.763447792137498
4.856594920325085
4.747840979476055
4.661510121771831
4.83092373611347
4.666420102240962
4.573339642354544
4.7652790012307955
4.5370039813532035
4.574482436398266
4.6070248284142465
4.448378614100585
4.5667293450073165
4.375016041738979
4.515769709697751
4.305188916124497
4.434414120839923
4.272657768625611
4.320313673792774
4.242404774312861
4.2235186102524
4.171780945866996
4.1681805749679395
4.056287975261396
4.143286332639012
3.9227079680781225
4.105026593041181
3.8352921367648123
3.974354156794044
3.8658136012056294
3.729433940454554
3.9325096429260706
3.580508503114277
3.7521830308010737
3.716175736940999
3.443458250439133
3.6489107306317825
3.5761559738868853
3.2875993752250974
3.4700913773915882
3.5225359613673217
3.1473956950349216
3.1739722509602144
3.4439388261579023
3.2101739963475606
2.8729802940559632
3.0172882002999875
3.2659405781707513
3.1035600227250923
2.712084855662297
2.5882018826232818
2.8418846476038797
3.105849946909226
3.0117256385852174
2.5927403906446123
2.196893275745485
2.1173715892452885
2.3720320798967016
2.76809973295981
3.0843543903753656
3.191092112701176
3.067583212186586
2.7645486979236855
2.3599320245056608
1.927948154603756
1.5233409745994457
1.1773844601413055
0.9013493362225272
0.6932719966752784
0.5447367494395791
0.44587914650142046
0.38823682844383123
0.3658890969466222
0.3755126818066305
0.4158039596579881
0.4864494496257355
0.5866342976135083
0.7130512537176349
0.8575732624722965
1.005220909147276
1.1337243813836657
1.216516342726975
1.2306753646827595
1.1692279007642308
1.0529645246309456
0.932263506701711
0.8691926541232426
0.9003564408714299
1.0014365640105398
1.089974605469878
1.0865497433780056
0.9963959682869998
0.9210648772229697
0.9520537484922301
1.0469669685017555
1.0693811750589686
0.9866068178872954
0.9366237535052165
1.0033052661528867
1.055600187801445
0.9928015321431627
0.9561409300446687
1.0243564925029651
1.0280329915717146
0.9609785691209761
1.0021688181080872
1.0371320614799229
0.967343941708302
0.9970000228173338
1.0330240950071554
0.9683657110500177
1.010348331473067
1.0127036238168445
0.9758273893254713
1.0256387915898335
0.9802866286475255
1.0108418447595402
1.0002371014027218
0.989709560728487
1.0187366320682039
0.9769074604126313
1.0247723347568645
0.9765155310461089