1.8846747285725571
2.1721969188066126
2.744140611335116
2.5733181763620796
2.1978692974396536
2.3803510030457136
2.709981343879831
2.4459289973438754
2.178429428475714
2.4704662325535467
2.6948222216036064
2.3592109766982463
2.210158528886463
2.507494074449744
2.590176658466558
2.3706279926386546
2.328275076302228
2.395640520648247
2.435459627818313
2.5237076844346205
2.4226663151244683
2.2211385638637506
2.3588903140692645
2.5662912418784596
2.434526431744966
2.312484555154196
2.3021298690979326
2.3061761771767606
2.4651993208755534
2.5165557040470103
2.2910455110513395
2.227051320147658
2.2963381492305817
2.3502765349037493
2.4856340181492693
2.410248654850351
2.211383080982661
2.2066171966362234
2.226921217603529
2.3376325266159954
2.469088110049578
2.345073702726487
2.243685506703613
2.1447895475512038
2.097853172083305
2.2615264568408064
2.337468429582409
2.3831552328668577
2.3424018830044755
2.150869608553657
2.0843351639357066
2.0193636344266537
2.091408990510328
2.240030708847146
2.294247518585351
2.3685761977826685
2.251277457641112
2.1416131165573833
2.0001748641670565
1.8954583637264173
1.9289742292012981
1.9637574635067732
2.128219527510399
2.2121699149905516
2.306088820147684
2.296878635355851
2.215645748551325
2.1036375739636695
1.9239924311602365
1.8170689193453486
1.6845381164973328
1.6813560647245223
1.6764407452805952
1.7868128770302387
1.8880139079212397
2.0474016842625984
2.177256037853684
2.3057704938974273
2.392019462144961
2.4399070624975883
2.447758607462223
2.4068923159827476
2.338776024711685
2.230302155850205
2.1096161187103006
1.9653997394902043
1.819936662052889
1.6689133572191601
1.5210260201297763
1.3831655550637143
1.2467788827385038
1.13266495019061
1.0144439899963096
0.9274774920809682
0.8295114754991485
0.7685814750233926
0.6909840670155414
0.6526106871022552
0.5953672124220237
0.5751520020796383
0.5390429926511296
0.5326727740510998
0.5192610995147324
0.5233913854601331
0.5341039073525053
0.5472648353643115
0.5817508760497478
0.6050026089678904
0.6593297196080695
0.6958745740634901
0.7616064729082128
0.8143595878025005
0.8796793914086912
0.9466175296847492
0.9997685642471008
1.0691566319249894
1.102514353647218
1.152817174715343
1.1643940725300796
1.1735355165257857
1.1643952577715861
1.1265281077138787
1.0979853030851154
1.0351693447487624
0.9927470408237705
0.9455704889668184
0.9082105256039159
0.9055426656853005
0.9024669232934741
0.9367946905462096
0.9781427303349759
1.0146534721064688
1.0631665630027591
1.073122653498993
1.0724909783847911
1.0529086542688781
1.0035722135037433
0.9734601897431354
0.9451176010340636
0.9364119799185039
0.9674160441407518
0.9965847495414111
1.0307687452777623
1.057498641289215
1.0407327326299234
1.0147982092955483
0.9846956853183475
0.9530888343555579
0.9608686023266763
0.9915111642714058
1.016166881552828