3.051795014857028
4.017935937284041
3.4980515563455596
3.758131763406401
3.6593852357979455
3.683546221893417
3.62258057393706
3.755950305714452
3.598248726621481
3.634039181501088
3.789427523774072
3.4611353058716694
3.8031175019777472
3.5618870816863093
3.672532566122946
3.5380420570705415
3.7797848992857928
3.449760831911115
3.6960160851302906
3.547014954976009
3.675173256980353
3.433882747088327
3.675492751560955
3.533274562238349
3.5536606431571722
3.4932479045650986
3.520726260236267
3.614056500169976
3.382941189074432
3.5528814680311362
3.390644737852068
3.5457963814778806
3.4650664621768485
3.326819609386023
3.494650946907185
3.317000862629501
3.44892247836466
3.432723816068404
3.224240033072576
3.3969307895416923
3.2905933067568216
3.2260750773793525
3.4211447020114503
3.240080832636516
3.1579302237998355
3.318477905551522
3.1485097844082337
3.062039049660294
3.267759210016402
3.1839134480658737
3.0040664785049236
3.1551638204828607
3.205081727183748
2.9596683462093356
2.9200269622839508
3.105523033055444
3.039977508642386
2.7997718575533352
2.8242093211167822
3.0205014110346937
2.973550672649782
2.725142100129418
2.6668177579334684
2.8582099329922674
2.9584448283574987
2.777189451117132
2.5353261230917865
2.5242951197897825
2.7226805834405803
2.855448157710577
2.7377023152230704
2.463188004193196
2.275491694481837
2.3199532019752573
2.530874791926697
2.715963161289594
2.7194636078053436
2.5228033401258894
2.2325866509327104
1.9971938754864016
1.9218768992169066
2.027488975299001
2.259025900850065
2.524484146635782
2.7377935461849376
2.8460812568618667
2.834418763558502
2.7142585541934023
2.508599207598257
2.243881078807008
1.9489812428681195
1.654355290458058
1.3860598107154902
1.157622856512805
0.9679400084597471
0.8088858298451274
0.6761999783224754
0.572874080783118
0.5021129816110009
0.45940844123974095
0.4350871061220396
0.4251781985459557
0.4355059908541245
0.47150091766963614
0.5279549817677383
0.5960208667854257
0.6774531393543436
0.779503213268096
0.8946696545651779
1.0018630009720686
1.091271426028622
1.1654064639808652
1.210804599125627
1.2028867354620942
1.1462534240748796
1.0691022013251406
0.9836869999180294
0.9050922211174004
0.8759725703019168
0.9113762090626903
0.9778210483466265
1.049964055210678
1.097995419599244
1.0753528706587734
1.0027928428151682
0.9452034599905521
0.929483860043083
0.974985194801728
1.0484226552111748
1.061245272323494
1.0148398419254758
0.960045616399977
0.9488365848800561
1.0107166782807009
1.0500628540965404
1.0185267420750883
0.9684864724220927
0.9628937534315632
1.024728596437823
1.0362283545121012
0.988152020300626
0.9654865873050437
1.006940682479887
1.037114170350765
0.9855427853263087
0.9743272851582085
1.0139776547197499
1.0256853370481047
0.972983550218687
0.9932290033609722
1.0249696884887047