3.9633128092546364
4.0876670796658665
3.9775077898136146
4.0306661047918695
3.9477685526833852
3.9481406907962553
4.152911213257382
3.8649518577743267
3.878515393228005
4.197955035864037
3.8732845231526416
3.9089191522394438
3.995316835840632
3.9290267068809066
4.079241141998305
3.781573406212434
3.946340262931218
3.9260591513886705
3.9518733157215302
3.956834860605833
3.773057572754852
3.9206255220688835
3.773259733276006
3.9983921801804696
3.7818685411071695
3.9375006494536025
3.6845793850623907
3.8616453758528873
3.6601563173548044
3.876995355443637
3.6867991568670435
3.8692396589274822
3.6785983501065846
3.7765931162475113
3.6617540077517963
3.63808669837822
3.6798105736963045
3.513786877202181
3.6950899380533215
3.473735892474749
3.6162490835063754
3.5543588628785328
3.450984726914551
3.6267671640431494
3.3989322245195264
3.485422027338278
3.5288225104084603
3.301367532364182
3.4693157577983236
3.4183133357628934
3.215614432862049
3.3973825747544
3.3379921469480895
3.1146777535941372
3.2733386303989276
3.3009694049793765
3.0414755499476174
3.092838390167566
3.2737444962506155
3.0953981689967387
2.9180786098436164
3.092172126195749
3.191841620197853
2.9427305652899163
2.7587397159757083
2.912351908852255
3.065861024060254
2.90523944245856
2.6428396118901287
2.6395459018257275
2.8576727033767475
2.9526281779700647
2.7597319180697433
2.4668743449003996
2.357970896139368
2.5090841734637763
2.7429501505932663
2.8350259361274817
2.696053917790709
2.3911232141118095
2.087089077535412
1.9534178613394362
2.055184290407554
2.3241076393266025
2.6171934227786076
2.835877812505883
2.949175502854854
2.9094204348397312
2.7120858093349596
2.4445449248800566
2.142331849296341
1.8059770025015456
1.5004647576421726
1.2419692760860843
1.0047228777729105
0.8200994160680566
0.6819349654342941
0.5644061523919994
0.4901608978330225
0.4415953129874118
0.41014501905830686
0.4139962966769551
0.42925345267254505
0.47075420687765857
0.5376151940085163
0.6138373930026412
0.7229152251509819
0.83177251777453
0.9520894414411822
1.0676707516673836
1.1493860509606222
1.211840932268311
1.2056953681753804
1.1661915584668348
1.0747262654179015
0.9773165147273872
0.9002233180221809
0.8758774303319513
0.9188383072540318
0.9989483084217368
1.0782408289144205
1.094484644642146
1.048746594295054
0.9654278016930377
0.9246325326111086
0.9563298434042408
1.0294901699967354
1.0689460914868179
1.0227261972428507
0.9610259055406825
0.9476093063934302
1.0169699519783675
1.049336735535911
1.0098013107035564
0.9571278421305779
0.9797829016928531
1.042649180134502
1.016358020823214
0.9651404731778248
0.9888260655498418
1.032244720843149
1.0061389389904587
0.9667790781203678
1.0087628465460308
1.028637907669861
0.9745793776763843
0.9909837666701722
1.0311071826286493
0.983691359852548
0.986278254007541
1.0277075321934235