8.30825361025731
6.658519870471725
6.151499601452148
5.830524786997211
5.852284893534207
6.021880256625746
6.0463677629884955
5.966697231821994
6.049270866475398
6.2079909289382345
6.1441246851716755
6.033527023964214
6.123525002871848
6.1119950085765655
5.981758442554425
6.0573083838678725
6.044222152025499
5.94844883394088
6.039309447523966
5.949831121565285
5.92639014588735
5.92043017083436
5.773945581461843
5.784435842189702
5.6319283448661
5.6798931316712835
5.638611521817136
5.750291326463128
5.719180436854583
5.70597611993941
5.519762476130026
5.494432264193824
5.471060594563954
5.611189393167036
5.4894868743431475
5.359352284779958
5.327690226715532
5.407009492173132
5.387011251564633
5.155478857669241
5.228845986131702
5.310375054301381
5.051128328634013
5.0787917793059245
5.186994748467528
4.912384716347401
4.978762810777641
5.007271440147092
4.7816442382549456
4.925392861422192
4.694504609228025
4.786236323886072
4.710724318925889
4.579137849226056
4.639744821627946
4.4330273492415815
4.591281132161351
4.337281020251891
4.479230304100862
4.223380553036958
4.308102447086855
4.166377270447669
4.101285694339526
4.183969691856153
3.8805640434960122
4.145527462478161
3.8117310905801096
3.8524311842932284
3.950369257096283
3.551306105280493
3.7563729550468805
3.75038307636329
3.338621246577598
3.522686356290686
3.645383258320334
3.2026344723493194
3.09707607254839
3.432014688455491
3.355846095546738
2.8723655263898027
2.7380940741385036
3.088268388777653
3.3152071885341776
3.023813024800603
2.4843038342283124
2.20131939274845
2.37979903337298
2.838094146569033
3.2401957051105645
3.359085424379567
3.1772267403564824
2.7823883158628204
2.2708201083521833
1.7570053904968626
1.3259112111875577
0.980723749074759
0.7164244569110171
0.5413992036328421
0.4276331251263275
0.35965609796473497
0.3435361256387967
0.35962868966390005
0.413433691744547
0.5093537373327368
0.6302626301114522
0.7902099098335096
0.9557000447336229
1.1077661255787585
1.2177288723172623
1.2322328843190935
1.1682313411740484
1.0246303798683791
0.9039451774411945
0.8619724018120386
0.9484049285229225
1.0645312827691367
1.111081226607535
1.0176716834343091
0.9250589742693631
0.9465616363110454
1.0556476164926796
1.057588043514027
0.9555728807820798
0.9590960001808404
1.0464793344394834
1.0231517374549395
0.9498891976027926
1.0117587011278228
1.0369357467458857
0.959413810557643
1.010142716454893
1.023491537908926
0.9645492956986752
1.0301318335331506
0.9876261117090794
0.9907179294336853
1.0273663473846468
0.9695605278031105
1.0274016154977392
0.9729354327416273
1.024395036644055
0.98409232783249
1.0164119360782944
0.98284523457442
1.0134880350102435
0.981556078036097
1.0204851855975399
0.981055396457656
1.023433144756393
0.9848311800712851
1.0108870587652912