4.453877826655991
5.2403800460912295
5.34742231599975
5.443167097690286
5.522978500139184
5.560869599621472
5.5379209294407685
5.464105235559953
5.387230696983244
5.370798217788783
5.441696788481667
5.5501717003892725
5.602926642380866
5.566025239132652
5.51846933364189
5.543951918936147
5.578138589237174
5.4859558174808525
5.318423494578798
5.281964320485921
5.380397943574402
5.419292596064834
5.400669812209328
5.402756224244465
5.288439701392699
5.155886153142681
5.277967220077479
5.360867287093254
5.200308418374642
5.121084860053087
5.137102731297045
5.206586599794218
5.139117559277231
4.949402144650218
5.117133450793253
5.066142348440318
4.886610837364442
4.980889246128171
4.973138413347438
4.794998254115277
4.886952718940712
4.849498796102701
4.673033115832514
4.855169567124385
4.603161689283946
4.702756801444733
4.631446187304946
4.514757624044607
4.6375162427172585
4.373862610873308
4.57960893918837
4.287538872595432
4.475589865823747
4.214296129014407
4.383845614767448
4.106929414925663
4.303743197889973
4.0392640718883355
4.119593935587841
4.076459341975028
3.889175435019221
4.06846035679457
3.745880345920844
3.9355497508138755
3.8010314728955996
3.5757863969568104
3.8562500191930047
3.5900660724569247
3.4309576876133443
3.6920066071563973
3.4426619817272868
3.2125905123617193
3.496827570249842
3.461876358554961
3.033886437118229
3.0241796472636735
3.338210703181221
3.2521277449915833
2.8121472708465753
2.661780263682173
2.958065028010888
3.2194152110358933
3.047193736262823
2.5695052142735535
2.2055542478148853
2.22445261871461
2.5717496594187783
2.9964027340967903
3.25904250350361
3.2498777387206226
2.9895826106374668
2.5698944795824534
2.0929636302362242
1.6365248175002776
1.2447887239450721
0.9341078884370202
0.7031404372006712
0.541823081163703
0.43747318777388544
0.3784694245431184
0.3564688375931673
0.36761333170944493
0.4123071000058452
0.49275694122029506
0.6084402385475978
0.7518186475022607
0.9075799491724823
1.0556205447100377
1.1730994560407386
1.2332383362113017
1.210686417703486
1.1050977370178499
0.9657406741630241
0.8745872843196518
0.8853823479417677
0.9806275355057854
1.082992650573333
1.0996827586120668
1.0063876240195764
0.916500531826597
0.9553401863711458
1.054741855361732
1.0561658835946681
0.9692397319983665
0.9469648172392477
1.032119991350328
1.0455649041017003
0.9555423959938498
0.9842561909038502
1.0471074433726921
0.9846550348422699
0.9721300626486826
1.038529591128303
0.9883125736645787
0.9790378164050265
1.0379218620161046
0.969065359905565
1.0119894390354158
1.0090361508407053
0.9773872347996932
1.0286042440209102
0.9727271755177685
1.0232447456357538
0.9828245218751771
1.0120223603970355
0.9932376331045472
1.002853513954531
1.0001697006455708
0.9995725490762475
0.9980191893411573
1.0076048489483236