17.05578523529502
17.863321820847176
17.816369225743237
17.81722332871783
17.930417022230856
18.0401442541807
17.956652393186577
17.84277030236473
18.040609543936263
18.12899110828193
17.788352249218644
17.751026231220386
17.769823145898858
17.781728862090166
17.530280820506626
17.597948201484094
17.46540502817325
17.379103881071156
17.30870384944632
17.16768572681606
17.180885267862546
16.93441470557571
16.846808572767756
16.919899158448878
16.603865419176547
16.50104546593706
16.47306775006949
16.245062313509052
16.030891696727526
15.953638124789514
15.910419637876226
15.808848832847872
15.646582010962891
15.459854751918861
15.282614292529635
15.135944353844707
15.016220495541091
14.882215221295244
14.69046417628357
14.465169270051803
14.238719943025998
13.969672822656142
13.794074947474359
13.796865364236451
13.528680421445038
13.197515171139907
13.153860661641122
12.95394070523403
12.602455890069114
12.63676717939605
12.165309424050774
12.22342465721624
11.771040556103664
11.774344805003055
11.37733735091993
11.272686812429274
11.13444914572425
10.682416619927995
10.562744159595375
10.506621790775348
10.1872667943974
9.81841970119247
9.592816696411758
9.465850401222337
9.336784348796522
9.164998287154377
8.959561366639901
8.742055225210136
8.522382906491025
8.281900567095448
7.9775350393516185
7.604835527799589
7.273258549481997
7.130914216704867
7.147322951551855
6.987660699091028
6.429302456236753
6.227711732263078
6.404033074806257
5.724186929434033
5.733567180648441
5.5820402569177014
5.081433839787688
5.265592898754304
4.665890333258616
4.665540560595214
4.642924843341702
3.738458122864673
4.470814502144753
4.004068432537607
2.9031617829047702
3.367925214166588
4.342612250624102
4.276167288476342
3.2476109097560886
2.0402438940516383
1.131672474843853
0.5931107402582162
0.3269413942471976
0.22957328319011497
0.23970905201770196
0.3356264729377051
0.5189678407910954
0.7865188141490129
1.0829995426397223
1.2709193830274281
1.211239080723845
0.9621580895664119
0.84312574001981
1.0326455772171665
1.1168013702179178
0.913813998254182
1.004130102001239
1.0584046140004981
0.927590501503672
1.0723612328186682
0.9359082451996066
1.0623970619841534
0.9444273559094638
1.0444839786317142
0.9805226089925015
0.9869237063422384
1.0407306491949198
0.9767903468101289
0.972243618435351
1.0232691633198736
1.0282127988253733
0.9961457729586848
0.9743077573859562
0.9742582883237659
0.9840850737712433
0.9929788511623665
0.9974502395214354
0.9981343597993654
0.9959373207389873
0.9902124611513929
0.9818847388208338
0.9802027789035669
0.9955794074885231
1.0149638983116498
1.0121511900433515
0.9917513761169783
0.9881021916599328
1.0138326398585995
0.9989970281040814
0.9902295569926579
1.0133217298754023
0.9881117993529267
1.0097643592922163
0.990792470441291
1.0111377949497093