22.828382351976376
21.34922234309499
21.500855074973337
21.53387264488577
21.24307538549773
21.43516716583138
21.58824460373663
21.160959782345167
21.073429965035075
21.236264555981332
21.235375511766325
21.118959366236595
21.0262816142163
20.969923304894067
20.908421205932683
20.809185439025256
20.656756762659906
20.465078641273884
20.30282793669175
20.249543611228166
20.22965587242102
20.04250168948746
19.84679113581926
19.887511276811118
19.622132593531617
19.381745144495998
19.45711157712433
19.046351678748184
19.08165852544631
18.76163904367902
18.661434361224305
18.51338502521637
18.161282464604795
18.162413598018194
17.95717894519342
17.566128690223497
17.426093518242546
17.3278783193745
17.13645154023647
16.918614124494187
16.699731920893463
16.47106511514139
16.23909516502432
16.017248068917787
15.806668960156452
15.583838527710618
15.303406439845565
14.952383920349096
14.640809794245188
14.506292124826816
14.349891804737549
13.90054251279139
13.664681326257586
13.603178993057721
13.084031798898415
13.042382888282692
12.598702321568975
12.521645108908892
12.030022115319534
12.017510531736912
11.557471245860244
11.280273814854993
11.244837705511621
10.793385335572003
10.395685992910382
10.238776589730342
10.109087601136551
9.896772387561242
9.609774897531189
9.293184069227918
8.989376712372625
8.722233237453516
8.497868587395365
8.2988297626025
8.061349493069738
7.684512011147555
7.178546870828182
6.856468414788934
6.9423587153196165
6.756180013497084
6.018791334336431
6.127893801619199
5.9021060112918295
5.2889873002171575
5.600085069381348
4.706142904114635
5.102558868897046
4.437856991825901
4.094395009813989
4.737675561974589
3.4755983099262044
3.086421696181164
4.192302873944561
4.597765458346606
3.685684996210207
2.326731086165647
1.2506975242000211
0.6191091894876779
0.31800492301679184
0.21313326481359451
0.2281852207674305
0.3391736470227373
0.5479269452170066
0.8430164284775299
1.1454118619776321
1.285410995463748
1.1322869542149876
0.8690965335823929
0.9078405712942131
1.1299615548260962
0.996350952313306
0.9271825591446547
1.0921712333643638
0.9256806504897063
1.0635954300026196
0.9435373383620291
1.0601748458615443
0.9426556814396874
1.0419647089333832
0.9992874822170962
0.9615059020100252
1.030392470293446
1.025001209011696
0.9785010705476572
0.9676734301723681
0.9897310427699046
1.0145924978939471
1.0270817817071318
1.0290150626885022
1.0269535702359935
1.0243343261140812
1.0201730613146478
1.0108468966087316
0.9947728876455288
0.9803310107283331
0.9858887441954689
1.0119064448189463
1.016320853710863
0.9868453187616375
0.995528987208179
1.0134612704835195
0.9860821723905744
1.012284371709081
0.9891680900996704
1.010886458218295
0.9878160485316523
1.013966410202212
0.9874448902833455
1.0047566286086071
1.0069722408434962
0.9912239598442755