19.701368376259147
24.032191991223147
23.074843335247248
23.266379616364322
23.329261494252368
23.49651393705009
23.16180027333015
23.2881078997057
22.95154853714757
22.93620614707307
23.038624169632698
22.848052284583733
22.665551753804085
22.66330046246176
22.72501484175195
22.708719127391745
22.556615407210632
22.366880115968737
22.302877626416464
22.22131601375127
21.958558631667927
21.81820164433649
21.563858532269393
21.359845632450416
21.344195045223426
21.237079365767535
20.90171388612711
20.767781093622734
20.661533884326932
20.314050567714943
20.319450632693627
19.935214846739385
19.831530393789013
19.4745362365906
19.4790157685249
19.09709657446776
18.915969250186635
18.81774801840005
18.45789234143375
18.121328701272688
17.935177455391283
17.766134269737837
17.53855406823747
17.288908000435665
17.049030130202212
16.779283425973766
16.4875792414981
16.260536825328238
15.975070573644102
15.589274928092607
15.234610117804376
14.921950752237315
14.849100458482583
14.526825654553317
14.057775683760298
13.96445180009762
13.605745863669569
13.23784587455185
13.13094297942466
12.633616271342587
12.483155198205985
12.126501163205786
11.731132259019606
11.693883789385685
11.215789713557788
10.804809116894953
10.700168315132192
10.522718259462453
10.152420472689071
9.730527143405661
9.35793088635375
9.028192373170047
8.708121161526412
8.420897043956234
8.196930124773749
8.01809687036233
7.911869072636417
7.689880782954517
7.145677247910905
6.623524546326861
6.695051856703099
6.5607002883514065
5.74930496488825
6.037626982405091
5.385928000845115
5.352113108431905
4.887330773771229
5.026005440910009
3.989069584905885
4.837854169504881
3.9153837441619923
3.0313128338609383
4.054295003639485
4.719886492698935
3.905395274424815
2.48076541468716
1.3184811924848843
0.6346034465458129
0.3142700275416998
0.20806672634279166
0.2251450185505421
0.34236011875658046
0.5660646214958175
0.8722706939938023
1.177117862313322
1.2874267168323377
1.0851535236245722
0.8453473964849647
0.9629437480475918
1.134142152929795
0.9325837512005927
0.9948812228224294
1.0504477642366752
0.9425904617708444
1.0593899001796088
0.9541604777165829
1.0204629331079413
1.0145699812895457
0.9552283033309947
1.0397213960014549
1.0175012705474415
0.9626282841856414
0.9808235264195444
1.0197905642793619
1.032243494613176
1.0247960288396036
1.0151725756974315
1.0088584881367482
1.0058612021183104
1.011396756252945
1.0215268046401087
1.0218162879456865
1.0134042773538046
0.9885389623585742
0.98166630941051
1.0065279541458898
1.0161936391846358
0.9824334992331698
1.0056743182878038
1.006341841792195
0.9880031928401588
1.0115531501440087
0.9903570444194555
1.0087288112791966
0.9998156017877348
0.9907438261966787
1.0115473117060827
0.9957997755421679
0.987779489137438
1.0023563291181312
1.0108200747182803