16.610164374261675
19.317474084405017
20.080233907999126
19.932802311936197
19.586723056481166
19.72298140961042
19.397485430319698
19.54432684035109
19.33699796052642
19.465476305331713
19.26225686895317
19.41961042426271
19.358646285911764
19.295235312228254
19.276778210259735
19.02531563597751
18.866875176887714
18.94451416775368
18.814236816689167
18.653571616103232
18.73563424975858
18.426742024220868
18.430178614542836
18.202978297073475
18.172249119182553
17.91803242599221
17.95028519581476
17.59830233706564
17.518586848906647
17.40171050697194
17.117651393292004
17.01333488904816
16.934943637797808
16.763003069778833
16.571585514355107
16.267504441522146
16.063174969205086
15.873921581456349
15.664722813739306
15.485261973967988
15.281515256735945
15.078246753303445
14.967369453961354
14.805114833365346
14.659684567550004
14.394369547584262
14.021655178587165
13.859474350583906
13.784803822045191
13.396723008779734
13.226824060129356
13.11066181474089
12.675025517042485
12.677784152935157
12.196045496331335
12.206469554921709
11.74880361146475
11.629708902766037
11.419740295088578
10.955268328963639
10.898523168764138
10.766907079893366
10.33380120529949
9.967736182372906
9.826166558098759
9.705436994245982
9.528517953608626
9.32650768999997
9.05968884311041
8.840142192830195
8.583909754433273
8.349910460923875
8.039715456085599
7.634674780975846
7.241715895465851
7.033302604158266
7.07903528784545
6.884721855589464
6.252017626483758
6.2114704702007835
6.227236294323302
5.443257185371445
5.806427967269869
5.017551979674452
5.335712833824014
4.474743672077032
5.061882263376909
3.9447582567178374
4.321021839234638
4.437333498018996
3.126535778279688
3.1989397352898123
4.295150587040299
4.448559772174471
3.4591814776465317
2.1799797745619283
1.1865498176133353
0.6090893312674635
0.3221939362185611
0.22252846616315
0.2332808333608023
0.33739762881249397
0.535916566727669
0.8135396920099721
1.1168084377941978
1.2816646548008281
1.1754399523459678
0.9127197414637783
0.8676628309290085
1.0907174223711982
1.0614915839281358
0.8954093040828499
1.0717734973922086
0.9827815173850538
0.9918389757514735
1.0251706907558926
0.983535566596579
1.0060737893465634
1.0196491118842042
0.957258314861387
1.0432684754956676
0.9891497289375629
0.9678863127181722
1.025409545118473
1.028218409046736
0.9904833517151395
0.9706832115862076
0.9746880756872366
0.9943399860034675
1.0050070767598163
1.0118543900204828
1.011498444003364
1.0088132591585008
0.9982897949401534
0.9899552667995655
0.979049930976589
0.9853993741883926
1.0086832331634177
1.017709171145407
0.9947663914271719
0.9844060765118647
1.0133598812900406
1.0026507519877608
0.9906191559895556
1.01476077629733
0.9865468987893925
1.0135744801667412
0.987659605629845
1.0134356264725408
0.9919834444870265
1.0034929639249932