10.06976148680432
12.996800051726392
13.160602757706943
12.672236867100894
12.987272355760377
12.971965927951079
12.903836388033488
12.708030175455137
12.787578501558933
12.98151569181779
12.791682259639563
12.803956902419571
12.683008439991651
12.494940072366859
12.51496671479665
12.53179772837276
12.422265927792143
12.313102659093351
12.276955180697932
12.273116566225063
12.261999827317092
12.247253261626657
12.234524997327172
12.188274081336113
12.053960862142885
11.860894250356125
11.764624781424317
11.819366148231206
11.773775520946332
11.545873939077339
11.519379472265541
11.521702441902223
11.218944100480016
11.22376382792984
11.103591044898833
10.98691944480861
10.985802519764233
10.70123216124239
10.737795192888663
10.551136406088355
10.445792642575892
10.37823208951626
10.14068886563783
10.168563801342778
9.974666970643792
9.737219282143375
9.823788492916078
9.624462491756809
9.384178305075588
9.229202759327118
9.257481480056606
9.170223538504253
8.96935283799854
8.772887934323078
8.545002534788466
8.357988331887682
8.231294169287029
8.093506049325658
7.927004301769531
7.763107185705789
7.6200085488958695
7.502975026507772
7.42271941703197
7.379106567744154
7.319088057791797
7.137972253390098
6.809285948675407
6.542709912630959
6.565270874142931
6.581457533022895
6.182062352765165
5.955943421827173
6.126455883639669
5.676315893894381
5.548616463383492
5.622718466914241
5.084934304970706
5.402121624048762
4.716400140938523
5.112858026199107
4.397683156094547
4.772576219266353
4.235546798647008
4.11474912869483
4.418400643157047
3.548407141840222
3.681469506919911
4.159552411653971
3.3642457914216415
2.6665111130639363
3.1113767795809335
3.9313261172598946
4.073699012765312
3.426116899667624
2.4671652059745703
1.5863293330895434
0.9474317969601111
0.5569092653889108
0.3501974978554943
0.2641515422454291
0.2623791421984539
0.3312087013270938
0.4702009676955389
0.6785618927387087
0.9334264192756038
1.1674772611960398
1.2739065193859378
1.1773520686356298
0.9548401780404541
0.8479747431078776
0.9906269472605855
1.1294511441253996
1.0002504020229714
0.910256815544034
1.0654485371974352
1.0125101409874555
0.9378500411833054
1.0695624941355122
0.9508340948497221
1.03533563302839
0.9772639052338323
1.0172183947216284
0.9832322675220377
1.0264210258061397
0.9635341418877932
1.0417101280400287
0.969986008323731
1.0028462308322035
1.0265739065247819
0.9734977573482292
0.9925037766387593
1.0291995181207523
1.0028603462947452
0.9768948925088039
0.9835881296502496
1.0126788930112742
1.0224367533854313
1.0161119144674005
1.0074887409226827
0.9958073191712244
0.987644093900092
0.9869308285355446
0.9886448132624739
0.9895360645566104
0.9915952870692379
0.9973263334881959
1.0062077798622298
1.013886141095303
1.0136091312580016
1.0022761821594997
0.9892036925558922