23.02492434393795
25.530790984384083
25.836264940725744
25.696595350313853
25.31949235484804
25.4650141400516
25.50283850164549
25.203604869317072
25.35949027987147
24.911833126593628
25.056726317078116
24.849265609311434
24.956193560510286
24.7455084119919
24.515121383741445
24.559961184643242
24.44426936921181
24.35695223447498
23.99594356114888
23.90647566699282
23.70815327399166
23.546039494202724
23.464378014584256
23.216444533683067
22.981387553186774
22.854034742435864
22.77783366339371
22.678132769776507
22.426413751562443
22.04539358325215
21.87666435995735
21.783839127035645
21.37029445944844
21.296530246671058
20.9693085511231
20.75074512606071
20.389196353896143
20.277286239940985
19.864945608139447
19.730482288070053
19.446378334086585
19.05198148220587
18.7648276443988
18.660681878554378
18.359964151823593
18.076223508281554
17.692679492898854
17.37265566499154
17.095292245779696
16.78594158720656
16.52330716241956
16.28752244308951
15.967061267582544
15.514094536768043
15.103598280592113
14.945599932166695
14.688756229327609
14.13754199016502
14.023000324510196
13.625588889402938
13.288235812653587
12.997974249411778
12.64962737391108
12.236777516131035
12.166847839404824
11.551322683120176
11.284375811168989
11.199859450092958
10.7728988759392
10.276842940428264
9.86903284289494
9.611933893388649
9.355920152903261
9.066389328443899
8.75624557015102
8.374535960274422
7.958410029038738
7.620674813950404
7.494416050035866
7.4935712791548585
7.115047553679495
6.375331970313351
6.400373765857151
6.314008349167074
5.4165873146329675
5.901947314019876
4.778458693758485
5.427599454336504
4.1495424916547305
4.7694589619064525
4.3873297768720425
3.0900512408707557
3.898762120948987
4.809484820359883
4.136893352057703
2.6436483936616075
1.3851604040477445
0.6529134925883181
0.3111422758871785
0.19964919134758033
0.22209703160345426
0.3478547037790639
0.5789903852021444
0.9008684221476242
1.2056106054576203
1.280159575647569
1.0384384296254103
0.8344435714995367
1.0249711915843158
1.1102144704450456
0.896959048341358
1.0675834634003678
0.9756374753707016
1.0168910687365618
0.9784957997290927
1.0388957805872454
0.9470495907147335
1.0479973849620907
0.99940972626819
0.9577220938092202
1.0101429630339298
1.0414415028257709
1.0147437251382696
0.9871828588255801
0.9700305512497415
0.9709217476802054
0.971011783059792
0.9710786682248244
0.9772508118949533
0.9891354171624637
1.0072559101891572
1.0209854823258424
1.0081369609418633
0.9805186113799174
0.9938740004579971
1.017354279816842
0.9845107000507312
1.0034033193748253
1.0006001929708144
0.9964671010303476
1.0036741244620098
1.003435622193925
0.9886227168470364
1.0140159520297947
0.9949917079580398
0.9891829347700968
1.00986846327229
1.009195737417385
1.0000655235771096
0.989617340367971
0.9904773321827182