17.899382276710504
14.910862168249405
15.131475889569112
15.659660178806234
15.291771098252505
15.215947392009916
15.209526050520283
15.010092225032304
15.202922676610996
14.99768047296012
15.129033556060314
14.99630508699043
14.91563256029997
14.998257482425874
14.752450222598384
14.812401389372544
14.91344051996375
14.744227717559065
14.575481107658263
14.537370642104195
14.567086831881445
14.538192037892939
14.326029151454721
14.144332579429285
14.100851101163016
13.9223254457518
13.858893880190028
13.749293720518484
13.631151430755379
13.552768442857971
13.469584646775697
13.41028196426001
13.389346574327897
13.191433035454203
13.007678579304663
12.805534181974847
12.748978913619505
12.72083613966391
12.444657488449407
12.314436053824176
12.270102932104775
11.934361787228571
11.975215799879834
11.72817624524749
11.644486399149478
11.444143023503116
11.347082505033915
11.07343292098857
11.089056327919062
10.70997714687482
10.688195994193222
10.536843948469159
10.166482324728888
10.092466632160065
10.067777749343838
9.817280647175565
9.49530553694599
9.29177679594292
9.222368350497712
9.149620812205649
8.992473303696407
8.84677892533912
8.661447123496629
8.472143373285027
8.309643214399685
8.104778072270145
7.900933451985489
7.609567851841261
7.290987717505361
7.048234856685357
6.973301848571226
7.0190860938361785
6.7545733831572194
6.263358261728625
6.267854106236591
6.303277785473432
5.698892049624702
5.812299965825487
5.565545630923161
5.197818715034792
5.353458492911753
4.760574063253688
4.982979852140251
4.518798675841357
4.3327080640538265
4.598269298969114
3.6170513508805104
4.034269510424482
4.2225734728856725
3.1320346052304435
2.8425185342436143
3.709585302730124
4.285611153391986
3.8718700744128283
2.8382506148410505
1.7905581103371686
1.0361011781645906
0.5731284648560573
0.33922498726226574
0.24471270067892234
0.2496768362011905
0.3314053217295509
0.49598202606242825
0.7309175813778447
1.011329006043569
1.225556800431754
1.2642702270157338
1.0715403084683808
0.860470534278397
0.9108712500228187
1.108951864828153
1.0486590368703934
0.900284068791439
1.0518365957564388
1.026958051030481
0.9371312361295624
1.0681036708333151
0.937014037206897
1.0552128137964467
0.949521511715329
1.0512072998749644
0.9544469036172787
1.0336015516534047
0.993852931301619
0.9726598362259912
1.034301767597384
0.9939212150889395
0.9698109216728807
1.0127563899956051
1.029730114482081
1.0023432653877569
0.9786187755549863
0.9772248130689205
0.9853342239909108
0.9990564068390759
1.0093161948346374
1.0098115634996248
1.0136310708600615
1.0077072921760077
1.0050563438111697
0.9933640312229994
0.9877196837207379
0.9817612095731473
0.9943946277885721
1.0109546324763379
1.011962392157767
0.9953386203206628
0.9884013761070859
1.0082464181745883
1.003894376833007
0.9887033215309208