11.31205666631156
14.587391402093429
13.737221119784284
14.221223594760225
14.068560573535327
13.914219032468639
14.091914311308235
13.963909799840868
14.039055327844734
13.8298117634284
13.775869419621383
13.990754383153533
13.967504219012971
13.734490648192294
13.602553730895858
13.613372791485366
13.635874154426572
13.596003372718087
13.506763872644633
13.406111388140987
13.319428681730924
13.255011501311456
13.207146079348256
13.157125298046017
13.083175743594174
12.98851755444015
12.9110373665017
12.849931424970583
12.702447413340725
12.461314946376268
12.381077834607307
12.46050816172054
12.30222250950123
12.060359989272378
12.023131573857814
11.982575283585502
11.738326333797733
11.671857728848392
11.602366139051243
11.338809041950421
11.38313608708922
11.082809926786952
11.088846160411364
10.849542170387261
10.779959284404931
10.627191947191081
10.387618939620518
10.449063066851714
10.162552918997967
9.91227203773975
9.943683373585825
9.831506407948588
9.536587576255751
9.325179455839743
9.254354292172305
9.20348689593989
9.089055574829615
8.91451699387142
8.716345280318595
8.52169785122162
8.340671792218892
8.17442275989
8.024520118656714
7.895273144835208
7.778738651988045
7.6262555249952655
7.364390974027371
7.0182219109097925
6.792998102882191
6.815009748459855
6.800554957878523
6.43296410349356
6.100348759053122
6.244766820270746
5.992251281610494
5.5638055950105905
5.841664333290298
5.2074370773331555
5.424285786985546
4.942534737503812
5.0604982949915485
4.546852890307409
4.862855391045478
4.043128053420953
4.560748252263779
4.057441871071379
3.5167577068782014
4.196026938509788
3.835289031119782
2.829092817227914
2.9533191526688323
3.8415638989919327
4.197959097949916
3.649507649352454
2.6446022840247623
1.6841718371099117
0.9902648410577858
0.5681312100617957
0.34572641055729025
0.25458499832062054
0.2541139513794873
0.3298390635085262
0.48218635078063393
0.7079581884561429
0.9744384700200531
1.1991247801980598
1.2684350115167322
1.12737325636394
0.9020142677506714
0.862916536402911
1.057448836624404
1.1098914662892843
0.9254432976006624
0.9712174682037735
1.08370539603092
0.9378407719277236
1.0224526078290994
1.0143306209591378
0.9691724074745586
1.038385995279637
0.9662230905194351
1.025357206173303
0.9914228916539013
0.9901137769286144
1.0289801481280412
0.9639861419202724
1.0209460820012328
1.0167761786814014
0.9670264516168695
0.9964678747266013
1.0300656236904622
1.0102416982511462
0.9809201895713013
0.9788375130286845
0.995913777094171
1.0127617995679896
1.021255472294209
1.02297683249865
1.0218158891948599
1.0202056157806412
1.0187641283998066
1.0171882632620266
1.014938396704145
1.0107470979912172
1.0020397810588426
0.9892454600309674
0.9838626394473773
0.9983077679953133
1.0149708647156175
1.0042231769219363
0.9877726581843065