13.486503355369834
16.58781093302985
16.894777734429617
16.945708180367927
16.734706695933763
16.516073688630215
16.59178512965175
16.645071916814373
16.344514994921397
16.363225190981527
16.526241810810323
16.34382937111206
16.477204800119782
16.111887472482117
16.290519363064355
16.109091360369106
16.133373197144245
15.911374283665173
15.980254300883734
15.846830487541027
15.695871649151893
15.622043159859395
15.697401490514109
15.402004091904953
15.267528851650255
15.213279046939569
15.135553463196029
15.137968614024192
15.003568092204523
14.811121252502325
14.696846438875527
14.60404673812148
14.474541724928045
14.324271279762332
14.16966014109331
13.990739572315302
13.76575464847905
13.536506415550848
13.409967627225859
13.385687679624944
13.23057193207375
12.903999897654371
12.814589384247721
12.78041405846059
12.431500888005843
12.416605195690183
12.132032934344155
11.956877360865818
11.83083253570979
11.63004451454049
11.379852403028522
11.34840293181167
10.938082714611607
10.951401126676268
10.719292749962172
10.34862525459072
10.330104205735784
10.216698091122169
9.893759093873367
9.58270014881673
9.367243962682416
9.279858764096101
9.167508347806226
8.996379294118922
8.822903904413044
8.643722972236338
8.43616009017126
8.194768808351208
7.913000548038352
7.589299308169324
7.27704200683572
7.103282616345057
7.1156468895924085
7.039592866825181
6.578970464591821
6.2264075633629705
6.405944153684208
6.054907423134304
5.6294869386293405
5.906717967921421
5.144960736967102
5.477661449045959
4.756034047137386
5.152486680874888
4.238777588118794
4.8319893061948385
4.049302891162746
3.8189927204771315
4.459791409452359
3.543184127868355
2.814041864386614
3.5439199715958147
4.335726094902792
4.082947041753744
3.034773434624417
1.9094539023185588
1.0830538210933216
0.5860420566533477
0.33258317822490985
0.23583802659238676
0.24253406735361557
0.3336218812678472
0.5087907434548793
0.7619179034448629
1.047142474221507
1.2524340413029895
1.2414349897261308
1.0152363628124201
0.8405574371843113
0.9685765203660694
1.1320041239116647
0.9780440498828915
0.9319266372940311
1.0925453753989307
0.9442330980295813
1.0179817560736133
1.006421168821835
0.9896284702492815
1.0098067653495497
1.0018717394750396
0.9817111968393017
1.037880498793485
0.9594223446738475
1.0162429633351815
1.0252134524954233
0.968450875034939
0.9878931312461018
1.0276429414328028
1.0229286023066402
0.9889732513839066
0.9751858018878112
0.9773878032533495
0.9845238885075478
0.9948312532946744
1.0013476978908156
1.0005283081170975
0.9951051835449534
0.9881725893435759
0.9822379724137874
0.9820293279070765
0.9929172912248838
1.0110262419436442
1.0166946108248454
0.9978771483367894
0.985612881081632
1.006540709405653
1.007573812349434
0.9847370389358835
1.008357634739921
0.9997458275127604
0.9973973941008059