0.7005313897345544
0.7126204970899325
0.748883432274078
0.8091768098486841
0.8928642095987311
0.9983394829655009
1.1225688346176956
1.260799327240105
1.4065517991601126
1.55195635846077
1.6884152969165767
1.8075002968890566
1.901937011637008
1.9665045609184728
1.9986841943979516
1.9989398210986375
1.9705796695522007
1.9192269063886525
1.851997252746175
1.7765314587013763
1.7000436100165497
1.6285388793892717
1.5662994143241518
1.5156909009438926
1.477265648420399
1.4500999904943264
1.4322627450879504
1.4213147910955133
1.414751390425606
1.41033527398294
1.406305578433637
1.401480238884911
1.3952876289920677
1.3877657790746192
1.3795529568719707
1.3718698959643527
1.36647619124049
1.36556577962024
1.3715707993247974
1.3868615602981569
1.4133602053667993
1.4521204910541616
1.5029540542070048
1.5641951439608943
1.6326849662526528
1.7040221953705674
1.7730751676183019
1.8346897421840946
1.8844791090161441
1.919544579342187
1.9389805056763678
1.9440430383980734
1.9379270977411143
1.9251721422581594
1.9107970161785772
1.8993270579194161
1.8939053905668193
1.8956737387085338
1.9035560240919918
1.914497178841234
1.9241162197178858
1.9276427074192806
1.9209423501119638
1.9014154644572998
1.8685758010683717
1.8241837407533568
1.7719030192606702
1.7165534632241455
1.6631211886511195
1.6157409169718975
1.5768742008496177
1.5468618434865866
1.523947668696321
1.5047653399566143
1.4851745990664549
1.4612551384423207
1.430230315340577
1.3911094709843546
1.344903064569721
1.2943646507111335
1.2433246803842088
1.195777413592505
1.1549415496318496
1.1225198977948947
1.0983368312419488
1.0804390744385142
1.0656320088580997
1.050315524957713
1.0314082280070287
1.0071258648930677
0.9774160411361814
0.9439386476080784
0.9095985903041764
0.8777545030190097
0.8513138045208671
0.8319563044454157
0.8196964197655909
0.8129041231706328
0.8087802486637873
0.8041557996806542
0.7963924530479012
0.7841295713904753
0.7676628034133659
0.7488418693695114
0.7305129560194182
0.7156654984293809
0.7065337914103749
0.7039229301101319
0.7069664933364588
0.7133964864269797
0.7202500983476221
0.7248000248984857
0.7254192966217959
0.7221044171891576
0.7164820950574532
0.7112864167918862
0.7094653121169684
0.7132020259412161
0.72317428205287
0.7383052763573343
0.7561029977759453
0.7734877579136784
0.7878368357862449
0.7978903988425332
0.8041982893152748
0.8089367799683896
0.8151411726781141
0.8256104157116207
0.8418677765528311
0.863556206496185
0.8885030788567385
0.9134518968137689
0.9352112118514554
0.9518052952536978
0.9631939899702195
0.9712753202257963
0.9791469415191288
0.9898866212205264
1.005308550274095
1.025179734087674
1.0472189739395825
1.067903954934226
1.0837911193596756
1.0928362127389795
1.0951840800942585
1.0930927522532303
1.0899995339303525
1.089091237769065
1.0919595412344358
1.0979067700736176
1.1042120912877558