34.886704517947706
30.613496565772284
29.75026686798483
29.913328676821788
29.914353955431
29.78050392996463
29.927043789513053
29.696115208480123
29.6618011199678
29.63383950661769
29.471099962038934
29.623072011621865
29.54639306220662
29.14758191860779
29.050183169386717
28.99580325226276
28.659232998902507
28.739926333994884
28.34290784884979
28.371594679321507
27.96069331030454
27.887757518558132
27.786074347543238
27.443700555264815
27.204140799381246
27.048480206207135
26.923196074890654
26.594973261251603
26.28079408087575
26.027797973141627
25.724455085445236
25.497901526828056
25.279649281387773
24.94739146075271
24.616891629512402
24.197722963296368
23.915039969170508
23.719133627610354
23.225982512877867
22.9973560198218
22.699755030714638
22.277651786359424
22.0108040519092
21.62831920354857
21.163900605874936
20.99933553773655
20.525092415698165
20.089183308072393
19.81795356921942
19.53662275711125
19.1993525085786
18.739095746839414
18.352126903546733
17.944242447805753
17.615789941753633
17.249750838914593
16.920757472091914
16.43761128302491
15.866243315094788
15.525333140247053
15.370067718141986
14.805088606805928
14.365312428816633
14.173481545556005
13.50493489610757
13.412457886526244
12.76444394979033
12.534750854518148
12.236847997581455
11.556970595552956
11.311808958343288
11.15141981787989
10.722128259048128
10.155796212325392
9.678993244102347
9.262974063747835
8.87996897517053
8.522819383495342
8.230292874790443
8.039518335952817
7.938145305746346
7.5546035418271344
6.759212845083247
6.47067945132094
6.694412441742871
5.695834659593394
5.832371491341829
5.271229023227372
5.194618844710921
4.372636000527382
5.135206194129071
3.5493487713806964
3.5505561037847393
4.870020027369053
4.578974503158567
3.001017420428688
1.546778314749603
0.6860052550718713
0.30697511478375633
0.1864643573665227
0.21541360763369255
0.35399184054069593
0.6128438950902518
0.9628000450464522
1.2498716293742422
1.2420490358257084
0.9402093505142511
0.8626577638358821
1.1189927614021253
0.9909912291917667
0.950004776402432
1.0722984591558513
0.9352381304631502
1.0508694348556313
0.9812026068668386
0.9729019678315933
1.0549677256903633
0.9801243815960194
0.9600343648090032
1.0100567567364827
1.0398892790561791
1.033370897676869
1.0142683144481435
1.0078875043745594
1.0039453890102774
1.0140297704432162
1.02205543242973
1.0256427928252665
1.0097091421008924
0.9795553442530808
0.9870460959194663
1.0209060691821301
0.9951073759648622
0.9934091226813819
1.016082289164923
0.9851348586415638
1.0161938513279385
0.9904977221571405
1.003534000302332
1.0104846552316673
0.9849462861439002
0.9975476232959223
1.0144008881232227
1.007322319499645
0.9940631491673575
0.9906857610131428
0.9872485596083654
0.9896440393244221
0.9879522655732664
0.991804127970212
0.9946051635149111