3.0052971371308024
2.8846084570263524
2.569183793044701
2.171423031282165
1.8090957535416108
1.5573314629450516
1.4396559314940183
1.4467418665754428
1.5533451781989946
1.719655250500302
1.88974076064058
2.005196126260624
2.0320020167441215
1.9784683280845374
1.8863061575086333
1.8011600810920192
1.7468418180811556
1.721098680366232
1.7092824832918432
1.6993040211339132
1.6872753320656348
1.6765937339917443
1.6770214215002894
1.7030712542811477
1.7660674476830394
1.8608137249772345
1.9583499792267476
2.01594751504953
2.001269438723432
1.9133725789732745
1.784267952386863
1.6604950954909616
1.5790842010993862
1.5533092667924737
1.573091333770321
1.6151377145754633
1.6561005343489643
1.6843323469212093
1.7059197684114544
1.7399076235855038
1.8022776644529546
1.888351617307493
1.9688050454534411
2.0061435457200543
1.9808478307753814
1.9059549969440084
1.8172666287688504
1.7470489824162352
1.702884263951306
1.6678058080931217
1.6192386013819193
1.5499320647738033
1.4750740609841442
1.42221969300705
1.4127883572447248
1.4479593540161726
1.5079988805489373
1.5658708629127265
1.606704856849584
1.6388829893054717
1.6862428450800373
1.765302657843344
1.866413828379398
1.9577238989896586
2.0113387072868107
2.028330309466371
2.037238636323199
2.0652924643776385
2.109978535593438
2.140430973044499
2.1285825730361667
2.078461324439553
2.022625895934543
1.9888169451691766
1.9719219924153628
1.9411989672397532
1.8748714134936442
1.7844673676150464
1.7025609193011617
1.647872601509929
1.6064703217859009
1.549426020462006
1.4663631277525242
1.3769691690534338
1.308201569049547
1.264066453756758
1.2226413389454125
1.1628557246737738
1.0890970526629247
1.0250883201551748
0.9852594707474671
0.9582088979527601
0.9215865437273723
0.8695447876804402
0.8191192828599184
0.7883409212106532
0.7738351102806651
0.7558107898397965
0.7235640394640036
0.6887512643717172
0.6696600888436262
0.6672330556548991
0.6642201160998497
0.648368901927896
0.6286802564183568
0.6229298149142796
0.633342516105763
0.6436352185681528
0.6416627157177528
0.6364018950735156
0.6453284535844628
0.6695558441690315
0.6920079667064287
0.7017954860395335
0.7100812575741012
0.7339612813595539
0.7711082956166347
0.8025094491713404
0.8201974884888238
0.8391612730937728
0.8747842725561198
0.9188407263691303
0.9507910666065297
0.9683674581079765
0.9907940408342107
1.0285654307381056
1.0658975395486219
1.08399255525955
1.0897335554460956
1.104333951604687
1.1288937523921871
1.1416587361492534
1.1323035182279453
1.1184040079889574
1.116819821889118
1.1162798414484185
1.0965988526747181
1.063138662431323
1.0388843377406125
1.0271277006350557
1.0079800100306486
0.9747932273947947
0.9476480827054109
0.9401951513674179
0.9377375185266383
0.9252871407388911
0.9156494729223164
0.9267896705862261
0.9489516320749942
0.9615685602914315
0.9695526486234777