1.705366836549847
1.7668096897739718
1.9893193970058352
2.250371117663024
2.2876820459869935
2.1397098950533446
2.0303931611407866
2.00897137294743
2.0327487301685103
2.069918477191474
2.088895638556882
2.1242543247042884
2.1817278992838753
2.156247259355401
2.0198399108029284
1.8996811006782435
1.9286612292609862
2.1146912182717994
2.286691420955176
2.246972244535876
2.0347582896784213
1.8732475764118295
1.891506028011764
2.0250485267192366
2.1243266822299147
2.133466365790543
2.12988406722618
2.138830149757265
2.073630169808673
1.9262935630359654
1.8304076246032202
1.8937780150713923
2.057543687252996
2.157763642636007
2.1399830167267653
2.103647999234325
2.0851590132720257
2.003144232125396
1.8604012235484673
1.7871239153885663
1.853980568755161
1.9730244241767398
2.0345937641160075
2.0686522804465994
2.1378689723207547
2.1601395799857968
2.0515070563529045
1.907815507127955
1.8385249303101705
1.8005462645415404
1.7415209070288837
1.731280305700237
1.830006661069781
1.9522667886284868
2.007824677527642
2.0568377867859655
2.1384490046310685
2.1446770934307713
2.0493003527228817
1.9682503678780243
1.906307459360734
1.7823174023893813
1.6521954182463163
1.6048741094677843
1.5885931730724876
1.5547785534181564
1.5765886311646489
1.6758576885090688
1.7590581169003445
1.8248303059977244
1.9508976726596146
2.074595395353811
2.1258066266440157
2.1928650350095373
2.277319444329982
2.2768678403543823
2.254646053405529
2.267460296729943
2.214388962544483
2.120553128222671
2.0721206177417537
1.987037940344399
1.857275772126409
1.7755542191772378
1.6820343315718835
1.5475396091867866
1.4585381428793545
1.3730915149968084
1.2525377227395587
1.1728949601900707
1.1033939955884102
1.0043341215053672
0.9418848835105791
0.8900306804419363
0.8133886451763355
0.7704651721030955
0.7348363766985903
0.6789563263151929
0.6554226440273894
0.6336689484667984
0.5968994067542998
0.5919498927927762
0.5819827568313849
0.5639121635392894
0.5766261437874738
0.5771042014456624
0.5787099788549352
0.6075980416023811
0.6179717180841995
0.6406823176154745
0.6825109967231462
0.7026717156106225
0.7461483738338811
0.7945500869631189
0.8238991321906235
0.8826877487152155
0.9275591397399948
0.9632976291225839
1.0238010751831423
1.0529542657657014
1.0880070617710953
1.1292529218501333
1.1333414502530972
1.1558599632620756
1.1582542034784318
1.1376590036313596
1.135561171625601
1.0972361368621972
1.0658454970558486
1.037935996546805
0.9867206090183069
0.9661124710677754
0.9323399049236806
0.9125641351399063
0.9162694284462857
0.9092321757331482
0.9389091818286818
0.9589712717633029
0.9889526596262351
1.0290398965184968
1.0419156118693407
1.0712420523354413
1.0661936701609354
1.0579397380890696
1.042493106407294
1.0036258935745355
0.987679577403862
0.9535545260740863
0.9493496364234366
0.9500307110879738
0.9622561632186589