3.3452670525021393
2.8530585059945475
2.110101926522258
1.9053201502997719
2.232185861652452
2.5786112445372895
2.3997655883407902
2.026556181302965
2.0193006242984874
2.3647479789749153
2.53175192457559
2.262644527484604
2.0080360300117026
2.1154478503969014
2.377990775547746
2.3987491486243884
2.227656058358938
2.1498996588994257
2.1669625090117166
2.1846833284398053
2.2407440546587396
2.3608108721430217
2.3293333501442666
2.1093998705905745
2.0181398919649762
2.180374574922984
2.33399699695323
2.2979920255860256
2.235395839666198
2.1853301039292323
2.065701092226072
2.024042399146253
2.1845550130322304
2.3317022319339036
2.2781015130766766
2.1945407931525667
2.136742135647533
2.015303984077739
1.9739799957901567
2.1189630979567937
2.242794397203312
2.2409825748814933
2.2506229927511887
2.1875150735514324
2.0058748876323933
1.9289619875082036
1.9696366689612768
1.9954323870025732
2.0900313809499402
2.239302278075884
2.2398246367351122
2.1817518327082994
2.134921960909293
1.978571560512486
1.8542795282393358
1.8472968176409397
1.8339390990637066
1.8889106019707211
2.0406379166717823
2.1143524471744755
2.179177228969135
2.243227767233523
2.1639343768943946
2.085217979419595
1.9910502040318556
1.8203837841146489
1.731550273118244
1.6590633190820445
1.5936049706276012
1.6426308046042122
1.691741724235763
1.7701095876563306
1.9227430060980186
2.0138159347562423
2.142144052441774
2.256960330464277
2.2936989658046714
2.3726007097378043
2.3572174449752454
2.332921415924792
2.302699602195381
2.19015459265397
2.126563707968126
1.9942925690916584
1.875422781302705
1.7648731192639373
1.6118783305503221
1.5154325754359597
1.373281489725043
1.2706214399665225
1.1664898858698203
1.0567165378511965
0.9869865072330263
0.88710767763506
0.8338039082382628
0.7603676327722848
0.7107296783242898
0.6682842832854256
0.6213207778340362
0.6037684737511043
0.5659341167893962
0.5637363405441969
0.542381399889893
0.5482221973557945
0.54786336052391
0.5585399774440484
0.5800862434560355
0.595867669072349
0.6370919273653477
0.6601491289773401
0.7162481335380244
0.7488488701846256
0.8128849160014492
0.8555072466238043
0.9189138654855024
0.9685977322229636
1.0219083580964046
1.071568354481622
1.1055194422213601
1.145055870363227
1.1523250020402365
1.171924075612058
1.1496832894391036
1.144675950869996
1.0974795435049094
1.0727637814775723
1.0140752571000788
0.9850276478309696
0.9347776216358459
0.9219286818029958
0.8984393485740575
0.9161614535089269
0.9246668158655887
0.9694998029290127
0.994901402975237
1.043476226223372
1.0567365513452258
1.0803525151017221
1.0600196527817036
1.0494500379361573
1.0034758928378729
0.9817458202106122
0.9451330386355488
0.9479887721014664
0.9486988225248935
0.9840203677914707
1.0086971705734895
1.0412922637188353
1.048132067289331
1.0406729613365697
1.016189748242517