1.5413227245047623
2.629066539183883
2.2827674209322986
2.4396759382221225
2.3975775848966365
2.3511863130771795
2.459074634052669
2.3120234514438445
2.4651894731827966
2.3341441874872033
2.405721573501225
2.411288629160527
2.311521495106554
2.483677662317981
2.2640621697094767
2.4683688907343018
2.318177398925708
2.3699727608403607
2.396860830321663
2.3205848715725863
2.368955565309558
2.377986099428168
2.3003009107363255
2.371507005846644
2.3654708399308397
2.2567320091829397
2.409519872625114
2.304535253734163
2.2576564824946663
2.4083078261042954
2.260910476111173
2.262222853976657
2.371648120870677
2.2600453829986518
2.2397017874625145
2.3200623181314644
2.287445685852902
2.2102941215900667
2.2462515024969245
2.3129039843486225
2.2196552606086186
2.155783623332768
2.2773105287579427
2.2787284130534724
2.12526738878475
2.151904001771173
2.2770250702374932
2.2126619007301906
2.086998510159666
2.122745651628749
2.2168727687943046
2.1944947814053015
2.0890469123394855
2.0431315346336976
2.1100569752188685
2.1869730526459374
2.14154753451828
2.0079278942525898
1.959877257467406
2.059883779893504
2.161519228195412
2.1155994969444394
1.9665598154963677
1.8768874793282595
1.9245261591297036
2.038255871686885
2.0989473510415726
2.05186036450886
1.9303077753819382
1.812935427046964
1.769710362560967
1.823673129328748
1.9386875433996573
2.040013267726767
2.059104023016557
1.9743010132136574
1.820408488696287
1.6643100614227562
1.567409782835997
1.5593962507102248
1.6339367109468679
1.7608862212478456
1.9029550327468152
2.027865713012338
2.113563183103065
2.1484832399006972
2.1297841496015453
2.061285828451925
1.9515540163877247
1.8120093502464698
1.655020499743212
1.492182725014611
1.3330666722123308
1.1846057450484697
1.051093745592947
0.934613578571564
0.8356671326211748
0.753811569015192
0.6881828983752903
0.6378622361882961
0.6020909404224675
0.5803639110498503
0.5724324230136602
0.578238840798169
0.5977938934832935
0.6309985699186662
0.6774105107580234
0.7359610447634756
0.8046448916517313
0.8802299352221662
0.9580666708579744
1.0321086618219675
1.0952728331842096
1.1402512199779078
1.1608103204924944
1.153463640730875
1.119183893523333
1.064583727796375
1.0018446700944679
0.9467651826645422
0.9147715556990754
0.9156136587817535
0.9485314299653282
1.000400354944473
1.0490327656614136
1.0719211552274157
1.057543274361777
1.0133947094529716
0.9645530647101946
0.9406579238692623
0.9569261994793693
1.0016103107816525
1.0415613742777767
1.0460792145777817
1.01282741236987
0.97250459772133
0.9629344947712919
0.9922366981217072
1.0280440385894212
1.0300188433007256
0.995983548668164
0.9677438145691118
0.9817399773976923
1.0203295221403086
1.0312568879841746
0.9989247516439007
0.9699990911779812
0.9870632524789571
1.0222763191519195
1.0193438404820963
0.98587925700854