1.6796422329554583
1.6795243850244919
1.6791708784004529
1.6785818247099848
1.6777574103973676
1.6766978973230044
1.675403623598676
1.6738750046569482
1.6721125345513168
1.6701167874829976
1.667888419549433
1.6654281707088778
1.6627368669546645
1.6598154226919655
1.656664843309117
1.6532862279348157
1.64968077237172
1.645849772196225
1.641794626013406
1.6375168388553965
1.6330180257106306
1.6282999151707005
1.623364353180772
1.6182133068787394
1.6128488685076068
1.6072732593847985
1.6014888339113822
1.5954980836035053
1.589303641127596
1.5829082843202487
1.5763149401730003
1.5695266887616361
1.5625467670989568
1.5553785728894294
1.5480256681635876
1.5404917827694784
1.5327808176980366
1.5248968482188239
1.5168441268021462
1.5086270922819505
1.5002503458067113
1.4917186935210243
1.483037120793718
1.474210800743047
1.4652450953600726
1.4561455562450971
1.4469179249324051
1.4375681327788563
1.428102300392208
1.418526736575484
1.4088479367643099
1.39907258093472
1.389207530959803
1.3792598273943881
1.3692366856679767
1.3591454916673296
1.3489937966913104
1.3387893117620053
1.328539901277671
1.318253575994729
1.3079384853277782
1.2976029089585879
1.2872552477470416
1.276904013939282
1.2665578206705528
1.2562253707628057
1.2459154448196827
1.235636888624259
1.2253985998477568
1.2152095140804766
1.2050785901992207
1.1950147869976533
1.1850270800247216
1.1751243954845265
1.1653156264865072
1.1556096070416007
1.1460150939351093
1.1365407481308762
1.1271951052343614
1.117986600803908
1.1089234797672216
1.1000138204465688
1.0912655663016602
1.0826862644129145
1.074283471542949
1.0660643349146794
1.0580357467101273
1.050204346660762
1.0425764177726768
1.0351579186316546
1.0279544517521249
1.020971231243857
1.0142131155571699
1.0076845149286842
1.0013894222809978
0.995331385112291
0.989513489925666
0.9839383476396281
0.9786080800722425
0.9735243075911367
0.9686881380205723
0.9641001568954986
0.9597604191506011
0.9556684423299898
0.9518231894112791
0.9482231127655663
0.9448660819730285
0.9417494303465423
0.938869945429369
0.936223872925328
0.9338069226362677
0.9316142764533754
0.9296405984413841
0.9278800470467145
0.9263262894519886
0.924972518090243
0.9238114693225474
0.9228354442726202
0.9220363318014725
0.9214056335941456
0.9209344913192422
0.9206137158102694
0.9204338182058518
0.9203850429736646
0.9204574027305792
0.9206407147590323
0.9209246391071199
0.9212987181474364
0.9217524174572904
0.922275167870746
0.9228564085410301
0.9234856260132097
0.9241524182552283
0.9248465102086671
0.925557818847335
0.9262764934971572
0.9269929609577787
0.9276979702113293
0.928382636481809
0.9290384844030873
0.9296574900492159
0.930232121577753
0.9307553782350989
0.9312208274726036
0.9316226399234476
0.9319556219931054
0.9322152458206262
0.9323976763740754
0.9324997954512996
0.9325192223667434
0.9324543311163945