3.258638112966354
4.252619479888455
4.495055836445634
4.106213802691867
4.335635088256022
4.365812447884082
4.21452489815896
4.262934285560214
4.270113157543439
4.371398267992093
4.18882792365697
4.238291912052256
4.203619076258374
4.329029669260553
4.254616920635785
4.242444586174275
4.168512641010564
4.136367969810012
4.185015236754202
4.150283213094453
4.2154563574680015
4.208154965658511
4.174004458918228
4.206703862328335
4.170836078175993
4.127350533436081
4.1462059718499304
4.135253320344255
4.088203827130415
4.077396930037073
4.087666578004885
4.06140543858254
4.000507214055641
3.943093148915437
3.9048092642126795
3.880631448602416
3.8717929688254977
3.8824630977732943
3.895026619965956
3.8700828426468146
3.793213557309045
3.720339152235362
3.7281384917577824
3.7850709474103144
3.7587574982328134
3.6475407970998512
3.6302925314359484
3.697673935479721
3.622945924201707
3.5180022643469155
3.591345525490876
3.5452323797539176
3.417148871857066
3.5060788119538593
3.403837373180415
3.344775787516232
3.422913634694255
3.2527785551515125
3.3721708031232382
3.218374845671896
3.263912799183392
3.1629993791648956
3.1676029393044813
3.110832322473854
3.119484044238618
3.0076030023832727
3.069849562292094
2.8898821277014326
3.051565797133623
2.7933789635298787
2.9176337233932097
2.848175753882208
2.677043477045879
2.8679986359658085
2.6568480495406566
2.5656031784947424
2.771899015193133
2.5575051208079165
2.3741694079779254
2.5979795062412494
2.5991465635149886
2.285422324968766
2.171941263704412
2.424321586433855
2.5393260286636936
2.306867122741108
1.9390491611260527
1.833207687791639
2.0295295128190443
2.367780783666822
2.5904378807368533
2.5816777326180826
2.373869432347811
2.023015883170637
1.6426616055942924
1.2963899569429722
1.0003192645999823
0.7762503273521241
0.6215402006273306
0.5185220710148668
0.46300129950842245
0.4562014219792908
0.49393843499811696
0.5710479750858648
0.686055518856376
0.8345157803719976
0.9959708438919656
1.1314813586746764
1.198253900830307
1.1712128107075304
1.0635506736392146
0.9381413677220429
0.8843534832074105
0.9463425474954422
1.0582869389429974
1.0892498366089631
1.0015969321492444
0.9270863158768875
0.9830189773260045
1.0605583886935257
1.0076516729284375
0.9440403576275359
1.0128589793810894
1.0373401099187876
0.9597507254004184
0.999235445763022
1.0326917623847802
0.9645766588096418
1.0182483024648825
1.0100193065885767
0.9776614810762992
1.0310569363595485
0.9714266172487397
1.0199556417342495
0.9838763128484213
1.0110838267829052
0.9951820986754963
1.0061470955318104
0.9917399067782332
1.0084724024183784
0.9890813755710006
1.017095439455585
0.9797034077453933
1.0178569932484396
0.9896950260033726
1.0005791106452604
1.0093359332473446
0.9858025073284467
1.0096891963530317
1.0032179849923686
0.9871847359319476