2.027408284605904
2.8806274467862396
2.395515317247476
2.7695162008939973
2.4952282837548054
2.6348392696012404
2.630602576399047
2.5061589252156726
2.713630751217118
2.4815463928358055
2.6681754144364773
2.552615296507559
2.595610832764791
2.5609503699007616
2.6323913153780953
2.4918208452283124
2.6512256268229106
2.530182394972979
2.5523295740288034
2.5909844114282166
2.535321501982786
2.55476362369259
2.5162920476395874
2.6143452647775196
2.440357647629845
2.585025374449251
2.519772915337885
2.4951209254994406
2.528501693448696
2.4592770672712936
2.5722926836705757
2.433281295106862
2.4584908438457926
2.5435724966423154
2.412175992009091
2.481860121060684
2.4466291243336022
2.387860037258929
2.512434122200887
2.412261750762512
2.3404960292856
2.461527313729511
2.392490590681748
2.339786939875137
2.4406528274777894
2.359898924130916
2.26201398418152
2.3797052721136756
2.397803860686774
2.2618613780975583
2.285229449660102
2.370917626241317
2.2701077520919264
2.171658362940838
2.269546569770441
2.3443348357313423
2.2297101982651455
2.1330170599103297
2.2129610064568546
2.29218206595512
2.1970296907750657
2.0549231118407856
2.0673441787090336
2.192557256446232
2.2270208143244563
2.1049037558984542
1.9726063178004043
1.9821024905009237
2.1075003605051017
2.192735313747352
2.132349474920315
1.9714944455736234
1.8454926728573093
1.849797162981142
1.967387376054354
2.0975242008683646
2.1389136456350926
2.0554556276769618
1.887097183876856
1.7149728910096789
1.6136453879510075
1.6188372276628866
1.7209566110450125
1.878695356260286
2.040302420717767
2.161811805843418
2.2169412015824905
2.1985134982575487
2.1141830013294656
1.979929920406478
1.8140452270288
1.6330737040601893
1.4500105731797666
1.2742489569415705
1.1124098561571898
0.9692091573151631
0.847830991212807
0.7497523142769772
0.6744233978738604
0.6194340491368904
0.5815892505918808
0.5586602356947168
0.5507974519361657
0.5603541640274117
0.5897432881107327
0.6386708578081746
0.7032031906210181
0.7779344251509692
0.8592199916366082
0.9452728809674329
1.0316040579123154
1.1066174213753475
1.1545052273748355
1.165160047222681
1.1407229228560587
1.0909749033301617
1.0256239540170786
0.957150583442277
0.9085044600407742
0.9041674916092763
0.94606532095564
1.0073947125651763
1.0559761269654766
1.0725600120816488
1.0478658901289375
0.9907004105356028
0.943232948844634
0.9487766361019573
0.9974613598107297
1.040186391452564
1.044394712405568
1.008080607790591
0.962199875041166
0.9626092946722014
1.0123269439341738
1.0399104884587833
1.0125994073800606
0.9746330942238502
0.9729162208078029
1.0127146795895254
1.033533476532526
0.9938237299613754
0.9698898217167721
1.003229087986328
1.0250387487761368
1.0011867268209942
0.9748017023001889
1.002299999453651
1.0257074517269555
0.9879203838626036
0.9837061199150885