2.6315341411516138
2.940109299551066
2.807941276720409
2.817072221535063
2.822219556860248
2.8087442694382885
2.897579773013354
2.7434682280026843
2.7872149939025985
2.944948022703573
2.7236579031036703
2.7924102809343596
2.843360884431614
2.796600962876318
2.851226649843411
2.6901417592255363
2.839949421506373
2.7891885118218327
2.8124462153362617
2.762350755590738
2.714473123644072
2.7972587147064063
2.7396149730386785
2.8279707328959423
2.693733372564119
2.7701398616136985
2.6516809038350595
2.7691286356465934
2.67724032387301
2.7790093573450974
2.680481381970215
2.7271252277038265
2.6598781675854757
2.6510356160367
2.6676091011521064
2.59302362643876
2.69637069699494
2.5696380664712284
2.6871862320539517
2.5991071232527334
2.607012920877873
2.6576273752634716
2.5261566579167627
2.638836510293195
2.5568251966571154
2.51066575247866
2.6141755575928713
2.47584906901778
2.4988422787777678
2.5716596474504603
2.4226076303617763
2.463599846269905
2.537756788353722
2.3881137548642686
2.393936158820021
2.5019953372502544
2.3806499087809443
2.292574293391807
2.4110265094199512
2.403495388866602
2.235932760243787
2.2362964471783124
2.3682941282116268
2.329912838021844
2.1682079488073156
2.1641968527558464
2.3023945580480123
2.315973764735403
2.1463009950397973
2.0180200419069907
2.086885556840645
2.2363653284120506
2.2532980258698045
2.0933984425653183
1.9141559205210776
1.8826487884825014
2.011351575291401
2.1681093654713908
2.2025853000351727
2.072783942671555
1.8637080665454935
1.6959057036923617
1.6418393356015004
1.7098788001868594
1.8682790450593736
2.065103348795181
2.2253536351463015
2.2879051263708146
2.2593891135977504
2.1634571469239243
1.9945434701035678
1.7818831147977081
1.574135220532385
1.3682443296371891
1.168929805466499
1.0067924230647782
0.8691175469706459
0.7487054485651633
0.6647482848445283
0.6004362491779016
0.5533183737344991
0.5374244506748754
0.5341325185303318
0.5534320429965351
0.5985471397703193
0.6535134980149412
0.7365764227882414
0.8277062576564399
0.9247044287452673
1.0273109581553845
1.1016913422022006
1.1606974689365128
1.1705293171422397
1.1411034825807151
1.0781415021715286
0.9923698694647484
0.929727705405453
0.8960915509893148
0.9272247333457235
0.9848687260850636
1.0567111925226442
1.0756525170185527
1.0496475704082067
0.9797114524805244
0.9430261631759561
0.9540698379161227
1.0182415085552556
1.050174322481918
1.031453505848279
0.9705518855686946
0.9585079598173813
1.0010177106239548
1.0401913978243291
1.0174185378989378
0.9659164950011162
0.9809735499890714
1.0239794011792591
1.0234907433988985
0.9774394727208903
0.9792606755761081
1.027542212368752
1.0100416113031672
0.9731294335028045
1.002716063712742
1.022087420144635
0.9867734392889436
0.9885162724530988
1.020030208546709
0.9954203583112086
0.9860928466334739
1.0176258853070004