8.39894817296498
9.048852922325747
9.152469183643717
9.094919927547217
9.014627977372733
9.120385470343196
9.126673377743085
9.011551380576073
9.087338464373886
8.991165266024229
9.067930601951675
9.05313394540426
9.110132972367225
8.954821530142208
8.948646811586137
8.953305716973096
8.92376635484173
8.853654521864753
8.88882126320934
8.762970175643272
8.753637792633992
8.746034835363718
8.709385721841885
8.6473893102508
8.641001903387462
8.501341965593907
8.535172319621
8.464607778731366
8.352060120960052
8.357505633625376
8.350678624631517
8.251507187561408
8.122276855705651
8.033675845156148
7.998765746059733
7.962626059099495
7.882645897325583
7.820479549793815
7.762997146672611
7.64790415932865
7.583674856709485
7.494836592205434
7.4743855522141605
7.436120847731975
7.3692926144871125
7.187300110985421
7.134255147204222
7.1352542505838
6.959178918427369
6.887800273125087
6.881114218454961
6.671248297946897
6.697174656828857
6.48420201170861
6.526004710215065
6.325981864632014
6.302891909238982
6.229912154068121
6.026984578121408
6.022057501654635
5.965589691054522
5.76743320775413
5.616624592885686
5.568757835284096
5.546529183165599
5.486419846892675
5.379533723292967
5.264544596118711
5.170081313513127
5.068223571371542
4.973659870168011
4.880338937434748
4.723241208435273
4.534428765797244
4.336303685404303
4.307132838893652
4.352473463500818
4.17124961196622
3.8868516485325153
3.9956003701505867
3.8346380883166846
3.5763170919042873
3.7564351824401596
3.2786246475180576
3.567800035496803
3.036921727658336
3.318358912892559
2.9961275869998087
2.7249381040500347
3.1710910090548974
2.6565172423092975
2.1531962217464176
2.6115323771194716
3.1505259375998556
3.002655272156818
2.3213691037780233
1.5544559671717746
0.9670953657843283
0.6046511640304322
0.4143394815066099
0.3530726775896792
0.39913391992325425
0.5405324440323815
0.7768102032126964
1.04410788065411
1.2257744177639343
1.1781425150207285
0.958531393305314
0.8686194376891058
1.0472893036200106
1.0814570954272682
0.9166253855490321
1.030800789120536
1.0228564633269395
0.9560237582479747
1.0487302470292468
0.9543831148110616
1.0405536768659567
0.9774358107292632
1.0034042497704536
1.026272849818093
0.9657435328245211
1.0133195621575246
1.0274976301351073
0.984274522989298
0.9761716488050924
1.0021325244421706
1.0207335676124039
1.0218095103250548
1.014312463503634
1.004652078985461
0.9990023340441081
1.001042704015093
1.0033309159180042
1.0089017929960995
1.0162788064659023
1.0136653720305495
1.0042091308815309
0.9869402386291738
0.9908751216213318
1.0099258946049012
1.0058546172875804
0.9887696283879122
1.0055093423196162
1.0021191547641988
0.9919814259567539
1.0112300635483127
0.9902171615105663
1.0092406607954978
0.9903206369097959
1.0047245301439909