6.977930094946399
7.911709596195161
7.775869344334226
7.55457752854226
7.798220395981347
7.76787341121219
7.760462456418612
7.734120322718325
7.659812325603221
7.648701080284721
7.644487533663366
7.5667180782613555
7.653752283467573
7.545979922202265
7.562304875926002
7.629867294052849
7.555708494949143
7.494579728840003
7.499110763679996
7.485244470017872
7.4504225268347755
7.410421012563027
7.327643053506735
7.25765852930161
7.265810454367806
7.218243707042763
7.166368831047014
7.156194116406814
7.068902049876688
7.064225143027794
6.995565702731632
7.023386030968662
6.983336193044629
6.9607163616660275
6.8460671440950485
6.742899567484843
6.78334427788773
6.748457538619155
6.588294068373089
6.589547469365921
6.58632551104566
6.4260017577217114
6.4575415719642395
6.2963260841585935
6.321131858413853
6.181630400732389
6.214198352464277
6.0432337509641085
6.088401401777279
5.942385698611295
5.864454148512446
5.881439920665719
5.725174032460423
5.616662986489488
5.637426302736075
5.608900126659207
5.474861924248298
5.324314299949473
5.235017680217732
5.1973809840756555
5.147505597358118
5.087539862424198
5.0364314104186505
4.944856040941718
4.858974025173979
4.747726170894028
4.622053318531132
4.500789061036952
4.42210963412981
4.4104649147857105
4.430388857643059
4.299942950363752
4.073458502260085
4.021608310526767
4.095469452377517
3.8566580436251874
3.736080458592469
3.854787960964074
3.4881716232750315
3.64571951047889
3.3473021104925307
3.4488665303811543
3.1424112652394527
3.3458791480649017
2.8635726068413376
3.190167940181299
2.8585933890397053
2.5838499586364096
3.0046721397651153
2.726033655682521
2.1274238998448936
2.270724183354143
2.8488009508205803
3.0539953360564103
2.6858647515996683
2.0342047556611007
1.3918424780670375
0.9070456049182495
0.6025294813936032
0.43292115223717975
0.37456080743578674
0.4037951394163596
0.5196431347947978
0.7151335096912051
0.9590011775916305
1.168315434564401
1.226532768608909
1.0822418049515619
0.8952710030704797
0.90717606109064
1.0802069054067982
1.0579675867734708
0.9165446129173812
1.0261312371527536
1.0355612411563104
0.9441260359272892
1.058468532455754
0.9529448579120199
1.037664273531895
0.9634014885215778
1.03607866070431
0.9613651071408371
1.0336089801195592
0.982146117136066
0.9897482444871736
1.0277943670990866
0.9819656180588442
0.9817630130101878
1.0202785806773869
1.0186177432204586
0.9902715519894157
0.9774146689303509
0.9874327642097793
1.0043790652266695
1.0130180882098945
1.0154765192968056
1.018363628693523
1.0158881817851448
1.0157211558908301
1.0146639888367126
1.0095876610200085
1.0033139876936152
0.9921805922240071
0.9871292074320966
0.9941375063030855
1.0070841692084131
1.0108250047198983
0.9929920032682901
0.9918284549646346
1.0108892654929975
0.9986535405891898