12.564245195784212
11.835271731988737
11.796679588484086
11.829638686498592
11.886245860731925
11.825970628602986
11.650282062647314
11.68205958909872
11.830233053581217
11.658397638314883
11.661682460119899
11.638802576839986
11.631753536189214
11.515237190593837
11.600392183773225
11.436402756522483
11.432442296799783
11.471823138055061
11.312210954785636
11.255081750240215
11.231519009369533
11.177916746719006
11.133845917309383
11.098839339618387
11.052731098926012
10.988788983537408
10.905673620526862
10.800337466813106
10.682758487275414
10.594899551123854
10.563107832508823
10.493615632889929
10.327373354289298
10.288548833558394
10.255810439713194
10.042654232535611
10.068563828751984
9.873714314011105
9.859410722658204
9.691020190490503
9.611387346433489
9.563721615304388
9.35672542962803
9.264204350662572
9.244023929205984
9.12479820336149
8.963451301015466
8.823094463792534
8.697615900329373
8.574205444236341
8.454160989556485
8.346397087886702
8.25908078454513
8.180729601984538
8.059779679856746
7.857956999755651
7.68467829814947
7.649496967553616
7.49898910119132
7.287841188172371
7.295016812577426
7.006802583330322
7.022173008231364
6.734969835369987
6.7537911846791605
6.491908476606261
6.372421803029517
6.3450663100110996
6.12102425489259
5.886087840644943
5.7954858947576735
5.750611634336902
5.658392318486354
5.52481781243281
5.382492064850937
5.245525145675894
5.104239373845063
4.926211736926949
4.679513446675107
4.419035255210828
4.333140022504089
4.414998544364735
4.174487638282661
3.8102757431923164
4.020594641756253
3.57959532973152
3.6362311050194487
3.333374494385712
3.4361750398553492
2.841397126826639
3.377550507194616
2.744044507260549
2.2943196904637366
2.996337073886141
3.3650469615352354
2.792903907489934
1.8526394529025436
1.0805181318485022
0.6124891413953727
0.38676553492934085
0.32620737774113123
0.39414888187551456
0.5841089855578185
0.874443639870941
1.1589177947594862
1.2359117059731077
1.024757350341584
0.8568005568681635
1.0353526793068926
1.0794278897515204
0.9089974616707076
1.0700002395972992
0.9550592136938064
1.0399986945145632
0.9571155441913187
1.0508839560281522
0.958289828802248
1.0072108975036864
1.0357887783350879
0.9757283324361865
0.9716366017611863
1.0076321214663215
1.026748627198393
1.0258621796595777
1.0193949253177017
1.0151678820059349
1.015194538848062
1.0186975450825384
1.0217793934200223
1.0167975971303262
0.9991551115533196
0.9835856800462536
0.9965281540429904
1.0155563628843987
0.992824766186735
0.9939524903139608
1.0134828240130156
0.9854603965557706
1.0135584214513689
0.9876876920474947
1.01041318934532
0.9949317823107656
0.9957753569399383
1.0107093197699464
0.9973724952516118
0.9894033165599163
1.000479034453274
1.009028107381589
1.008339036975204
1.0050296580963454
1.003271286923509