6.941111626571367
6.20573484520898
6.187773860766295
6.161667557757109
6.102509330891495
6.029128153567827
5.998615944660988
6.041494294211477
6.08254934638244
6.011573127563445
5.888777554522593
5.883690906372774
5.937588920138621
5.925065791866388
5.953602138188107
5.910297656075961
5.790789142489526
5.902135475492408
5.867636174129867
5.779109313496719
5.801902205753686
5.815788716646915
5.701890215129279
5.7802160625043
5.671718435702692
5.705267768840523
5.643096883523906
5.624336880817085
5.618619500537147
5.544224625141574
5.542347585310181
5.546626574235368
5.412123725537975
5.484811804295496
5.396475783906912
5.362020047528195
5.381472902759428
5.260523997257923
5.210339548363247
5.263077063161265
5.232668492670647
5.1240554421320885
5.060664532795237
5.064101383237642
5.070512365695842
5.036399899967289
4.967243490943447
4.887338886727877
4.812987080664685
4.747194531409256
4.685909303372835
4.6257020192598794
4.568784179870359
4.522591719917346
4.491964012496107
4.470667401473883
4.448080179936998
4.425272042356232
4.39697079218829
4.316750726143935
4.170760646849506
4.076747402255507
4.108051985172365
4.121719758245875
3.9946785311217416
3.842490991288036
3.8954137242022564
3.8800757008030757
3.6444914284157206
3.739665390041474
3.644012018231313
3.4825275944792202
3.605574333199656
3.3162832731344545
3.4907464656638845
3.1800383849762186
3.3723688852384113
3.032115652721573
3.2545082961757372
2.906479879601342
3.047150944851319
2.9597375905469057
2.650825187527719
2.9528610267290043
2.7363776617430315
2.3852673823836334
2.668876824345782
2.78600618165856
2.320302114288163
1.9707162345975613
2.191175192829305
2.6554448873338945
2.870096884789274
2.6731187500805174
2.201058703573065
1.6605770557017947
1.1893704208715563
0.8381362504674261
0.6045832042675703
0.4680514112742841
0.4095140887240201
0.4191926082216351
0.4958171624595004
0.6385276279361068
0.8327442000935789
1.0374301884721095
1.1857424974312258
1.2080242297390424
1.0850960926460202
0.9161317284118969
0.8830291164541705
1.019108217875779
1.0994846468574355
0.9925614526901756
0.9261853595684818
1.0409296373640964
1.0356298064157197
0.9390555151859796
1.0403418007149012
0.9984363590379113
0.9750812512721885
1.038688078059824
0.9593807324130053
1.0401499338829123
0.9628011886302467
1.0353727335134548
0.9685598649165427
1.0271903917242402
0.9802321016994442
1.0079368756380904
1.0108064056445953
0.9750523161366683
1.0190687619131682
1.0054077530921588
0.980055274479793
1.0081571581252124
1.0157945208060677
0.9896855924688277
0.9818621756759068
1.0001651297310108
1.0153208840982613
1.0128652885665395
1.000617306772147
0.9900325692777717
0.9855493360316931
0.9858405129954868
0.9881410554447697
0.9906226648250464
0.9926021663059694
0.9937599325575419
0.993458622579342