5.301260608092443
5.520578013057139
5.593869425159896
5.655821549639578
5.634214080297584
5.5182521827176965
5.4373782329638765
5.50131855371513
5.571535228630863
5.490752636934085
5.457763458413488
5.561219699943387
5.4963926557039455
5.426785673012774
5.484302598493511
5.347759342472896
5.3991453584412525
5.400908890783368
5.387726490466286
5.389590876782429
5.285858497258886
5.341484048922254
5.3117342915579036
5.271743281114495
5.264317280643915
5.216952864203494
5.254322494641631
5.149159883578957
5.172464551607982
5.165916994587644
5.092478169176827
5.046840990268799
5.118500682144014
5.023433568538976
4.956447041547174
4.932876805436035
4.991216577526147
4.931273425046722
4.879469084653547
4.784135166958777
4.737840124307449
4.7410533901682035
4.710208341304792
4.704349744771039
4.700789753765845
4.6555551143361775
4.610794251812136
4.585828144504521
4.549231423434202
4.486580103507147
4.412008981304838
4.337896131968669
4.268362071575323
4.2142022121240155
4.1945251805148605
4.2097254761408065
4.211349454679728
4.131659627921844
3.991111066693824
3.9294730503851896
3.98714726528026
3.9535081414308277
3.777379724701643
3.774115322723542
3.8316372963862944
3.628966852493149
3.632024552551787
3.646446834594673
3.4201546625014654
3.56224853597304
3.3369763524163925
3.427441164359806
3.252320375668311
3.2893797654995947
3.1240702594133274
3.226646782886484
2.942473673210639
3.158258695826453
2.8253222032606815
2.9371533698884047
2.9233488916430708
2.5837454596176146
2.8214438025063777
2.779335934133903
2.356710747112413
2.47865868526093
2.749154099140293
2.511193504976467
2.0357180056996995
1.9771918935495456
2.338179881857484
2.720047370088596
2.7940331232758275
2.5132073264037147
2.051219195910051
1.5613058149432704
1.1350415684044977
0.8183561074583094
0.6074081191911104
0.4797870728902495
0.4211056796698902
0.42592301612779165
0.4926260482709624
0.6186091870984083
0.7929021862796217
0.9869983076647072
1.148830742336938
1.2127672956453557
1.1409292642346731
0.9822170565244063
0.8775557409776462
0.9368885211761994
1.0740239808858838
1.0772500846824187
0.9510658163432295
0.950186703107175
1.0620314047562986
1.009015178637517
0.9451483058490429
1.0431566345201606
0.9927789667916666
0.9737581658860267
1.042406041905568
0.9618699554984712
1.0338493637283854
0.9726704194585529
1.0206084980200152
0.9824342730155993
1.021393638335122
0.9748851693277099
1.026945131053095
0.9758705506448322
1.0165746511518565
0.9978268873413865
0.9865037245348698
1.0203697561944902
0.9917734992008601
0.9864587315411134
1.0191927972876609
1.002302233354769
0.9838791711121773
0.9955887076125925
1.01656909030619
1.0082785108924528
0.9943938965505372
0.9845676604855912
0.9910744745450354
1.0024730658963743
1.0079714459266478
1.0131097070418007
1.0129194331382425