11.922574721153556
9.893917979053635
9.92684813209951
10.011899981772713
10.023121117963878
9.80230548888999
9.982913783950645
9.96512049396462
9.923055372355668
9.939115028046443
9.863446377487662
9.76688111832753
9.731257988778625
9.735475792142253
9.743279585254912
9.74778233211042
9.750672284646077
9.732711983729121
9.659341792633223
9.549355884552101
9.505147575894748
9.516463671442486
9.404904561836974
9.328624264281139
9.397665377846314
9.245065485272708
9.234548466545863
9.131136829739896
9.153922533284325
8.972583975429215
9.04338824467981
8.869813377698899
8.833130257132746
8.806037825838802
8.723192579288032
8.569104998496384
8.524604584355645
8.518867259123732
8.44384147264856
8.356101378426786
8.281154596960915
8.200137852048204
8.11175120546905
8.026178713690932
7.942783078413681
7.844514685772834
7.712141312027048
7.564775829162841
7.479844793760168
7.4734337458004845
7.379243198347202
7.189794748505954
7.16969624241386
7.049205407187491
6.889626029357248
6.9034478931319425
6.66823913328669
6.680935458416661
6.488684828784453
6.409855402117693
6.36531260440838
6.117140604925172
6.10723240531189
6.047405817127892
5.856474078701684
5.674885361645841
5.580822967611517
5.542981320062349
5.4819232788346675
5.382712652737122
5.270878949619799
5.158710131675461
5.037962932532604
4.88901945574771
4.69703050689606
4.492760647830495
4.3821983201046
4.418538372475809
4.362291570996309
4.020698752888947
3.92769675058857
4.040455985615906
3.601165144719409
3.7531815126602135
3.4299967176820574
3.4834510769294917
3.1383479144394872
3.386804864046255
2.7329592644568885
3.1181784117275315
2.996957123730796
2.241271459139917
2.4771892473030745
3.144523342041956
3.1396010788059945
2.4712900373230493
1.6489219191341293
1.0036212941579752
0.6049736058944525
0.4039907075252116
0.3437656259729187
0.3961065869060305
0.555443141941094
0.8088731391579081
1.0878010239524383
1.2413371537177413
1.1375339597612062
0.9053109176274713
0.9063391483970636
1.0983678924329503
1.010289423740387
0.92964519364525
1.0795853666575377
0.9426085343505085
1.0430492019075206
0.9634506352438483
1.0419200718244206
0.9541105425917192
1.041751398780531
0.9850403263959812
0.9782802661585799
1.0311660020987239
1.0096679687516188
0.9727535764001417
0.9802028061359134
1.0089256699075133
1.0229927934649674
1.0224072934321005
1.019110412308042
1.0176223839024048
1.0179437852924047
1.0191358342190755
1.018582141664896
1.011732210031499
0.9969448384586405
0.984690900588245
0.9932916211964865
1.013812539203689
1.0053973793573863
0.9871700543502615
1.0080832268462954
0.9988202811840251
0.9950246027351276
1.008932960244135
0.9904669468010265
1.0077162899766712
0.9963538516791762
0.9975441408078966
1.008825333794101
0.9905161302110742
1.0003966052103892