27.767858752919814
25.156478341276667
25.284810736748074
25.2080189753839
25.134251055083087
25.196762569281802
25.231443103527546
25.08234693295397
25.021822002189555
25.027548473213724
24.989019437478948
24.808905678584072
24.779244225427
24.68366608184853
24.527763251337753
24.387715517954266
24.247650663788836
24.222691236798507
24.00561932412892
23.90560118025121
23.696708155874727
23.606012271462774
23.31945819626871
23.1536041069046
23.043167939582688
22.848739519629973
22.709332076462086
22.46653570220358
22.24025503582682
22.00218363452441
21.76294510625478
21.610459256905255
21.318280996121693
21.07968001976825
20.86502648490541
20.63061546944129
20.333112571365067
20.164278554405765
19.886898291971775
19.598501568186062
19.282969935924164
19.014193940910307
18.730347287137505
18.51461639290352
18.26029510014946
17.89650069577321
17.541852703790777
17.36256518822771
16.951169950528122
16.75815846016174
16.33589589869667
16.13091239641812
15.853774163406449
15.450704973156448
15.109946776548151
14.773229977453243
14.468500600923104
14.140149436071802
13.87940317164105
13.64523101192005
13.278599949958277
12.849688007692217
12.674699996497194
12.20861959457706
12.041689968000615
11.572266778499564
11.31370039376665
11.077867942429783
10.723698736163408
10.340676537513446
9.993996034303969
9.688135728344882
9.4373506522219
9.18665944672041
8.810264834120181
8.345992349558907
8.227513257308487
7.816496230146078
7.576328548055831
7.141770590620068
7.078367500668797
6.60950503654729
6.182354610142296
5.947292450000678
5.749131456780974
5.471117749165027
5.117638699365873
4.692433420174362
4.4542631403888295
4.6110715845278145
4.137981971357746
3.595814001236651
3.9330455143525924
3.085485800327244
2.9212474659578413
3.9434457448042246
3.101689256251449
1.6128101008870421
0.6934521205279274
0.3235875031662952
0.2679138846548565
0.42078427919335815
0.7674283157310987
1.1739598344634072
1.2221145973699432
0.8802966800542182
1.0074761727965293
1.0428408435021221
0.9733565393303131
0.9897553393819015
1.0632094828877645
0.9574999856015308
0.9550768444894396
1.001190350928495
1.0218243781208867
1.0255756958757682
1.0120762934763752
0.9872586716288949
0.9706001309275796
1.0006047520133874
1.0238666854735252
0.9761450758287534
1.019075027947426
0.9804340564645121
1.0205668507724521
0.9934859707147412
0.9843115524551947
1.0042885903131864
1.0151867097767762
1.0143838616581051
1.0149661678066468
1.0126556868611263
1.003574161781576
0.9905135283963707
0.9949092576610482
1.0119974918174885
0.9914311819971019
1.0080596316445032
0.9921050925842417
1.0101494051621596
0.9968812970260894
0.9910878279642579
1.0005327529557124
1.0048888782699048
1.0075816245631313
1.0056465140356645
1.004012504516409
0.9969047521820037
0.9926258473776738
1.0026036579721604
1.0026424495713089