14.382194750988816
13.996889202013726
13.90034679430828
14.122549306410452
13.844993326624818
13.902478331855962
14.04295058320112
13.968448408165212
13.829030572619425
13.74365610181161
13.702067311329866
13.668291297626427
13.628065152514974
13.591700936691408
13.586529595455554
13.62051013642441
13.612125281407556
13.455216091307575
13.322853914545526
13.399057941565209
13.254827239454091
13.167092480604328
13.154020978429804
13.006052333397804
12.958047037770335
12.906500208568987
12.712369654328718
12.710568846671077
12.647274712628905
12.47878237445371
12.335319988449147
12.239035550538983
12.153313383826736
12.055596404670558
11.941076305915056
11.811914640090016
11.67833408176626
11.56512279107011
11.490479831036183
11.401151666088262
11.216546424349076
11.063195726024485
11.008789499505133
10.79566967095306
10.718392047896215
10.527305917091288
10.449206418489412
10.222625701676781
10.15694217510125
9.99703155850833
9.780325717856824
9.65507576171325
9.558779952625605
9.427746338144672
9.269051495128835
9.10617396949342
8.951196009724505
8.803500426396015
8.646588636042491
8.448415931298566
8.209384108455314
8.038303189639457
7.98783270650066
7.783021911597774
7.528582760206356
7.515077168796997
7.179553300737507
7.183269473707386
6.834479460994099
6.826613827146006
6.596902157335279
6.317677324112418
6.285802762121458
6.186153173929992
5.940345836689012
5.676695089792853
5.456163117060374
5.267266019555805
5.093246134661562
4.9431442364749625
4.851317833988179
4.8211030729238615
4.704775879346668
4.315651217326203
4.029336975255494
4.2245765572914
3.80238553989099
3.6515695170209477
3.643020388659476
3.2913771946049257
3.154315831730931
3.39357527805934
2.415701739121819
2.7423547234226002
3.481559699166551
3.1170528938625934
2.0856730001111354
1.1734853787081805
0.6257492172675168
0.3726971674407493
0.3122857863378345
0.3972529332602239
0.6196979988129682
0.9446537154451704
1.2165235924203288
1.192465529990453
0.9192593923938303
0.9106177680311723
1.1173299299297843
0.9432639238537589
1.0175567670735008
1.0006616790658576
1.0090735647288043
0.9715596399082206
1.0509366556472428
0.9592986145651581
0.9894684326459801
1.041008522833893
1.0168058199164536
0.9801504841601366
0.9678459198732684
0.9704341228944997
0.974315508366834
0.9748427854459956
0.9744564600923821
0.9808328338101309
1.0006087131788357
1.020724080921667
1.007895766119413
0.9807772010277295
1.0062899720963112
1.0076584574572645
0.9864474110688205
1.0147625996773095
0.9865060004646148
1.0098445410043417
0.9986529809666547
0.990357469901548
1.0114608252488633
1.0043038198632395
0.9902365999413105
0.9905609920483104
0.9976798456211169
1.0030110763846232
1.0050079920132908
1.0044875489987615
1.001673980055082
0.9966781499146555
0.9923279668660733
0.9951963727077411
1.0050858129144604