20.729410685555784
23.323635377470154
23.255789279212827
23.301247318594495
23.044188622103174
23.0342825402619
23.11970036904911
23.095215648112454
23.002024217167303
22.916113161231923
22.904718438360874
22.92007758866367
22.739139262398954
22.57263583617527
22.567320363592497
22.429226568635602
22.308620901099236
22.271237035514883
21.995475060348152
21.95480009929039
21.853299869745126
21.697457765692658
21.566362394208447
21.429767655806337
21.258793403671216
21.03863010991766
20.815926033571774
20.690403258459444
20.507891920930792
20.261145024462525
20.18038041788019
19.84246918228832
19.73803932674662
19.510348879515536
19.247832224065245
18.99720452963959
18.802172422727615
18.617220510076727
18.391644088350546
18.12813899416622
17.84311993603421
17.589049055211564
17.41879029086526
17.164238452727226
16.794166429935466
16.65562336694183
16.28828217658498
16.11320217864099
15.790814641954563
15.459993239300752
15.28499137324295
15.03608331656573
14.733715270745368
14.447759604349514
14.179589388552744
13.910304206636276
13.594750342703707
13.212456612231525
12.924857037850233
12.741804996928304
12.320132579485017
12.161290804210589
11.716379115723573
11.586107241170957
11.194468907510156
10.840499233725
10.605726611856664
10.376767764271953
10.117408228864951
9.831053868987572
9.5171940890969
9.15283487732033
8.773287121315064
8.560971434432206
8.399476702504629
7.895692334593634
7.804717735163668
7.339334697934218
7.279593291968983
6.780734513992011
6.514021954273124
6.437233080129434
6.210698269406246
5.895283980338514
5.612151945668589
5.396218308515711
5.202598920661908
4.842657563706974
4.235551588012976
4.132624298418885
4.261874458889723
3.322598746025509
3.9493799719886296
2.8070833848810532
3.0509435103178952
3.8838470290562013
2.9365572675664975
1.5382718905726136
0.6808505735292962
0.33091256246195366
0.27315890958639827
0.41548358441211397
0.7448964719560227
1.145083766522519
1.2418650232521333
0.9176277922817369
0.9524605331392553
1.0945071042421735
0.9184751244458522
1.0590201107655015
0.9962610431489022
0.9477438725407298
1.0322491758653793
1.0484329471961404
1.0207147665631173
1.0004306647520917
0.998141836618864
1.0103994465057233
1.0272929708787608
1.021131659448438
0.9815127168101936
0.9895893391170796
1.0228732821198994
0.9781232210081919
1.019874321864182
0.9844457522233033
1.0021708601163668
1.0163251196738075
0.9936115397868923
0.9841663953661643
0.9882377666635673
0.9910075322911083
0.9895281064528396
0.987027530754259
0.9914426333478389
1.0066396731043472
1.0083781750047034
0.990352152507999
1.0071482674955297
0.9935992574765096
1.0080171389030788
0.9901804104349666
1.005867494146429
1.005407268502446
0.9966995983397997
0.9928140351169595
0.9921958113545654
0.9924493627712482
0.992463854483786
0.9942586633665318
1.0009716184436257