18.808095287431605
17.983226842353425
17.989971657658756
18.13745351244525
17.965492590778
17.81271405818045
17.916636578171214
17.945256137831752
17.869075224188258
17.772241600893896
17.682647499861094
17.626611211623572
17.643679539198573
17.659692560819366
17.53102638286213
17.461006463264926
17.38872537715932
17.237833174315874
17.267771201662967
17.06581779857749
17.00748588225827
16.933639868016282
16.832219123621353
16.649717951327034
16.497178481217663
16.41910764578787
16.32435950925424
16.186945664744258
16.028925916510648
15.884060019474537
15.790296418676274
15.709422838608639
15.503732275620012
15.295521813237604
15.216295654609644
14.972126297634578
14.918876724300754
14.620562876480628
14.562417790970615
14.35630839932656
14.125017957668224
13.95430946106847
13.813902309045506
13.674488095103888
13.497266324738906
13.29772957841404
13.090690630275649
12.862699420145386
12.605491220508329
12.387029913361353
12.280146229014962
12.07795599899034
11.767494023545304
11.673611468063202
11.349617926499516
11.261441998075119
10.929987980743356
10.756921742337186
10.620293664587654
10.326451803627016
10.054169016433066
9.822206037807641
9.611091494749225
9.398066644629349
9.166470046298322
8.926919931120098
8.728635890159703
8.604528800300468
8.409814032254207
8.0309722089989
7.89538796619061
7.7089693836646935
7.387299272489916
7.252508513375317
7.020083899018745
6.668093235222945
6.647823334493391
6.411919621769788
6.043471418618453
5.758210922213079
5.535177900691329
5.31686998170651
5.078814368919262
4.843376142102183
4.704416728125554
4.721232863753461
4.566864058125068
3.967058112394784
4.003799332789083
3.8952880636196547
3.3666500038569014
3.52720668099146
3.264062762456747
2.4683595136995757
3.3925415549486453
3.564917104993571
2.482409911762202
1.3349771518817841
0.6483864802033799
0.3507414700211851
0.2914692964463186
0.4043032246626944
0.6795138874381554
1.0507607566929815
1.2625289959498447
1.064005772528265
0.8518138429865
1.0843336312823473
0.9909555730009583
0.9893176157052253
1.006569557629215
1.0252765152574312
0.946508954468886
1.0420125850410933
1.0272936319977939
0.9696304803450682
0.959718095642095
0.9769247858874868
0.9893984659119538
0.9895493543416285
0.9809229988878251
0.9731542583773921
0.9842950459686792
1.0160812242184878
1.0158800877475997
0.9803469807599589
1.0107617121920198
0.9955690115362207
1.0036638671692166
0.9924441446579597
1.0143056138010256
0.9859856752356768
0.9980496131556523
1.012507439102269
1.0089576290210556
0.9987554018617482
0.9923150787503747
0.9912688085248648
0.9939287504715019
1.00013438018002
1.0081688348883453
1.0082744095326774
0.9943392273360573
0.993449013466933
1.0087654853927799
0.9935048550717123
1.0058583603253433
0.9930236506515002
1.0083986511667749
0.9934413641691487
0.9987861124214674