15.126639469208447
13.13612658008066
12.760874258303224
12.749043817237201
12.815080541650351
12.664358983069823
12.78303264058292
12.661807851539004
12.778429868412625
12.709203018875993
12.772518836317067
12.693571856656215
12.525242116384796
12.58421215156098
12.59706249009818
12.470411985044233
12.511378547912619
12.335296526408085
12.378327978787224
12.216386801368008
12.245081004627874
12.177821983082154
12.051583713807135
12.029014417498557
11.96627783498276
11.861524776092477
11.773262095436829
11.642429801810023
11.550240262245431
11.485789828701012
11.36465082186536
11.312705077403622
11.222717533719502
11.180315477878423
11.104848083202555
10.906480129909816
10.786687255591048
10.788597326820542
10.615672072130305
10.490095518357643
10.412019025937502
10.231172415113091
10.16286804295097
10.03141820613734
9.860113935595626
9.840859611613093
9.677871156456423
9.48272939898532
9.371680445401697
9.296938057998776
9.205661161274204
9.054616843569374
8.914826754735108
8.785180218752906
8.643495983958374
8.509236817453768
8.327902790988796
8.105949169786332
7.9610731232838186
7.907634588981795
7.755462049526883
7.495498446400513
7.48512547374577
7.2498507932901965
7.147724970047899
6.948015176125578
6.879170400056246
6.58609920241445
6.5880539781283
6.389205524991861
6.1060850721502495
6.011874585770227
5.972115236714278
5.848481214001787
5.655453106505618
5.476312039087293
5.310424195391073
5.176984044676446
5.069661355087289
4.942827464413367
4.7030695201726
4.371127789319371
4.210579785283926
4.3312842446359365
4.022264621227491
3.7121315515393074
3.943319260885761
3.2944667013139726
3.697376003136346
2.94602788777022
3.3188837013959547
3.0885421369324204
2.307035293085275
2.8802901903130174
3.437266488341456
2.9520728926066795
1.965834201474652
1.1231591995412966
0.6193341125265562
0.3794184261758377
0.3192821119995186
0.39504181320652276
0.6025725967016429
0.9092069989828536
1.1933202262621148
1.2189592474473714
0.968932983213139
0.8733664583191822
1.0908639878110962
1.0094258230871214
0.9432360502303798
1.0693156579833558
0.938071922157591
1.0530184284681294
0.9718375374866254
0.993179693123574
1.0408240314135027
0.9689738142696402
0.974977742539442
1.024026994322384
1.0332255007089406
1.0136734883307688
0.9983105694357011
0.9895820482293087
0.9882955902297998
0.9949931719877576
1.0046782605206959
1.017870301483655
1.01916940490072
0.9967754511161332
0.9825255061827399
1.0063781614779106
1.0108308399717925
0.9832621714111535
1.012360318447889
0.9901355522994281
1.009845729821218
0.9893699446289503
1.0129833744912593
0.9909737695401253
0.9966682399256688
1.0102633227753395
0.9997307642956828
0.9909230746098626
0.992812128689765
0.9987843382265725
1.0050881187198537
1.005291729039237
1.005657558867362
1.002850991086463
0.9987787435651261