17.58051643483038
15.075673542495412
14.984777366946204
15.19319017421989
15.124475281484472
15.062053462413278
15.144118463500194
15.034495721018988
15.134706158419382
15.12798406866987
14.953723865933421
14.973758532550336
15.01800542138637
14.840149585411382
14.77941119510201
14.70024316584606
14.678263286775152
14.563481050380993
14.541317396478705
14.44385776017902
14.352598624828042
14.34405489408285
14.30537318731749
14.147889710261305
14.064212751671057
14.03803681882959
13.836722088747784
13.831380347777076
13.607914791784674
13.578671058065805
13.394658753125457
13.303618668805258
13.24858897964062
13.081383029783007
12.929562292628315
12.749190168837313
12.65971510679844
12.503663926797287
12.386246259965892
12.23490615998058
12.063891350043917
11.956183392189685
11.887839504635922
11.743094493524525
11.495672741884915
11.387927614715485
11.263066480105909
11.021802692949327
10.966934875034273
10.703219830514108
10.591461296046631
10.427677509620949
10.18005942548976
10.07641897093517
9.951248634454068
9.770637369337758
9.52812384168582
9.339183844323331
9.13482940884987
8.972758055815135
8.822239111999874
8.68225488698763
8.544134512561213
8.314728232274556
8.034977823157277
7.944941856875744
7.798895141114945
7.475782209110867
7.463692271576996
7.09310180109643
7.082377125616053
6.75158725347083
6.580746656939127
6.546871704756154
6.2525062976629355
5.955434632044263
5.774131228426379
5.65027905495408
5.507206021488569
5.334670638549445
5.103655296217504
4.841343954915241
4.59726457896698
4.516461351522181
4.571722142404167
4.254309555312441
3.8101370787787596
4.088905799347809
3.469465614522818
3.7046365697881423
3.0311980164177403
3.588264270587364
2.630669850513303
2.6140406297448657
3.4884453389801795
3.2720733435825258
2.209840076823743
1.2227561251181538
0.6321236220838449
0.3633520319494661
0.3047543838354082
0.3987187071327373
0.6372682439527924
0.9807394245055551
1.240608629611357
1.1566176845515734
0.877709092234104
0.9667261841332665
1.105312342641064
0.9061517729110391
1.0766152545576009
0.9346632555952853
1.066804437428985
0.9517440655270721
1.005355014987395
1.042737389241979
0.9813314503106769
0.9607806941374617
0.9892993941711044
1.0113674765070841
1.023039630689098
1.0212087529292888
1.0174922878883348
1.0050355463439293
0.9849602609513005
0.977254796759582
1.000724298257676
1.0207346555907493
0.9904656550879741
0.9971663605203843
1.0127238289969658
0.9875605150147903
1.0122995428390793
0.9921051752172565
0.9967797202634726
1.0130454461215732
0.9922388100904422
0.9894450930851201
1.0050876821752568
1.0102224526657801
1.010989591439932
1.006982733440492
1.0081993602681678
1.0083032376550032
1.008675689885828
1.006132506203387
0.9965882891129747
0.9923757535721599
1.004229338746372
1.002930538802441
0.9919977640164821