18.306721963948544
16.75470754550945
16.58206279956696
16.51466362434226
16.59094945543015
16.48438142876105
16.353999370929625
16.519811641504333
16.436680532009316
16.38643151631965
16.309759024628857
16.306121376164594
16.2448726728661
16.20489245650806
16.090507548216898
15.976037001991322
16.018082859969365
15.931630253002474
15.784201621694404
15.67881488074311
15.599533210542667
15.528346596401713
15.466116563690129
15.366848627538369
15.200370932363606
15.110484031733172
15.06737778780687
14.967057294453214
14.799019965386954
14.662373607532544
14.595993002059677
14.3996013373247
14.345647948621107
14.101141228093477
14.020808940944558
13.918714850488287
13.69400020703441
13.556046469430692
13.459347077917194
13.323144325808183
13.152652171873317
12.984106470978071
12.83975061476009
12.683434244140265
12.470175072122993
12.25472452620466
12.041374675278663
11.946456542248715
11.774579521466345
11.5096250560982
11.42627407592008
11.134153601792582
11.077749231985216
10.758990214912002
10.639671743376022
10.474835129968632
10.18332218383786
9.975322162879147
9.83515864651968
9.68730918299015
9.51578216741699
9.321064361155829
9.094719173020888
8.847448760773451
8.591593890323203
8.374587462594226
8.30267322553556
8.079145807637362
7.753950425459017
7.712293272115109
7.3513536196869635
7.312045028314088
6.920764594941971
6.903293512415
6.60910968363935
6.288234675957886
6.202690668592566
6.111415113627172
5.919826801362728
5.69336020677893
5.4875554034257314
5.313765273831105
5.155753732188108
4.943325014852137
4.551609281404416
4.192888502839217
4.310212762496024
4.1360214460208775
3.560879271478199
3.9497081879578326
3.0846552243096728
3.623128188666848
2.9242516623557
2.5169972637939684
3.4590834434061697
3.423405642130307
2.343356573104649
1.2760974414744333
0.6382647997050723
0.35734776053575873
0.29789377254996224
0.39983755768862306
0.6581027638403382
1.0169486370469039
1.2521686609242788
1.1129529013960384
0.8537281780823428
1.031356335907628
1.0576958855660026
0.9263786254322676
1.072863200723476
0.9484625658585316
1.017205342355393
1.031188952409974
0.9513164014062555
0.9949095686792498
1.0395006761949104
1.0319700624384902
1.0099714018638881
0.9974954808820399
0.9977535666261442
1.0073192670769409
1.0190773077110316
1.0237933787371394
1.0038856320609106
0.9775477691520084
1.005323122381148
1.0121153421169542
0.982198761953027
1.0184496196625326
0.9830752323211935
1.0136721710696208
0.9926478321706453
0.99382895640934
1.014138256108762
1.005162107284334
0.9915070368221027
0.988629323760683
0.9906667386413066
0.9919960490694374
0.9921692015878312
0.9912888934728503
0.9905542480801054
0.999187306691293
1.0093098273754513
1.0004926905384608
0.9923018848247518
1.00774220340458
0.994219742460119
1.004545253834615
0.9957098634005308