2.0426279187757626
2.0085909053918183
1.9154265573212645
1.7863664427256254
1.6500166342896823
1.5307055993798664
1.4425357441142828
1.3889567933995433
1.3663983793720988
1.368661902619694
1.3893663523426283
1.4219779183185575
1.4590271728075304
1.492526958118989
1.5162170544289995
1.528318668949131
1.5325721695421497
1.5362223789720968
1.5456682437900469
1.5622132781032596
1.580486167766821
1.5905548187258332
1.5825863383909133
1.5515597057828399
1.4997609170337873
1.4362471043431775
1.374047590311005
1.3266001533457774
1.3046108351647445
1.3137716711773209
1.3533432604087767
1.4157795590780304
1.4879247435387513
1.5541793955760357
1.601143016367211
1.6220971946625424
1.6191720467707007
1.6018092714265153
1.5819416994506323
1.5681429702073675
1.5616830020309616
1.5564766487555035
1.5428296629839064
1.5129293902508305
1.4652594929120855
1.4058836231438296
1.3462439342250767
1.29874795843591
1.2721956413859359
1.2688698745196438
1.2842504156154109
1.3092982580007242
1.3344088320218748
1.3535527217205507
1.3669069735945338
1.3806479415591026
1.4036457248908991
1.4423450190654037
1.4963762935229552
1.557508852203945
1.6130260687002644
1.6520728240570366
1.6714767947931313
1.6774304654742482
1.6816499325837364
1.6940244832216962
1.7161979806922152
1.7402360003675992
1.7534613587891181
1.746544781718676
1.7196486047351147
1.6825161201828118
1.648311843356564
1.6252104191429275
1.6113394291073537
1.5964992038286885
1.569504224008923
1.5261206473372473
1.4721326548617235
1.4194341796973542
1.3779146304118004
1.348866824764714
1.324557693316205
1.2941979133844665
1.251953842803481
1.201189917394509
1.1519036544983863
1.1133272635795313
1.0872302001961434
1.0669103834275067
1.042561893538512
1.008875322815191
0.9690352273600683
0.9320710169160367
0.9056895697647817
0.8902598867374172
0.8787105108751166
0.8623856264521677
0.8381025581111539
0.8106553593012764
0.7887160976246402
0.7775440429101742
0.7746139711493416
0.7718712669799905
0.7627135082513802
0.7477028569044224
0.734025359194796
0.7291150444733208
0.7340356222878479
0.7425425471128586
0.7467542090489909
0.7443668009517177
0.7408011182567568
0.7441873856474777
0.7577290048415899
0.7765939025446316
0.79240280364892
0.8012012297929083
0.8072933881036203
0.8190773432477488
0.8407346501407509
0.8678755249049701
0.8916088447642039
0.9072191199161868
0.9188194824257429
0.9351035974802981
0.9602570720248306
0.9892567863206058
1.012597388284924
1.0258154787737108
1.0339399640051719
1.045993491581448
1.0651097535621634
1.0847578106406905
1.095345047430236
1.0943195966194266
1.0888174269371278
1.0877605249303035
1.0919331305984559
1.0930866674228776
1.0832787144257958
1.0640747186059973
1.0451152434203255
1.0335132775751592
1.0262052138660105
1.0142086798400942
0.9939249486387877
0.9721550500682076
0.9587190407832201
0.9553696920628414
0.9543757740785102