2.5348104838344647
2.164736864099165
1.8975255056744635
2.036709474210672
2.1210512610510412
2.008250486439335
2.001679551420318
2.035612573740105
2.0556312428861725
2.064191840499083
1.9606889782587484
2.0017611807318656
2.145540204742174
1.9892972149542152
1.9029446655777653
2.1154864429019873
2.083830274307065
1.9228698907056692
1.9937629741191045
2.047662340222943
2.0523840070471193
2.006603520453513
1.9019818718601953
2.0254565617167755
2.101061284376521
1.9576007001589903
1.9377495974060877
1.958492184167557
2.0312148582287697
2.0679352654321943
1.909356319581247
1.9064175167096586
1.972964788472715
2.0195848229613653
2.037975571081717
1.8885584697858246
1.880613756481749
1.9317695522827498
1.997863449712546
2.0315447291013062
1.898917137747346
1.862146983883602
1.841972622139966
1.9390690262594796
2.004039079036826
1.960389793777259
1.8971599691882233
1.7831264572011356
1.821320787530715
1.8600826741228769
1.9666828536436594
1.9602649852418275
1.9087979858689026
1.8057720753154116
1.733793336351823
1.7505225252231043
1.8017790938054659
1.908522661198502
1.9277923425474532
1.930610812996984
1.8198661739077668
1.7453971738872835
1.6443250541383756
1.655675039126522
1.6749739550428224
1.7856503751419586
1.8439585570893016
1.9228242106834958
1.8946336491290112
1.8634264682288564
1.7437527558436943
1.656385142926226
1.5409781485416663
1.498006365362947
1.4685843180143772
1.5146965346219783
1.5766292219245708
1.6792052500732133
1.7822420357991313
1.8746790316647814
1.9618025281835672
1.9942448089810862
2.030267184048208
1.9927151999494497
1.9666045892737678
1.8814228056698938
1.7993787144639277
1.6977852475181567
1.5788878253567198
1.4800802578482524
1.3523395897752473
1.258462179965967
1.148927254870818
1.056352467333601
0.9775521226621244
0.8912875223714237
0.8361415291208933
0.7708156857481694
0.7248285969031892
0.6896939317483212
0.6506789713070081
0.6374612476338758
0.6187822138792933
0.6128784132363909
0.6226365886804733
0.6262133120649611
0.652366152318372
0.6812125101041617
0.7115203445169009
0.7637684004595148
0.8080691365929346
0.8610312624335971
0.925331360995533
0.9729906962170982
1.0298338031385728
1.0802436807490943
1.10690799039969
1.1365290485426265
1.1437493256337918
1.1262198660269085
1.1091454805741716
1.0699617036844915
1.0193408678451001
0.9826213056342286
0.9445413163990173
0.9167725202497556
0.9203852324481944
0.9372910045134873
0.9627004635118019
1.0067429926837936
1.0444573568658173
1.0577807755559634
1.0600117435137029
1.0441811223400144
1.0043359966834915
0.9691137146755167
0.9552644973016993
0.9555821594326457
0.9734607225737291
1.0104705819539639
1.0402033920056075
1.040426907169807
1.0213420074327821
0.996357910615423
0.9710927000456793
0.9621326480859821
0.983054387653574
1.0175439230207457
1.0336694475806036
1.0220319950810715
0.9981139281618259