3.028362770713063
2.2174626332702756
2.0322542969946955
2.4128879764438667
2.091997769912377
2.2088743084612346
2.27051212540462
2.143697071478778
2.2152248192132538
2.2235809727724205
2.1980505267417105
2.136223091241924
2.2959902865630517
2.135573378150969
2.1489084428393705
2.3032422521064846
2.0948940845256647
2.1929172156316006
2.2160265248895974
2.1888343975750244
2.0936892799780322
2.2436977907667193
2.187428773802569
2.087841407721701
2.18486542384428
2.209292130121157
2.127801778675951
2.076796573009993
2.224676445860572
2.1536274215096873
2.0880941945840714
2.0839590940104626
2.2177060427139166
2.1186018305238137
2.058107584330559
2.0719890002928936
2.190504022570307
2.1149865011935067
2.027763324396756
2.0365946504084143
2.1378902416843197
2.14136666182774
2.0161364866604528
1.9910328203136662
2.037068602256258
2.147490876161656
2.062216777753045
1.9835207815174003
1.9278978231223765
2.0215114757047834
2.099715474355244
2.052316832146463
1.9673007597358076
1.865240844435585
1.9298700731310172
2.011142939587294
2.0588250073319934
2.0185645816853213
1.8766861613634744
1.8224443628738527
1.826613472846874
1.9146990413752023
2.0190686178889514
2.004431692556597
1.9411086095503312
1.8218252416838487
1.7113359273852198
1.7155103311236413
1.7678283783838526
1.8645226918558968
1.9718429917655678
1.9833521422304858
1.9331568957200531
1.8421971826620025
1.6960245407532009
1.5820251362885078
1.5331849260653228
1.52088825481371
1.5800580526804777
1.6992757742261366
1.8125007340241068
1.9228341120485437
2.0305250434774362
2.082472792051694
2.0780573170749936
2.0532588509493865
1.9923299729815935
1.8808086067549221
1.7552234803071116
1.6350776790645247
1.5011269546430812
1.3566302125877712
1.229224885008003
1.120600713502792
1.0134442347835988
0.9111942778615023
0.8298663040260941
0.7674785134231656
0.7106633538920349
0.6592884472357251
0.6239296352672372
0.606299681780164
0.5974771610504095
0.593137734186045
0.5995475156091253
0.6229605709145383
0.6601239249748764
0.7031819949577947
0.7504559304194959
0.8071967029363415
0.8754835585614753
0.9477215811740899
1.01273289426976
1.065658808001854
1.108142920139918
1.1396297802685926
1.1529049557367361
1.1403478705397603
1.1027122392684563
1.0501127369312473
0.9958176165344946
0.9507803504678738
0.9226697295009656
0.9164524434237553
0.933417785676532
0.9693008594584943
1.013627081212572
1.051457833884818
1.0680197433191285
1.0555690342155621
1.0191164523232372
0.9761704981146628
0.9486981170089748
0.9511109527909225
0.9813105529362199
1.0206191137275884
1.0440665207812827
1.0364587769783016
1.0041133740453028
0.9720774999220514
0.9657983412113635
0.9899008673813594
1.0225723100654065
1.0334256056482065
1.011598754578232
0.9779324156515394
0.9661749911213937
0.988301753747468
1.019894192658555
1.025571564673883
1.0000983584952483