3.5806918077746435
2.599144162461912
2.988276193775066
2.7781686650443898
2.826219452349415
2.845421105692287
2.843167385414687
2.7965634886807385
2.8316012927472416
2.880893616643388
2.6963907926403716
2.9542236863497275
2.7252856940859207
2.8396399451958105
2.7825919305149616
2.8706312615764373
2.697866050547916
2.865311443985009
2.764176716933626
2.809992751914209
2.6984640918556817
2.8693981132002206
2.707959438205599
2.796328770126428
2.6764677036910616
2.8372089386847903
2.701519730063927
2.7304634351800825
2.708815179803145
2.7040214712218957
2.7864565247765563
2.6199109574548594
2.7287448864702655
2.6366233881293053
2.682767211654632
2.732827403616804
2.577645856101464
2.6801489998501458
2.6037219780836693
2.572160774286
2.7027641701606733
2.567616573534376
2.5714022778883057
2.640401120210547
2.4825967015503436
2.5199647863720824
2.611528715138931
2.4737937186723205
2.488389262551671
2.601147419886673
2.474784222418515
2.3952197343971084
2.516835394120108
2.486062547851317
2.325394783731259
2.3661635624948323
2.4809280082841245
2.3858066056904477
2.2487081719938384
2.3200643053347867
2.436260089500155
2.353270691427797
2.1912557208510415
2.201001114876773
2.341490914580314
2.3679221137370177
2.2140221940371236
2.0696013661655788
2.101877510782143
2.2462807513808047
2.3083198867985346
2.196361710982797
2.0058545433845874
1.9024619831318133
1.9617372641640638
2.1179353280075257
2.2363539717491574
2.2210282602463636
2.0718360104393456
1.8682214789064844
1.7109177803854632
1.6668750303502105
1.7453819367493395
1.9076226561938692
2.0939647775831243
2.2495197784320906
2.33705624404122
2.3387077937378464
2.2540376407675575
2.098453360304985
1.8992711312919641
1.6862648362950667
1.4803475886709208
1.2890945130862592
1.1129371738574012
0.9548892271146789
0.8225749262096977
0.7206921409837791
0.644748103122279
0.5861430189710862
0.54304980410529
0.5215573552659036
0.5244657722841307
0.5452457534144526
0.5785451721863251
0.6298781819567183
0.7046129014682598
0.7935795185823604
0.883910451132153
0.9757597446998038
1.0677627855791845
1.1385292153707942
1.169529084335105
1.1665801255371904
1.1332749720915147
1.0633635756987017
0.9796818750790073
0.9218364734912998
0.9000700278860927
0.9186899608070912
0.9827380270222693
1.0504088422999842
1.0765650696377342
1.0602941132885955
1.004179786253682
0.9450793352497056
0.9437227056032862
0.9875808517281058
1.0381934504241221
1.054235179678028
1.0054286264933383
0.959598288282895
0.9660238859951883
1.0109407119019234
1.0450604810799855
1.0079455823826773
0.9673748918831562
0.9783232639420244
1.0232167260829208
1.0292117575646977
0.9796712224146191
0.9765462831304798
1.0132777023867199
1.0266835781564463
0.9803807970860418
0.9834534660394595
1.0194965198766015
1.0121606602797077
0.9746591313960292
1.0036886304144712
1.0194906733613212