1.9380038837867506
2.8719713069057633
2.412925006455502
2.7944417017670022
2.433814910517951
2.7810860709282066
2.437730868416549
2.7658496612057606
2.4566843833426453
2.722856077160583
2.510610847935382
2.6393345921831313
2.5998441642833874
2.5322802731750977
2.6861738608745425
2.4602094365862657
2.698725375962552
2.4894223952988144
2.5997056546490915
2.6045826648509185
2.471477109660838
2.66582123930049
2.4709545222252056
2.5641483527312885
2.5948058469950026
2.4406537002913877
2.609839282859791
2.505421412986223
2.461341631024255
2.59658180301507
2.44954539008355
2.474133151761863
2.563309148911538
2.4192297608637956
2.4629713944838967
2.5324965499572567
2.4007302040608374
2.429964739317987
2.5066391866046205
2.3921449800433545
2.3799862491404125
2.474791358133489
2.400086067894961
2.3258596763250847
2.41429400435011
2.4212555318266946
2.304206695124305
2.312393569252681
2.404168768245866
2.3516241482529825
2.240110534019556
2.2776769984332152
2.3688305728414756
2.312943908003832
2.187401242647733
2.195584371681584
2.305480527986713
2.3141746066702202
2.183295624622464
2.0896184250740997
2.1520106748584644
2.2675094554150266
2.264178793437719
2.12571141026916
1.9994163902264588
2.013283875396155
2.138120715396737
2.2321960066514728
2.1900826566920597
2.0353147487018917
1.8858825932122436
1.8481735419990724
1.9383729865682076
2.0829533985836677
2.1790661983645876
2.161026884997201
2.0313125598178794
1.8482403106912042
1.6888888231459813
1.6124707123710185
1.640543748600211
1.757068748340038
1.921831599530525
2.087865683073068
2.2156095544256544
2.2805248746472104
2.2743564312338713
2.202097877934154
2.0771057138405196
1.9162667235006179
1.7362833621842186
1.551400889379099
1.3724245691256551
1.2066641039033676
1.0584183133657767
0.9296870955820165
0.8209018489724457
0.7315601773561707
0.6607196550582441
0.6073471120783711
0.5705395981756208
0.5496379935142387
0.5442505322373877
0.5541962072989179
0.5793707989263034
0.6195341383164936
0.6740191242497529
0.7413740263515325
0.8189724897004488
0.9026614074992612
0.9865620967014481
1.063183730621009
1.1240273103226346
1.1608197178957393
1.1673825366136559
1.1418859990735797
1.0888892366221787
1.0202325115898678
0.9537362750943817
0.9090441373598479
0.9010061511312895
0.932600521852549
0.9908672828070489
1.0495080570211859
1.079562548936745
1.0648745967655553
1.014005672529592
0.9589069512261152
0.9366541285317236
0.9629575695109045
1.016892619769274
1.053617286778754
1.0411814969783026
0.9919181535940622
0.9548436187233371
0.9680247852625135
1.0157901167892203
1.0424041591045117
1.016449552131883
0.9722318261962085
0.9685024192698531
1.0088365217007824
1.0337721671652553
1.0068155857313792
0.971882544428085
0.9853244429955522
1.0224319762041896
1.0181669276249452
0.9822365226073224
0.9822844871222763
1.016216152834162