3.4978472492262287
2.2925546923948446
2.3164645285998815
2.5927945553421146
2.1885228334146034
2.591604976470307
2.2860543116331655
2.4297293722501863
2.4254923942373265
2.3491710636635847
2.4095380486886713
2.4321305020315167
2.3111827272505696
2.4549950519645805
2.3742078856076527
2.3135517921090436
2.4840761288706488
2.297863712944665
2.3762508450383377
2.4171387559407562
2.3289562874846896
2.3207729890061173
2.4489501091567005
2.2847340100576736
2.3272620725312003
2.4140775504401755
2.304757870087339
2.2824835225305673
2.3802908131880356
2.355404481198348
2.212160363883314
2.36300764381041
2.3412569393492557
2.2650011478705805
2.224347486918117
2.3617684907972194
2.31053908691961
2.175984563610388
2.2632035273913864
2.313200830859204
2.280309502342929
2.1462834381873632
2.2034275709549926
2.322150286832488
2.2302751806181766
2.142200088853212
2.1312300009465512
2.236993775645089
2.281350422065694
2.1292231843487346
2.06207866545042
2.1274545827479767
2.2061678442287582
2.2270231194843424
2.095745811190916
1.9829752327973087
2.0468137290322437
2.1457541910526587
2.181729884199677
2.1285771692949607
1.9810511262720727
1.8963955774375094
1.9681813929442817
2.0771029723429777
2.1319501154073306
2.113090155553243
1.9921479527082906
1.8380075608020288
1.7836283207463504
1.842650255458924
1.942689866639121
2.045309736574364
2.1084634084423888
2.0676810610082343
1.9286473947254468
1.77243464145538
1.6556518937405273
1.5880361702513157
1.586386934483003
1.6700293434229287
1.8136397749519804
1.9602521896247742
2.0761676195868737
2.1599599799825713
2.2072344307365315
2.1989308933591296
2.1267430483065066
2.008710391174122
1.8716815340702362
1.728319027670709
1.5772050500157708
1.4187675022766522
1.2632696247474036
1.1236194551572112
1.0051824508324958
0.9044539335962469
0.8156841202606546
0.7370315758007898
0.6710488649213536
0.6211039164503096
0.5881495532461766
0.5702992776709941
0.5645949062398298
0.5690387633848933
0.5835296315725739
0.6094711330907565
0.6485444404283107
0.7013297755566513
0.766362954325396
0.8399680042286864
0.9168494616097183
0.9910700141955626
1.0568947807822189
1.1091864242341918
1.143469639213191
1.1561290576518524
1.1451739186375112
1.1115687749657717
1.060555711813794
1.0020543499584462
0.949365762413612
0.9160128382292169
0.9113953394011819
0.9367085984495132
0.9829618187629009
1.0326605882467026
1.065602116454318
1.0673540064516316
1.036956680420279
0.9894012707203788
0.9498062105206537
0.9403479108645229
0.9663172278908042
1.0106088601235264
1.0428679065382431
1.0400840384441794
1.004999844869581
0.9664268933886864
0.9571661880283139
0.9850254405308314
1.0233451091747727
1.0343619365209404
1.0071412568766933
0.9713225713432447
0.9668504262908866
0.9981208929886696
1.0263912958657877
1.016059051116254
0.9815551249840055
0.9705850667998736
0.9987419784592871