4.972918358970587
3.802289441582594
3.6582859016430795
3.571480871719125
3.5187575000046087
3.503551722548368
3.5299656904392713
3.5898841472784357
3.6565642629395625
3.6920744275753603
3.671679899124767
3.6115006332471586
3.5687024737419493
3.593499768514444
3.6645487817351983
3.690059222175045
3.6126106349907476
3.5062127406053696
3.4965784316982873
3.5671247244796165
3.571067731494175
3.4989185230037863
3.5135013836621787
3.594757448553711
3.530608488606281
3.4076847343777272
3.473261084886971
3.5380800079966095
3.433584167412108
3.437902923954573
3.4679830268313885
3.3587880239517265
3.4330857126840684
3.440704239299389
3.2899508680311875
3.4096021165477897
3.348885418944178
3.2953048200808097
3.349831725546292
3.2431371302463026
3.342279369502031
3.1858147883754624
3.297011228030481
3.1901094852696827
3.2059295858134007
3.189529050568484
3.152602436777274
3.1387593506395
3.1340147712426316
3.068229019701788
3.1202822497270404
2.994312037343876
3.105108007267887
2.923173057163044
3.069752786236095
2.890843600856051
2.967807485491225
2.9335614172743174
2.80937237295449
2.963566834977806
2.7588485519601673
2.806809444531417
2.866924666215265
2.6497970616420146
2.7547904770100073
2.780902098838582
2.571787350968813
2.622221984641878
2.7463623197107583
2.523103467155429
2.437488861177432
2.6343715790707125
2.5903331153294418
2.3462075632936035
2.3162575779046497
2.4995853882848995
2.5399873627811953
2.3014288004782024
2.0901113917836627
2.1750704688755165
2.401729620506569
2.4619184808730545
2.2723209715677055
1.983601998925365
1.7967115640659528
1.825164093058822
2.0436297966508765
2.321256313021327
2.5154306531652044
2.550580223927081
2.4299792348270985
2.2000925045273476
1.9137955914809504
1.6137031250059963
1.3298478195781471
1.0811708057389613
0.8769789791667991
0.7189247974718823
0.6039165607949583
0.5271558555288958
0.48433722141402497
0.4726621295911549
0.49085640903932215
0.5385032044815313
0.6148667877555362
0.7172579820735135
0.8390666425823062
0.9679326291445591
1.0850867267719062
1.1673973284899728
1.1935300253644594
1.1540815743150312
1.0621874489793701
0.9570647384755556
0.8919009896347573
0.9044608331826225
0.9848769111524475
1.0700640475868597
1.086527532790502
1.0203639644843656
0.9442355287154267
0.9468178262147112
1.0209401627488488
1.0596339989170014
1.004513987040314
0.9465892781701006
0.9853489950162654
1.0467255457939246
1.0128726750525423
0.9602949554459392
1.002913597415475
1.0343359896529862
0.977855377750867
0.9817786112590475
1.0353418236688448
0.9912724786418308
0.9770834974596053
1.0284851078715542
0.9891183672609715
0.9912088671412806
1.0216286189871941
0.9764601032277335
1.015116951078549
1.0007596655932844
0.9854172654586867
1.0214808128324102
0.9794858509088898
1.0167617442502173
0.9870318273965741
1.0106979902922202
0.99143805417895