3.53761794084979
4.637567841200807
4.860938878403953
4.5421496411023465
4.69055531210903
4.681492912922123
4.73261988956295
4.557273482568885
4.655447838815326
4.724453993267398
4.655766792667848
4.576049337819055
4.581333508315347
4.63454939713943
4.693586597842743
4.603810105339173
4.604556241203577
4.484657744813776
4.525558731085632
4.519473624947341
4.512571441527677
4.5810438796197
4.541970925271444
4.5299385281995965
4.560447779232134
4.513168596251774
4.474383816877424
4.493009414789232
4.480667940437145
4.426469560769135
4.394861202659101
4.38759139945582
4.355257471153468
4.284426309073585
4.209783420277861
4.170196383372202
4.179447684109174
4.220609251163942
4.24885846325831
4.214478093025474
4.115247389078589
4.026957970676845
4.030487915085747
4.079524847891147
4.033870231639538
3.9083520495572484
3.895275752236322
3.9663248299691056
3.8784058103243253
3.7675609689528016
3.8524320731382224
3.803923259179636
3.6719541673098677
3.7806159858637955
3.6776216723030153
3.612316840605755
3.6941033953658815
3.487124860182905
3.598463807680772
3.4319615357897915
3.4891475312079567
3.408240199696797
3.394359675263564
3.3234467502041136
3.3063347931057323
3.224077826381929
3.2832491512925537
3.0748691913545607
3.2390811129777166
2.9762330432821265
3.1199033519269204
2.9948755826429334
2.859384396749267
3.0505516521791827
2.783213156137346
2.742768510408361
2.9313230212583163
2.6796140417006002
2.512230351031917
2.7593695813245347
2.733129582103575
2.3638085928857224
2.3026605883410176
2.572736914704908
2.6781307302883666
2.3690584742849023
1.9941205436846492
1.9129101844727372
2.1678136297487733
2.5347606124180744
2.736768839900917
2.701645744653126
2.433039913509806
2.0391401053639133
1.635323471578978
1.2631724643396596
0.9591660726331757
0.738523788842147
0.5834666573833839
0.4824479239460231
0.4346174485066259
0.43524885198812535
0.47748627039872993
0.5594058889876378
0.6822512302307436
0.8392119492863404
1.0055269417879578
1.1414876273039423
1.2062345624156603
1.1753665776272415
1.062339706145086
0.9329846455914831
0.880464581298914
0.948162818942266
1.0638149436579745
1.0913022366575873
0.9973294300184987
0.9234967549896936
0.9862697082958848
1.0639353003896657
1.0040589460784928
0.9421103954294054
1.0175007242736993
1.0367251113804195
0.9567197374311878
1.004170957375396
1.0325735100701305
0.9631043639947005
1.023411658361591
1.006192160149451
0.9787324512058836
1.0298558050673001
0.9681989617356674
1.0239355974793323
0.9814874311549614
1.0166507198489858
0.9894833601245717
1.008866733267956
0.9876143769163651
1.0151219702847938
0.9847373450222627
1.0178090177669952
0.979475985330393
1.0186952475751283
0.9909327156390078
0.995570685585561
1.0156914745930756
0.9828836316573866
1.0066660495328947
1.0096226044629497
0.9832325280897878