4.8778970228575265
5.170438854745161
4.99597222471246
5.205626326240383
4.934236139999813
5.239655285113136
4.932961275657263
5.145184789655765
5.0821108166878295
4.950972935219129
5.1636710268791575
5.004181302156674
4.955621855826807
5.110830729068708
5.01350029653481
4.913922916765968
5.005430975026553
5.034645268671218
4.93761192187339
4.8876921983533705
4.925381925890287
4.949317630788917
4.910992357986144
4.852860314362863
4.822837467619798
4.824521635145546
4.8337335817171265
4.829673573351581
4.807026949575576
4.771290016639798
4.730455748523537
4.6902793186038965
4.65352088862506
4.621114254007825
4.59358007055999
4.571903978540537
4.55755690696737
4.551380039313631
4.551180075672658
4.548748437026966
4.529003003214981
4.475894544195159
4.387600023264251
4.292591108931913
4.242963164387343
4.266731176453718
4.31272231702468
4.279428295123908
4.152716981530712
4.0692468996153695
4.1161361155965
4.137222044126406
4.004986262656375
3.9272904856016524
4.000860551519317
3.929648622268185
3.795158116900507
3.8746458608058125
3.7899606068724787
3.6775067370106984
3.775202819839077
3.5799881741398614
3.6478618374932337
3.54809748356405
3.4991667494360645
3.4998917193310812
3.3779584360700947
3.4139925240922224
3.294030086645728
3.279823059805604
3.262116378111781
3.0889669476001216
3.2588181644576335
2.931426126964707
3.112712555370044
3.003905524344752
2.7678047172738127
3.0228268984554374
2.823770950024641
2.5718071002037144
2.829666215084659
2.812118432649259
2.4125923386436305
2.3787371211970103
2.6894485601576927
2.7035817875948744
2.304543943617974
1.9638365787121113
2.029236751648059
2.394485838059483
2.7313823799035286
2.8091413401519643
2.5995396056874682
2.205222814885252
1.7537219437691824
1.336525851735099
0.9974323187364565
0.7457201802384361
0.5735168459911425
0.46839153884799656
0.4200092221729369
0.42244908294974953
0.4737308969569847
0.5731690021477424
0.7165218107687068
0.8892947409564393
1.0606300185650432
1.1837807274759178
1.2113784167693002
1.127965328791501
0.9828277717553447
0.8826301884196516
0.9128723166809126
1.0350499497369032
1.096446152170707
1.0159087480147866
0.9266659410854555
0.9821509425307167
1.0653207796120567
1.001100562943326
0.946572623425832
1.0324000835658311
1.0224500140722486
0.9541003498666552
1.0312426796300067
1.002312901929419
0.9727894080948638
1.037925020391243
0.9657031349708598
1.0258730758214152
0.9844501652336984
1.0085693308640171
0.996294953296775
1.002906502197706
0.9959831670789369
1.0082282986181095
0.9867195948842477
1.0191503949853062
0.9776944011408343
1.0210390082098886
0.9875809758561516
0.9987664612293256
1.014342079093451
0.9829088803493061
1.0061116565379378
1.0103275818950606
0.9858211118063007
0.99993312664013
1.0134423790146045
0.9958329953095223
0.9880445625940137