4.580988935413182
3.211256713093417
3.065215778310107
3.2137107647264127
3.451992646248551
3.521133164541843
3.3822365724123378
3.263911440032715
3.307088378786074
3.354496310450447
3.26577565112141
3.2115821703317424
3.327917130916793
3.386200601955074
3.285650363749711
3.3039461788470645
3.4037008968220723
3.3122909545296153
3.269272666269535
3.3727972832406308
3.286055409503027
3.2458203262514975
3.3460800103669435
3.232676012479629
3.2525952993387195
3.304205085240402
3.1772442301042108
3.2801704644912846
3.1937973380980607
3.1794920474655877
3.2156623369855595
3.089736168949883
3.193928403089626
3.0482492376838146
3.159548023632685
3.0539754791681073
3.14244788776421
3.066540470902773
3.11153809530834
3.0262205630221346
3.053153015000847
2.965608390281597
3.044736609321195
2.9434403582498887
3.0540938642657918
2.8787643046387994
2.996303094745445
2.8471649603124156
2.9502031598334244
2.8941192960782978
2.811049086647225
2.9095038342211113
2.749341507354419
2.8629295023138552
2.7930902392734174
2.6771309387890185
2.8421846674040125
2.6941875960297534
2.6258610387044232
2.782801263269377
2.626564269943159
2.544384856050377
2.7129795091522553
2.6023085859324953
2.435789020636415
2.590088455379346
2.6199337257659887
2.400002741670797
2.3716411214702173
2.5240977441796897
2.5271133127056564
2.3030728258546125
2.208377714210062
2.3793267755073377
2.472905540800104
2.3488599236410357
2.0972295297041135
2.0418677772195153
2.188164597197571
2.3717903615684657
2.3691597200734162
2.1717117047782972
1.904142552458199
1.7515374957047396
1.7794338118861899
1.974066730475931
2.208994691635148
2.4143328957260985
2.478315839905871
2.4370162028203897
2.2619672655496412
2.026675838616623
1.761593918133131
1.48421919621216
1.2473600815441983
1.0305366072899032
0.8549316305902145
0.7234166368873408
0.615323942597628
0.545351187973566
0.5061666205568939
0.48600976760200054
0.49741693186727215
0.537314206398841
0.5949901706975624
0.679711640234779
0.7898688192992769
0.9040923760623707
1.0160306236359502
1.1184235701176333
1.1798145975408103
1.1820015724343254
1.134885827567909
1.05162354914673
0.9561235825412895
0.8935504593364436
0.9007621985547842
0.9722707994730293
1.0557806215695527
1.0866872970770292
1.042180371452182
0.965707202502673
0.9335132073732996
0.9793932817256913
1.0472510431153927
1.0494959030412743
0.9841481485464625
0.9476444519646269
0.9953153017664895
1.0460786064257857
1.0127527656305642
0.9630785764520046
0.9957979090719427
1.0383424187502501
0.9962415435126857
0.9662757000312381
1.0157078846692413
1.0174768477854592
0.9692331212464765
1.0007439996548522
1.0213985818707776
0.9746206718174089
1.0007945462489216
1.0171081531007262
0.9749359810210544
1.010416396645681
1.0034403476479286
0.9801495606505071
1.0185779763285636
0.9828406386225375
1.0030219747149633