8.86999032485107
10.681507549428064
11.070599186434542
10.867239082934647
10.89898713691208
10.75679878497065
10.734770879233176
10.730679530637904
10.740170870937709
10.67408040274017
10.729961912194332
10.607562202596508
10.612886595904117
10.663778313628779
10.63836310549771
10.601720404604578
10.533008037339464
10.461974097002434
10.500626568966165
10.477828098583828
10.315415834851223
10.34946947442622
10.253230631208863
10.201079514456024
10.1726938240797
10.09558579958435
10.017052892012593
9.979305648206154
9.800757649411969
9.845251702401386
9.787760924432392
9.60331085379306
9.559043688683301
9.581198173428426
9.462620194699307
9.35857441696838
9.22069313413617
9.127731874790497
9.02353716876141
8.953962131883886
8.833105835542483
8.76950842464576
8.68297996388549
8.609672030818825
8.580092346576548
8.494791181854959
8.306441632246093
8.14663323091985
8.133665780276559
8.044067353903943
7.83057000240716
7.8398675851273225
7.667258194074124
7.559981443149169
7.468608596554446
7.321479646466867
7.206025420677911
7.154188604253326
6.922814992446508
6.940838240322269
6.767935616223316
6.544527683101001
6.518187453284337
6.4691796952756215
6.3167076000647215
6.108629058521372
5.923269105875372
5.794556592749549
5.666515700504508
5.546963367868467
5.41415459718516
5.261240042051481
5.142243157458618
5.058221501102251
5.031480386219128
4.995126288577579
4.78003219633661
4.46501360851715
4.45039394271686
4.496683955961712
4.066909654757238
4.099114781265549
4.015950428674509
3.670208784198308
3.8488342229395083
3.3888939947105907
3.5256824836945633
3.3503969492489283
2.886148403986924
3.4073667978047624
2.8998696716916665
2.287587826813386
2.785058666889217
3.3927200723776227
3.189745906039767
2.393548868001749
1.5471331091807083
0.9225850192567233
0.551228817380477
0.3716436018259038
0.3218724550751121
0.38242012204515263
0.5438555371428959
0.7932614443112385
1.0757653429398593
1.2452080970751558
1.161469115943727
0.9233003394803448
0.8806811850702303
1.081110011028984
1.053310637350274
0.9125503807177512
1.0677993726755473
0.977549978911195
1.0027374035431533
1.011192799158689
0.9971242424516752
0.9919559415537524
1.0269420810001275
0.9580641509277971
1.0323361341366406
1.0077923895694483
0.9654176115440954
1.0049196062985855
1.031713337336546
1.0079498443700967
0.9839734475272134
0.9746592122121005
0.9797365515723317
0.9860301879441412
0.9912692588102268
0.9893550540482168
0.9886361532238204
0.9827372759886248
0.9817276492654066
0.9928202892873438
1.0092839319296552
1.0143821705068703
0.9968865688592582
0.9857047291003145
1.007798378267427
1.0075410187037588
0.988686239504732
1.0125236202337968
0.9933635765853777
1.006509596762287
0.9956511828114304
1.0065089227621085
0.9900358152167689
1.0090821477113283
0.9942116147128999