7.532272649182624
8.661780909890066
8.28707660182522
8.43217907417141
8.537475338651682
8.332932748017098
8.366498545639498
8.401616778334851
8.400576552083885
8.468617213131305
8.285103170164554
8.321047103344531
8.318493466656292
8.190975604026733
8.19234233555034
8.250064771867851
8.21552177489464
8.128963682351186
8.079891167278861
8.083544344089976
8.100022963255968
8.086296391837413
8.034263843798337
7.985265967232547
7.974817555316762
7.948720556644809
7.853226306206985
7.7799746959815375
7.7355522223467466
7.6273585196465525
7.618325251279122
7.629056912726503
7.589835164107457
7.49548882360871
7.365393128480873
7.406426511417692
7.35576844097758
7.189646861132423
7.240332939895865
7.12385339581845
7.030041062319583
7.064559282062372
6.867749348712826
6.90866630323943
6.746978512338871
6.775944077689096
6.6419259795184145
6.5384621225544475
6.552790877744395
6.363222043212772
6.320708611543854
6.335139528630865
6.184931936054253
6.034383174546932
6.001365885490694
5.994317168589681
5.92630903574656
5.8066097328371375
5.679112226923479
5.564734623367062
5.456904614944687
5.3491237149301405
5.255606426280057
5.184850467763901
5.114199384893513
5.0542671518050994
5.038225187817605
4.988984957532306
4.855278793169136
4.655004901313533
4.488309086131092
4.540513735008619
4.522050651524434
4.250174457622872
4.149390486249355
4.261600937926107
3.913648596862948
3.960337179195621
3.8580828897855195
3.654587688831278
3.721079271352453
3.4289466496074503
3.488054421522859
3.359499020945475
3.0697878501989315
3.389691350998844
2.8126327846565364
2.8290009841403294
3.1959810673525326
2.6701497975756503
2.1675831030654384
2.5115931588411806
3.0949162318990293
3.1704248557630783
2.682284501735867
1.9678435730033905
1.316651038516189
0.8438476508676034
0.5510015181576713
0.39994096701355697
0.3517804456884229
0.38697198789642023
0.5071894639402117
0.7069224908205994
0.9494624117629309
1.165593658783699
1.2383006962766214
1.1032983901363798
0.9064022114460678
0.8874709405197182
1.065188966577399
1.079369158127887
0.9260402601816989
0.9952030578585513
1.063264184685469
0.9357602889297142
1.0436199457671003
0.9806905788627708
1.0083315101867096
0.9971099503326167
1.004503342825143
0.9881016439679549
1.0276051434105848
0.9656776661553114
1.029116258457779
0.9918549834047883
0.9765854493117649
1.0240919770816908
1.0077062810094377
0.9752785172286256
0.9890725977963272
1.0157275087901618
1.0192676138219396
1.0049148787409012
0.9906020293046538
0.9841610964481194
0.9833130076884814
0.9832497958797913
0.9827148634427774
0.9839411644790376
0.9859172938982026
0.9858514849702209
0.9905427228548508
1.0025269662360645
1.0101099170133643
1.0119815611598655
0.9991187902737072
0.9876000999494149
0.9990428980422479
1.0109498373449146
0.9966758327347589