8.134061104842008
6.834854129349534
6.786775786169626
6.7555510024259275
6.700581594434512
6.608412892500536
6.4972421755282
6.419101219864494
6.42192909817963
6.485713160703308
6.525313167026313
6.503606782099402
6.474568405752454
6.441685276488341
6.385226097571142
6.4222258243783195
6.456603699337079
6.307771089928214
6.35473074062093
6.394844270946188
6.21874547864739
6.35801954387466
6.210754073172688
6.249474170429944
6.20023154566259
6.165748099997236
6.153081504489008
6.098796177309057
6.092271984296918
6.033269320557298
6.009313316990456
6.004208020539228
5.877937087129404
5.953661442352064
5.871979350186701
5.746792851531091
5.816043914411949
5.799892817339559
5.651998223273994
5.5919122486258575
5.6262443319310895
5.616756197418328
5.529510666030636
5.429540191414135
5.367102337455464
5.340779092686192
5.326250763642588
5.305152915821124
5.272089204931435
5.22936633989751
5.180611543647442
5.127086182558354
5.0664386888488275
4.993505147060992
4.903804786306072
4.799916401818798
4.697451188949195
4.622939972072195
4.597050870211146
4.607039854771332
4.590360038264312
4.476815586456354
4.312633054471485
4.277665410824685
4.346413794410613
4.204245270467835
4.02076382666399
4.139939230805964
3.9995161076756
3.8300283984850543
3.974475833678482
3.6706364267211873
3.793285532109788
3.5891075014202896
3.6021028074102848
3.468125299825385
3.4691510527355227
3.272391891518505
3.409336678107652
3.0276709153411545
3.3037986106088693
2.9885501466751903
2.8574474321673513
3.1525296884973373
2.742006278282057
2.5194160391168987
2.900999605364581
2.871301681160469
2.3124756309034504
2.0554364311844546
2.3944492291464403
2.8718432150684916
3.0102033579919794
2.7197216494551273
2.18195595118085
1.6102915759321208
1.1313927663220185
0.7839176714488395
0.5583662208717557
0.43126062766860823
0.3827970698464851
0.4021892371284352
0.4859890740743265
0.6316089883791097
0.8263418079623158
1.0341050528057938
1.1895202697941194
1.2183979717902886
1.0982063376053603
0.9242327826682085
0.8734944448593512
1.0027252778123876
1.1077726645536248
1.00843624567522
0.9173837647735288
1.0298263124946632
1.0496657204705324
0.9404771310166178
1.0232563653306506
1.0203509450352306
0.9586619296409984
1.045392480253347
0.9622418219062487
1.0304618509906538
0.9757107072392069
1.0236376260126807
0.9747898617952382
1.0298205104409104
0.9683369241893791
1.0282886534631235
0.9856274818785611
0.9942370013163269
1.02219784718187
0.9804714773989496
0.9984060138329607
1.0194900127956321
0.9913535933725063
0.9844033228082945
1.009066316407806
1.0171721452442442
1.0000392409212209
0.9841213029243756
0.9845844087266785
0.9959060012342562
1.0073703868605604
1.0136610244896582
1.015009656041492
1.0137183263929435
1.0117938085010634
1.0103134734199397
1.0096326722567546