9.862561331492778
12.127245715282987
11.57554142399761
11.987909330443838
11.768752067339108
11.667926030553458
11.906962289370382
11.790467982505746
11.635223295621063
11.661866277742462
11.710915167924574
11.689851243399358
11.628723799799104
11.565193704976366
11.507963113984914
11.452042259303868
11.395812015901258
11.35089835814962
11.339660581986989
11.360380764557002
11.336859612768421
11.188519640378637
11.047224943234799
11.093331520162613
11.058290184278329
10.871378089568047
10.89722671768242
10.78921552007555
10.699577668070642
10.660638859827111
10.528968713972512
10.49945363962277
10.378633444892102
10.269396102196161
10.274060718377866
10.102408678605052
9.953433576431953
9.935461142042511
9.90263199915948
9.789220202246248
9.639871483042263
9.498535180194098
9.375187947714972
9.263904712371854
9.15885560930624
9.058921685710626
8.96711251622227
8.885091370550006
8.795064951018821
8.647950487855374
8.445221628706106
8.341853011634804
8.330788629200233
8.09996694064756
7.973184392029182
7.945583223144729
7.667809341412134
7.702053798096972
7.409062672513049
7.423542965740044
7.188572549778116
7.068825746256323
7.028331764436477
6.76244042476892
6.635149750635181
6.614725777477071
6.4811755638172235
6.256089321639841
6.044394783594739
5.878519569449025
5.737785787948018
5.597594845792294
5.447536249989479
5.294542370022827
5.165845059438224
5.0987904358927585
5.084196940710055
4.9908231885862735
4.684489502256893
4.410353505285806
4.509013154812384
4.366171307408555
3.946930103391018
4.193534654348154
3.668279567095989
3.8876721994685495
3.3458687347960394
3.719964054519585
2.9533955792203566
3.332037486361899
3.255769948294103
2.387405244895553
2.640817272401074
3.385802796283881
3.343008605563604
2.554465838261566
1.638046164931997
0.9552869530042765
0.5533401688465194
0.3615809787898801
0.31389842048268246
0.3803676263182918
0.5564406645391853
0.8278720710606114
1.1157822354157703
1.25266391855944
1.1133221691032509
0.8806106735595899
0.9312056510008792
1.11411509008646
0.9762671578850388
0.9559648762679314
1.0724675793666578
0.9314895525052032
1.063974073176616
0.9428244463808539
1.0525654386562873
0.9651526434352886
1.0029656831148692
1.0339586065222035
0.9669099669956831
0.9870473396798419
1.0302158166165565
1.0201052335438285
0.9900509018443802
0.9755575604791948
0.9769747346649074
0.983220720953867
0.9874033428917556
0.987532495438016
0.9841902235411728
0.980445765552204
0.9828931838704495
0.9975800463744073
1.0159122543198866
1.0116537382762014
0.9869112935762416
0.9937603788624098
1.0148691029103634
0.9905201305924368
1.0011871747133871
1.0044079753085735
0.9934178332288446
1.006682413705793
0.9951534476261883
1.0008030506060634
1.0055875388743054
0.9897000133158926
1.0057535994849403
1.0073348112736287
0.9926712594992954