1.023937234773002
1.0247491033461311
1.0271921376068442
1.0312881547853132
1.0370719716437435
1.0445891421399474
1.05389289959743
1.0650404087915653
1.0780884578536074
1.093088740398569
1.110082894160729
1.1290974731709755
1.1501390357833912
1.17318953046803
1.1982021348326675
1.2250978382128195
1.253762590167473
1.284045587504049
1.3157584546733627
1.3486755307395797
1.3825352704778613
1.4170428136653388
1.4518735601546158
1.486677902305824
1.5210867883550478
1.5547182164920679
1.5871842834912404
1.6180988106838354
1.6470852295245428
1.6737845967600185
1.6978633760886854
1.719021095358663
1.736997262831334
1.7515776296697643
1.7625995065589806
1.7699559895091352
1.7735989593885024
1.7735407504727791
1.76985441742638
1.7626725667557892
1.7521847569250226
1.7386335099766161
1.7223090156117433
1.703542645205088
1.6826994271476252
1.6601696652632025
1.6363598298399977
1.6116834279049745
1.5865508775026098
1.5613602902695287
1.5364881565912147
1.5122806392978854
1.489045944357577
1.4670473348322763
1.4464971165481773
1.4275533523514354
1.4103165989841657
1.3948286934297403
1.3810734246554601
1.3689788782983883
1.3584207661554482
1.3492278697698887
1.3411885121884106
1.334058241702305
1.327568447946785
1.3214356586381417
1.3153712404726747
1.3090912106111579
1.3023258565185114
1.2948288622977053
1.2863856493845593
1.2768206586233521
1.266003329102508
1.2538525661770223
1.2403395360194145
1.2254886757062693
1.2093768648641752
1.1921307656123374
1.1739224000766324
1.154963097067021
1.1354959922908625
1.11578737463217
1.0961170522331543
1.076768254860707
1.0580172472688958
1.0401232390561095
1.0233187319998172
1.0078008901317597
0.9937242260534793
0.981194771131634
0.9702662093626925
0.9609379974811464
0.9531556470073383
0.9468131871454818
0.9417577494683652
0.9377961261440885
0.9347030668059046
0.9322309988497212
0.9301207857482695
0.928113081481196
0.925959799604868
0.9234351954832256
0.9203460617131334
0.9165405608829575
0.9119152666050235
0.9064200523015585
0.9000605554502692
0.8928980497838409
0.8850466751556207
0.8766680973685607
0.8679638112472688
0.8591653754214104
0.8505231034761733
0.8422934486040555
0.8347263713848929
0.8280523278995743
0.8224704031884998
0.8181378571567881
0.8151616146286468
0.8135923697106597
0.8134215570864436
0.8145814649577829
0.8169485511113144
0.8203498571225687
0.8245722406957134
0.8293739792598622
0.8344981491389027
0.8396870633898743
0.8446969662480338
0.8493121399046873
0.8533575848218701
0.8567094901297528
0.8593028151443362
0.8611354529198976
0.8622686352264092
0.862823455809339
0.8629736232462237
0.8629347923497523
0.8629510490331938
0.8632793172562714
0.8641726563443627
0.8658633890730973
0.8685473005663447
0.872369762064104
0.8774149694550522
0.8836988425860842
0.8911663732927815
0.8996935337637583
0.9090938825774394
0.9191294521394013
0.9295253176120847