16.689885446101503
16.640804222707153
16.42606850516405
16.751859518877286
16.46055287064019
16.5285711537875
16.46533269887184
16.390956192808975
16.45611007770875
16.501507837074982
16.462844375475562
16.377523252282554
16.27877715351925
16.19037880039954
16.150469814280065
16.154752826871153
16.069122942505054
15.863676631358851
15.799234130317076
15.784323650661516
15.702225905007051
15.522854303085609
15.54464493122762
15.314221888571266
15.35450931352845
15.111319966634348
15.089630288496044
14.92352299056944
14.797231820931005
14.764037766571466
14.643189457764763
14.456339591433625
14.281961512583855
14.133552047534762
13.989628378387918
13.831805933819515
13.67131110484934
13.556653794617294
13.485374267299497
13.335751077999255
13.101578564060356
12.913470946519496
12.831992846879213
12.623880025902297
12.433405040849237
12.305966046513069
12.102153314567158
11.915253277563803
11.78994590251291
11.506602653212688
11.402330729053201
11.282124240376506
11.036614387565894
10.77962618350322
10.56767754995991
10.380327770634809
10.188086700517907
9.978147455122086
9.767322929254531
9.603698796318117
9.495256632123093
9.337969998250514
9.050178871978988
8.77918948325944
8.73210069303554
8.418200877845814
8.253998818053683
8.045843263883748
7.86109190380454
7.579121965497591
7.535114728507754
7.155357568354956
6.946270566974053
6.906222479423917
6.737318013282216
6.454127485741528
6.168615319195872
5.920001641412949
5.706391733250523
5.536584217952715
5.431890712215121
5.358216358276625
5.151995128474092
4.704052224603834
4.428935715490139
4.622208487956388
4.13119975326872
3.96239546107939
3.952954896814023
3.529090529339813
3.4215472676522958
3.612083564160779
2.5377294380335247
3.0026218098553343
3.7550855966930246
3.2328540515351456
2.068229331816305
1.1095442537942823
0.564891056269743
0.3284130932525302
0.28491743729916685
0.38629505029737626
0.6250024274317197
0.9616029449860278
1.2325843324971537
1.1902652321385714
0.9023671230426182
0.9218947732540819
1.123599814592883
0.9270356849971796
1.0368495044846031
0.981136244220754
1.02947865528967
0.9526921517022776
1.0574814267875245
0.9770072402680321
0.9677716730132538
1.0285400299717868
1.0341639767611472
1.00437583724202
0.982103411828499
0.974647221681199
0.9754523250061011
0.9805017545234908
0.9902620927691516
1.0067680515531676
1.0223502330750278
1.010342019590127
0.9803578897052971
0.9996505354819079
1.0147018119964517
0.9840003014955172
1.0133918710627843
0.9875655316878521
1.014560061598444
0.9846840516618972
1.0087689231803203
1.004787723640211
0.9884370930655156
0.9991333926383809
1.0110185419484692
1.010829276002486
1.005790365012386
1.0022094193611935
1.001222129944349
1.002279440158901
1.005450205875246
1.009208569320317
1.0053865238962563
0.9928692407122036
0.9953814285791512