11.671005161319272
13.685113016561681
13.779949043294689
13.904108131204422
14.066141777416696
14.126130301543347
13.959679962193523
13.80004953144172
13.900864943357115
13.90441210619353
13.785475087307507
13.782153731086948
13.765805816306461
13.649813021082949
13.705728791383104
13.531799286023208
13.554949344048662
13.54200006277323
13.33011154846055
13.310737445762792
13.351461233024406
13.273886767451291
13.135946670807838
13.015476081113462
12.923041885174793
12.841857678386582
12.75777583720706
12.663093021851333
12.559283888378456
12.469554692529078
12.42446755758387
12.368216150594163
12.177616877299924
12.013283537399623
12.038059062993284
11.829146031994618
11.722199678806065
11.644479045035357
11.461585849879825
11.385893381908335
11.235169991867242
11.085224168782895
11.021026499686526
10.803451909017507
10.665419383196255
10.60875533179838
10.489605436108775
10.305268627784187
10.113461030189592
9.940363271689469
9.78526867832141
9.644606808988945
9.519617465877019
9.408316802686626
9.28902860356802
9.11766808946272
8.881253984604644
8.689553038840799
8.637343579970507
8.452893245812659
8.192797772072534
8.190200059036794
7.8456085941300255
7.867017459217489
7.506998214789793
7.512716067142475
7.265546507989549
7.015463272407484
7.006784147418806
6.828046746053692
6.529898086188645
6.317693471451011
6.1941804412967825
6.085060983600305
5.9526192284800485
5.790302312854866
5.593252041682427
5.352756637242364
5.089739257061082
4.907529724306511
4.914078564688276
4.90077631793795
4.488576217263274
4.224427495057549
4.431468864022887
3.857186487759347
4.006440429638955
3.5818830334946066
3.7413693190256088
3.051377883312126
3.6423789375355224
2.9194335218890415
2.4425904006228976
3.257249100573373
3.600665846213799
2.8876655369519355
1.8383129826737747
1.0261231111874436
0.5582267247550127
0.3457974274901616
0.3001406613438732
0.38242439888178453
0.5873611797427892
0.8925812334759011
1.1826584985858082
1.2416704443060977
1.0038676903943788
0.8539018614456496
1.060293503256014
1.058048219874866
0.9127701346780686
1.0819623289776907
0.9356049810262176
1.0599437314022504
0.943482701001065
1.04994648317137
0.9807031083919375
0.9743697420436432
1.040333647241028
1.012826308448925
0.9691300323028261
0.9704850006168079
0.9929466122813692
1.0100132218522433
1.0168827520906984
1.0170891302884248
1.0128828986967642
1.0039477638631766
0.9907446085276547
0.9809149708932927
0.9897396956740488
1.014054544379536
1.0100539549053833
0.9826949780483094
1.0078418442097368
1.0031234564183553
0.9913539387649016
1.0100137042823736
0.9917680890881785
1.003906162692616
1.0031740494871857
0.9902629497416716
1.0089319926848763
1.0029046477765835
0.9903899951950174
0.9949443849893772
1.0049895455783275
1.0098119183978387
1.009987580939911
1.0090711736463658
1.0089124890153864