13.132693310682177
12.831713526649787
12.733556956190153
12.903914291588114
13.018415280536065
12.815518912242917
12.952099179252277
12.796450065717886
12.875108194361802
12.697519894930798
12.758301558975045
12.57619936585661
12.601760063333048
12.699756849725778
12.541680981568716
12.404031236024325
12.465186435700044
12.416226963502288
12.407625738505093
12.342099051519805
12.280624059282715
12.196488129918851
12.172348392107402
12.047765123547888
11.980192978714925
11.868704215236393
11.718871997890213
11.675928283452484
11.674242313682507
11.528584201114201
11.428334544950113
11.427449920586756
11.218041178225059
11.22200033870769
11.02744219312917
11.020358792673147
10.790526531597852
10.772274482704429
10.6139389707552
10.466214913594
10.446876878875191
10.324608333185203
10.153846583432731
9.992959442614325
9.851067946532453
9.774092011195906
9.639270989357225
9.53849147717715
9.380895598513922
9.227173101229893
9.087753133813225
8.949452834938752
8.882206755682306
8.811046221609239
8.596439094315116
8.386345075786606
8.364381909845301
8.153804866277982
7.972313520562379
7.927616985440606
7.6521802901838045
7.638451706346594
7.394347018530041
7.274043094203618
7.210231040007185
6.89044429165713
6.791526495083058
6.773279253018652
6.568758572509014
6.30640789314959
6.107057728748877
5.943899838786125
5.8208710161580255
5.661374866712835
5.499567705460195
5.309663067732552
5.131410497996756
5.044850192451174
5.04232710162892
4.9565208887693375
4.594690563648701
4.333172928627399
4.506845256944599
4.147635513332085
3.9363337634107487
4.048342848197351
3.511187939799468
3.769162708921906
3.2997019568808352
3.150881949108097
3.521155868942332
2.610178342228965
2.5220736017923815
3.3371278958553603
3.4807923649556507
2.717366142977606
1.73215867777594
0.9888974252455855
0.5543459513361556
0.3527646985593175
0.30769700360277563
0.3806347884048481
0.5728139631741961
0.8611329984652583
1.1478963330790686
1.2512062781441253
1.0626807338970183
0.8564172114955686
0.9930085053074844
1.106420963085836
0.9163280755028334
1.0339877448800385
1.0017465000614123
0.9867679895069886
1.007876424402238
1.0080590577857815
0.967905026467473
1.0476738035665347
0.9750187960486152
0.9782892539797731
1.0318195152960143
1.0218345285718147
0.9828501749929484
0.9703126255447901
0.9782789086385539
0.987673330595485
0.995165388713032
0.9945949161804846
0.9894398331418874
0.9841653459652502
0.9792233581874301
0.9899065486834145
1.0124486232069592
1.0159047378303308
0.9899219009929755
0.989660442822235
1.0141349724149393
0.9892701339567546
1.0025946368601926
1.0001891652819428
0.9976849733343657
0.9979941118052702
1.0048365218995152
0.9895472668407252
1.0109638393711073
1.0009108674768141
0.9886987393161527
1.0013338837706303
1.0103334430573567
1.0048808075546205
0.9997341440729511