14.08188520272951
15.16456886021691
15.225332991697353
15.246067302455703
15.38659827787646
15.167738187757065
15.240735095148562
15.120434121108891
15.107042135450374
15.17668302943833
15.0821068280904
14.994373347506587
14.919490335819374
14.872621861724367
14.916054898037165
14.831095319755207
14.674182391819732
14.729269517945204
14.55004096738546
14.590966289876828
14.387038564021912
14.386906430405633
14.2059923031694
14.13979154667304
14.146800875651675
13.983374084291734
13.859479090486996
13.706330300934685
13.633704116061248
13.525234782265413
13.449489700590094
13.286503463165356
13.177725086366339
13.040845703637753
12.901845325558021
12.837506908755348
12.756925721164697
12.548690718164858
12.4064620707585
12.363447569200877
12.10418517277386
12.055846839868446
11.817157428169013
11.749861010401252
11.468204824335302
11.432862811169118
11.256535577254928
11.009214794533476
10.904024473184501
10.82719428496278
10.623490857893916
10.430929441345345
10.211424201786539
10.049004471380552
9.861132384727638
9.722813659534816
9.60221908481302
9.450792676147456
9.2333585085731
8.957477913869766
8.806222524575576
8.75375919312353
8.439987883386577
8.303375203533504
8.15196272231238
7.896578456045431
7.761732501021433
7.5798083331582795
7.28034560508673
7.284548413439578
7.027979233514125
6.6984094415972875
6.57290248999239
6.490513164453436
6.375685721595152
6.192767969388359
6.016968996538326
5.829362030562848
5.659311755235893
5.440945862805165
5.114009125313572
4.772509039000235
4.694783609060321
4.790058110612798
4.3536640670799125
4.083972175674732
4.289766292323834
3.571447061107648
4.01193642503439
3.164152495470919
3.5838508484033436
3.2810611227705517
2.4448614528280674
3.135818172209133
3.6878038834840265
3.0593036225894927
1.9458962598876937
1.0659885280739583
0.5601871911339316
0.336204054160305
0.2933096091473413
0.38355764100597667
0.6047904662900371
0.9292607170858456
1.2111895058071684
1.217408695773064
0.9486930591030401
0.877390572489743
1.106761710576162
0.9896104313534605
0.9631640359032638
1.057018250316461
0.9497445986116354
1.0339066396565488
0.9958089591329127
0.9679842610152076
1.0484451933328895
0.9951904535849704
0.9605798808997665
0.9940785299059003
1.0244309290579705
1.0334943021427876
1.0254079262788556
1.0223808973608348
1.0211841511623507
1.0226650193368714
1.0236008929459641
1.0095452048433946
0.985278215355048
0.9823045452012164
1.0115612125558318
1.0093953160753786
0.9839003185120946
1.014986415338861
0.9909661642271647
1.0079783898532968
0.9899132398619626
1.0114130691319045
0.9873630666055818
1.005134424487288
1.0094160417848295
0.9916164718328093
0.9912671151091164
0.9993960919028044
1.0086410853428691
1.0091375695871627
1.010665241647288
1.00838343499761
1.0094765852677212
1.007558138883795
1.0000447257411285