18.10961619732069
18.051037508515627
18.18348931214233
18.233826327794656
18.023417083252305
18.053886373665268
18.067504447031318
17.842326146082783
17.878495385124108
17.81466398831463
17.81620498271022
17.75694301685508
17.670229053054353
17.53346791941817
17.57249812548283
17.495174681464604
17.49287558387924
17.342285955302433
17.25374871134819
17.21240368091534
17.10559570577148
16.930581620389592
16.74352357129635
16.65201685949181
16.62328444810481
16.42816184488971
16.32052938652121
16.26888933681499
16.057140963202716
15.96144142850244
15.780294199879702
15.62841831997612
15.547739205222749
15.370206377068023
15.139108295741845
14.984745270671201
14.84107612665749
14.73193130457252
14.543947822095511
14.354484016618287
14.169396735959465
13.959144038381122
13.768682748026439
13.652096604460107
13.49929554657042
13.20015676547111
13.061760088133909
12.901520198244128
12.616475095624239
12.488187183666527
12.222430537751174
12.027654600708855
11.9039323916226
11.595193596950137
11.35209412328144
11.202344895214326
11.052242917281614
10.85841208931772
10.623743903312873
10.41930914053736
10.211962671712447
9.967950309722818
9.670715676847395
9.363763314004338
9.195737628619042
9.09739437336606
8.732146827332702
8.544921382640256
8.39121387020914
8.06758028540527
7.929504128945258
7.690317293034422
7.3445100188123895
7.315108673953585
7.071672388966353
6.695753065904843
6.4184766831034
6.244668261232227
6.080816862597345
5.866970251244148
5.615567834941488
5.325667335771939
5.058020249235839
4.970147828454323
5.0167853805918226
4.653708498041919
4.142673185336187
4.4459677174398
3.774981643629048
3.9770637731696836
3.2749744184204173
3.8499697709747562
2.739273891911942
2.8582971734385048
3.783089588164613
3.3982304479684657
2.19349100113233
1.1530510997647732
0.568755199659063
0.32242361475143033
0.27970103589710726
0.3878110171510421
0.6416296383823799
0.9961505682531857
1.2538326438296301
1.1524634040901562
0.8688190199878444
0.9809797137569671
1.1050738319833684
0.9037502179311239
1.0840222038421363
0.9263903869210603
1.0679327260783869
0.9603704519554778
0.988518062043462
1.0503357466590493
0.9958528920662565
0.9613230238516358
0.9712000546268541
0.994824143393558
1.0043092760906271
1.0050601595105548
0.9989316033355342
0.9851289886804101
0.9753711976964584
0.9896517536057777
1.018182410129666
1.0050032031443636
0.9800679629433882
1.015959725817363
0.9901224842514487
1.0092849818743304
0.9900988357009518
1.0129955880722603
0.9870347600285786
1.001746673183578
1.0123024645184664
0.9987741081614693
0.9875700278822139
0.9901330423537992
0.9952109280669603
0.9961120048923319
0.9965252223790158
0.9941418260273194
0.990643227417395
0.9933819287298118
1.0043011222726412
1.0062622635599245
0.9920601451670061
0.9996799475472714
1.0041558708922502