18.486897984401583
21.52823075133329
21.367276648371835
21.345118461440993
21.196049681725572
21.354822832660677
21.429382792691296
21.313916984943457
21.191484929154733
21.122366949298655
21.072877891781257
20.989641954374605
20.847520386014786
20.753330120040815
20.81556107870489
20.702958546935776
20.46393811870674
20.50724008117751
20.30025315275168
20.22725887934337
20.13258984956522
19.88939631915856
19.851143588486405
19.782597889510207
19.56084838758629
19.36053244241213
19.209127728082528
19.068299974148758
18.93150796374242
18.801374677612884
18.639103082212
18.379097891352508
18.11991081755652
18.037511614438955
17.821361858083115
17.60224163705085
17.40797867887717
17.226344907354093
16.926335474808358
16.851511551448205
16.54847461397219
16.261241158890186
16.078638582009898
15.880425276618288
15.657296724548884
15.422536056350493
15.16835498976172
14.885241145405741
14.598717035774161
14.389717933600666
14.240537040101609
13.926326315346621
13.639693472230565
13.475853385594196
13.090982832206608
12.968624370296975
12.605468262848992
12.339407804169484
12.192031298286595
11.866781842453815
11.527062983117808
11.235092073109188
10.970211609098156
10.705787218655383
10.426459904155951
10.143837130718573
9.908906674827133
9.752594461945536
9.517322934993588
9.085615942753225
8.91658439935116
8.68095331857808
8.296539088065831
8.161344422975667
7.839356744171051
7.474894012992646
7.4229024632100415
7.125138153510923
6.6995083283759485
6.370981242502111
6.127988578666962
5.888292929398352
5.611361257298241
5.3171473364217325
5.114336381539917
5.116249706171736
5.010840096446491
4.339507135013609
4.258794192707148
4.277561706195718
3.539664634906706
3.8742461549472957
3.3755378646769594
2.6624086229788304
3.7287717203798034
3.730584837917423
2.4643526383597583
1.256231390446666
0.5797781936789284
0.30675214384671173
0.2673785860486187
0.3949829190411525
0.6824845957217501
1.0618939886965368
1.2699746790468673
1.0568039616671634
0.8460600970354262
1.093027805573212
0.9871721589732293
0.992487856350347
1.001884055876329
1.0315152619155372
0.9421491255156895
1.0395446119328402
1.0340303379172089
0.9722093273758057
0.9573643564276033
0.9717581794155746
0.9831313600706222
0.9833318001580345
0.9760397706309067
0.9726015076197608
0.990571241803949
1.0221648402138295
1.0099205861296354
0.9775288827988294
1.0164825450290427
0.9900850921790859
1.009570141805878
0.9865361072504931
1.0168297778981488
0.991188732056526
0.9892158263076042
1.0107391403014934
1.013156145136312
1.0055375234080235
1.0007862689886193
1.0004089275647965
1.0035939987724325
1.0091632563666713
1.0114847530170377
1.0017651394771543
0.9898439400640273
1.0020810061997831
1.0045424223335215
0.9932514348806742
1.0073828838047931
0.9931716068228262
1.0037512017648649
1.0030688391547982
0.9919737202818238