1.1018198207645384
1.1051612244070204
1.1153383153398215
1.132758190229253
1.1579371326758199
1.191289212199108
1.2328883844348375
1.2822497397028754
1.3381733513702705
1.3986844076391944
1.461087870256458
1.5221369006164067
1.578296170531537
1.626065940462291
1.6623227751604126
1.6846310624640872
1.6914845941088865
1.682448484034991
1.6581873662782765
1.6203823955780836
1.5715546799786093
1.514823868775241
1.4536361441794585
1.3914954809935964
1.331726203093818
1.277284794854628
1.230630124356139
1.1936472584106326
1.167616543572278
1.1532139555018404
1.150529129371723
1.1590937492271294
1.1779169346413452
1.2055319215493363
1.240061798353914
1.2793149560077755
1.320915265640271
1.3624681502441771
1.4017544277697784
1.436931858900529
1.4667216261327671
1.490548365819404
1.5086066648985539
1.521835020245052
1.5317874932185236
1.5404124562230468
1.5497620946877309
1.5616708715448844
1.5774501661004985
1.5976465772174895
1.621906996440331
1.6489760972463945
1.6768357642644784
1.7029692864542667
1.7247158247095091
1.739661666439433
1.7460076199684202
1.7428530733290961
1.7303487504919122
1.70969013074527
1.6829488187884203
1.652765744129972
1.6219533774788066
1.59307089565813
1.5680388171404656
1.5478624925028184
1.532502543554085
1.5209221465706364
1.5112987884413418
1.501367263193246
1.4888346363408584
1.4717961732603124
1.4490801616805007
1.4204614692977118
1.3867063150949683
1.3494403342374655
1.3108635435164155
1.2733633366831638
1.2390953930190556
1.2096095516728267
1.1855884096673874
1.1667479364107494
1.1519183112035685
1.1392900105881265
1.1267785711382103
1.1124383271878509
1.094845273322428
1.0733743626638796
1.0483164473240072
1.0208111949060237
0.9926089027246564
0.9657085948086656
0.9419462405900941
0.9226174503461714
0.9082139202450857
0.8983297907194137
0.8917592302058964
0.8867659579280378
0.8814679151714047
0.8742540815237572
0.864141701381833
0.8509935591161599
0.8355446778947857
0.8192299750364753
0.8038497377831152
0.7911483917762654
0.7824037917981612
0.7781245169272551
0.7779291727552221
0.7806399420406072
0.7845714133523531
0.7879472991484802
0.7893440847849481
0.7880510009645785
0.7842535538984079
0.778989972654119
0.7738867280287328
0.770736703200113
0.7710269501636551
0.7755394139855097
0.7841330385054641
0.7957702332401909
0.8087867568489128
0.8213374493514398
0.8318994132710422
0.8396940911007237
0.8449074777088262
0.8486404135327142
0.8525953539161026
0.8585819576718932
0.8679793927383428
0.8813109425345097
0.8980594883473154
0.9167856403238385
0.9355224057149819
0.952335962313435
0.9658875891490356
0.9758252347332943
0.9828792154746839
0.9886236365995106
0.9949682139854991
1.0035325456517799
1.0150978998927893
1.0293141119789728
1.0447636651128231
1.059372998273985
1.0710473516671464
1.0783274998349974
1.0808523140651243
1.079468323318312
1.0759406268849756