22.250429495290064
24.93069858968641
25.045427153091065
25.258411262103184
25.402718523021324
25.24868061424007
25.157640424222222
25.070452003902105
25.149279586099404
24.876674512494382
25.050055277028946
24.746036850658953
24.69584819093221
24.699849347375103
24.533901679842156
24.38050664907813
24.267887049589735
24.142185092561146
23.97371525974634
23.782220126811914
23.64963326672427
23.583916509567203
23.432594346412934
23.219503379388403
22.990945279722457
22.924686828102057
22.57322689243252
22.51810965096374
22.262641967668255
21.97228824901531
21.833724040486167
21.630073751261992
21.36043673124402
21.090297926836627
20.841557505008428
20.62499065425935
20.434146890908586
20.19723423381028
19.867250154103342
19.55339317709455
19.347875672770787
19.076721119676638
18.740908863486226
18.508654465540772
18.245463299775004
17.841695137767527
17.641006022836233
17.380131539733547
17.027624129838454
16.677332329253474
16.351188873288606
16.046268037381207
15.77660767840634
15.537582790728507
15.242619550034638
14.83386191253692
14.48432079796281
14.294199649569812
13.829941555817603
13.65947212679679
13.163540109828558
13.001554330403113
12.648446024603793
12.210733563734808
11.917689280299674
11.66824653163455
11.387689338754813
11.074029312726255
10.722429672818441
10.32029669578262
9.9296298705083
9.699564420028693
9.516001314064521
9.016971014581074
8.795253403986612
8.460082464359715
8.200219262307016
7.722697796603702
7.677051503017688
7.289725753575436
6.800406382324578
6.48326695819819
6.242821633765829
5.971113741598028
5.631058439744936
5.251723433993145
5.006514420479704
5.067559507236762
4.862618374268005
4.0357110916856085
4.40177152863559
3.5629300353929896
4.046154861300363
2.7059496933152594
3.549630403687306
4.014721392812547
2.7645285612942687
1.3769937009384141
0.5960980740812252
0.2935862481449586
0.2566127059067564
0.4041382644047899
0.7268273166693132
1.1243922003015765
1.2620621409470623
0.961261693594611
0.897852464896483
1.128565577047372
0.8987594353872757
1.091193897746832
0.9313112142237743
1.0218315065110426
1.0467868419802606
0.9688399112241343
0.9532055919456079
0.9756295212152081
0.9913702991089294
0.9916600926796669
0.9809382056449234
0.9707127080511632
0.9828747033816
1.0194235572659889
1.0107177800349276
0.9767764423332882
1.0230574512755866
0.9791302218777763
1.0195849677159627
0.9868011731689494
0.9974556358146681
1.0160621299502361
1.0030439508094298
0.9893251597747204
0.9853624335568042
0.9857733879850743
0.9877175086404415
0.9927988584013934
1.0027083635143992
1.0107951759172722
0.9994488516411639
0.9907627087024286
1.0111211565280875
0.9897823703208054
1.009643048091856
0.9918861159967258
1.0032325096003991
1.0052116656707617
0.9940885309381104
0.992333006210885
0.9962066680684689
0.9987108104378534
0.9983773191964243