24.49275808622964
27.569815780483253
27.61960442106385
27.661144516685646
27.326782695364866
27.400253440624834
27.363376786091152
27.227818848003405
27.161641179910117
27.167349659777
27.122836974602535
26.914914485591808
26.85146557061998
26.876257806502373
26.65249255089415
26.554289477603923
26.41178992170157
26.20784747136363
26.136007274905747
25.998009116538903
25.833491571665686
25.57142585339967
25.382596568503335
25.243710127579167
25.09440752969623
24.878759360430667
24.56959036622883
24.351240034088246
24.185671692443858
23.80727468589894
23.721356906220386
23.3627031475352
23.139051030207757
22.959791578733853
22.5640441505709
22.291354743576477
22.012878376559815
21.71884895387353
21.43740282167967
21.138661555916674
20.85140054901807
20.625476861687293
20.347675196283628
19.907114368761786
19.667493673353878
19.288060034666206
19.042114594039013
18.604526463500285
18.391264510456608
18.03676552153425
17.60437104244126
17.24554269574134
16.940733557766528
16.592490215366343
16.21826148244949
15.853889376357555
15.554240767200763
15.306674849153534
14.89094197741758
14.462812812839594
14.273991243192402
13.75263356253364
13.546247848870431
13.104649130540881
12.693072184055703
12.472900534405962
12.155063949224633
11.78085937178769
11.392759144403758
11.044516827374789
10.74239124790041
10.427923545880013
9.985468840607364
9.505884286655137
9.347787365242427
8.95696054877956
8.568569352458363
8.30745276895705
8.005804583229947
7.468003992838206
7.347977460304514
7.15427141848952
6.750522932140483
6.351030887744759
6.020541394376737
5.779242470430783
5.625643296519823
5.361280024823033
4.6805786392549
4.320808818619875
4.647897791402127
3.5394958126204887
4.250221585400142
2.861140332486535
3.42604705252191
4.128220255641806
2.9230023799752995
1.4420763527441622
0.6034915814718431
0.2873529425264313
0.2526620834128568
0.4096473278032524
0.7490974286109358
1.154767624096908
1.2502475452314044
0.9169724257859881
0.9478924171525563
1.1021888643401636
0.9118481822654664
1.0652333184214364
0.9903949646497501
0.9482623260148768
1.0426382465326203
1.0462316829464793
1.0105345938988208
0.9908272752962203
0.987706203720836
0.9993041406304911
1.0211965608317906
1.0284725638837824
0.992212948174447
0.977790689294252
1.0233837889882995
0.9814234500524409
1.018939500758652
0.9793298938358375
1.0161510936941793
1.0042346168452139
0.9838033803709175
0.9888820880770051
1.0015684980005923
1.0053064636897744
1.0032873471936241
0.9972742893698867
0.9889934026925002
0.9909978699790936
1.0085174550175624
1.0020809095333052
0.990656912692318
1.009608934948879
0.9922866346596935
1.00396553703112
1.0042008604697141
0.9910548009899806
0.9974553326980692
1.0041476541932728
1.0081703288802555
1.0081997350388376
1.0066330896571847
1.003504214950262
0.9967330266178779