1.6249576802594146
1.6143489554638781
1.585867619463463
1.5480575893598816
1.5109737538935335
1.482211424235211
1.4646398869914554
1.4568159403085026
1.4555432249935323
1.458892837703344
1.467832022900636
1.4854950740034458
1.5145333656682998
1.5541036195339308
1.5982795319207428
1.6369092370478109
1.6586593763976176
1.6548890090198969
1.6226679662459893
1.5657811007177302
1.4935786212801816
1.4184442747812123
1.353003109092352
1.3079099925689792
1.2904575701992151
1.3037700669046781
1.3462952880432943
1.4116248909863962
1.489034266997921
1.5651743458421699
1.6269235310004913
1.6647301316889471
1.675250186363388
1.6621114781600856
1.6342950610998206
1.602635990336008
1.5758039066952167
1.5573736516837884
1.5451203884981455
1.5326809824056673
1.512747557650202
1.480409677821754
1.4353611356666047
1.3822864221406113
1.3294988530675624
1.2864732931907592
1.2611372380861126
1.2576953353809575
1.2755239024091682
1.309403902558933
1.3510876068451445
1.391869157246704
1.4254617687640687
1.4501927466963895
1.469555577122749
1.4906306907215856
1.5207617245931855
1.5637774523269161
1.6174970571277663
1.6738862665310628
1.722081671939601
1.7530632620821405
1.7637784664242095
1.7585952048877311
1.7471765301404782
1.7396722152736213
1.7415856139095605
1.7509668406739485
1.7594704460624773
1.7568086842291195
1.736300825453049
1.6985636937407107
1.6513314043052978
1.6054638149020009
1.5692894500751706
1.544372078786864
1.5250242531448333
1.5018228424700053
1.4671401575359142
1.419567617987814
1.3647376053571896
1.3121089016647232
1.269601784269246
1.2392081035336895
1.2161220319174642
1.1918609431592107
1.1594836220003735
1.1177703639359287
1.071865103290831
1.0300315046087647
0.9985498743936628
0.9779227830678032
0.9627395534332681
0.9452546465874976
0.9203856940818588
0.8889272480370628
0.8569169421337239
0.8315850386136452
0.8165611898138433
0.8095230055917875
0.8038611482279324
0.7932389236708823
0.7759392116312017
0.7560004696235043
0.7403337047738561
0.733819009782634
0.7358438920937492
0.7407775183565266
0.7420837889785259
0.7371194270008274
0.7290924771087182
0.7246777095703086
0.7289980656211432
0.7417174165809485
0.7572503303974158
0.7690198240873073
0.7745529247881199
0.7774434441136324
0.784546685999972
0.8005040303860639
0.823911292630631
0.8482774668558508
0.8671406043480979
0.8792730101369559
0.8896737394138307
0.9053820003516743
0.9294498226901043
0.9581034129371399
0.9836161268862303
1.00062738388105
1.0105784862117677
1.0203569190128028
1.0361482174061276
1.057752658957324
1.0784172520327544
1.0905072118452224
1.0921102825400812
1.0886464221097605
1.0878923665332805
1.0928104268375471
1.0987414739944188
1.0976756434519728
1.0857739515112166
1.0671355063794359
1.0501673021316
1.0398849224066364
1.0334773260500267
1.0234832504073665
1.0055835141143767
0.983385918111585
0.9653845465363816