33.20786102877771
29.71141454134928
29.961424122576265
29.76160648376409
29.936376084465934
29.698590878858433
29.800527416922098
29.74460975935906
29.64887619539469
29.5441187210337
29.35687213131254
29.359232175608486
29.149616383629645
29.128059065244145
28.985338562302335
28.92350166135153
28.69596161545676
28.584708044100122
28.37343814317517
28.195367231737734
27.950740935187124
27.884608789788583
27.639343984655717
27.323736457187554
27.062375236000598
26.89656587348421
26.61727681696824
26.383608588500866
26.10111254520623
25.957940406865635
25.698895849291954
25.284084544081818
25.09346157441265
24.76622037079902
24.526247407229164
24.118307952313987
23.904212446568327
23.58488779539487
23.214152165527498
22.859219023128016
22.48870031293555
22.184485170225066
21.824442785972003
21.565903768318638
21.255829200559898
20.82114156135188
20.432041353870588
20.199781675119937
19.690121478019453
19.456562268648426
18.996148273813493
18.58463147667881
18.2977528910046
17.938776956215758
17.551565875392026
17.144197663659607
16.77015235678257
16.417112823541018
16.02255099863203
15.510204314440202
15.121912921593772
14.88671013586609
14.324735862055686
14.101370762827873
13.534735292186628
13.30643588026897
12.917007101805304
12.395130985746738
11.978246694186675
11.637750275043796
11.267895756775735
10.861603347302372
10.454517810874163
10.144149039611005
9.932687627746299
9.476031600613918
8.998288695166154
8.872998833525644
8.252334856988853
8.103775239591338
7.754411888374066
7.160861888447647
6.877964855532801
6.701774980034628
6.459889677018878
6.135487717687924
5.741626210496954
5.193539658608665
4.727131857575548
4.8525053645741085
4.613297985752309
3.715272497195472
4.31762520442244
3.102817725854025
3.2845616416286987
4.225409296492974
3.087988196126344
1.5117789175071044
0.6130173270958184
0.28242106191474836
0.2472159283651844
0.41504361258093075
0.7698677638198522
1.1811897675232028
1.229813619522515
0.878374863737012
1.0000819847344828
1.0528203281899668
0.9633167509834316
1.000115574143916
1.0579586587320842
0.9470859514908456
0.9619450159269763
1.015741806968713
1.0362473481118615
1.0355662630163385
1.028600372682037
1.0038866585628696
0.974154751465174
0.9829805625022829
1.0257799443043423
0.9868712285723962
1.0031894282498048
0.9954415008327647
1.0134986877849248
0.979798662233996
1.0028822886352744
1.0173578352469397
1.0102194832853966
1.0002648889962742
0.9986654090591909
1.003362373618574
1.011070919544894
1.010776616731974
0.9948868507467985
0.99311679140357
1.0105213718372654
0.9882921018111994
1.009684910067436
0.9904923797273155
1.000002146970481
1.0086833030372728
1.000319268919415
0.9931835410955564
0.9909280630619562
0.9927630137303358
0.9920110610913713
0.9977393091882782
1.0045261141733866
1.004546222572696
0.9941831502580617