1.0959366472659806
1.367073921620393
1.964496743857513
2.261310003932336
1.9962319758677247
1.6685226303397318
1.688265613126349
1.9610061511577097
2.0916627778279198
1.9263790626878117
1.750209103827694
1.7748862267820174
1.9118749205345107
1.9629426691670802
1.9112553245333477
1.8760568311801415
1.8496999113783499
1.80478767515151
1.8102650749943812
1.9187982493284073
2.0034027675850594
1.9058433756768969
1.7470217627195856
1.7407173306148709
1.8660304402285384
1.9367493829013458
1.9106831600688026
1.8900525282185079
1.8515878341230079
1.7557014972581866
1.7219022654023173
1.8304999243239362
1.9419681511733804
1.9206202760266105
1.8598689226728715
1.8257723320815515
1.751777400451072
1.6893229903196452
1.7526619588944217
1.8683297337599811
1.8949070776878023
1.8840871665960282
1.8803561933457613
1.7925813782291176
1.6781952312708153
1.6686519984684076
1.7099534727512808
1.734525417757149
1.8119651895798672
1.902804916393302
1.8842487409746893
1.8318852644337356
1.794594879678725
1.6929847647914915
1.6036537993738191
1.605603656144174
1.6147830005828216
1.640142114997915
1.7424447669827163
1.8160196528858485
1.8388322468321878
1.88551651818185
1.8636182184758476
1.7806236798853239
1.7289425313128595
1.6348849164625836
1.5315181824677584
1.4954816653270433
1.452466669642317
1.4357007355378555
1.491673764095906
1.5333809039146165
1.600439147411428
1.7100398902459972
1.7715860764260787
1.8543849689537253
1.9335950630358838
1.950424185822562
1.9949680370737557
1.992613706042526
1.9563899288837614
1.94317492713864
1.865944421888203
1.8042302134233217
1.7358765557256595
1.6294532687110947
1.5620450702574142
1.4588276160004667
1.3683954439818211
1.293720227392308
1.1918230605373705
1.1295848980192427
1.0471421122284692
0.9784046535832769
0.926415516303191
0.8565672437031293
0.8211721914580908
0.7682904443790167
0.7337529996373718
0.7065028574464675
0.6715093353109043
0.6636401086341666
0.6381603216921877
0.6381526207535517
0.6318910651860519
0.6333763614003749
0.6485180360726717
0.653322287860642
0.6846673309729484
0.6994259173659075
0.7385901649856127
0.7691202060830001
0.8088788377965896
0.855626654415042
0.8921100650770335
0.9484590380255244
0.9805483056037463
1.0344553838881547
1.0612800808967031
1.099382091025787
1.1180976072376667
1.130486036971053
1.1365587225979932
1.120464657593025
1.1110114519387444
1.0724190730252936
1.0505807789072086
1.00334100989609
0.9799951512652821
0.941947011366393
0.9318135775086455
0.9177183036809226
0.930374643185656
0.9435305345043243
0.9745816396136413
1.002357017347836
1.0327073359341934
1.0522554267440554
1.060074136278449
1.0547300025850297
1.0342316705608876
1.0095374600008438
0.9798858792173832
0.9616948547597006
0.9518888047383912
0.9612215713210914
0.9796164681478584
1.0066421149518592
1.0284695135988202
1.0399866965501077
1.0359998350130764