1.3730568580127966
1.7418304826547149
2.3238928253851197
2.1677691478787704
1.8503070152797219
1.9873562121578219
2.1906337280160955
2.0562856620646293
1.9533963624845643
2.0251810227512093
2.0707862117987355
2.0657358038384754
2.0516092675356044
1.961045540894611
1.9819572137910453
2.143367601027443
2.0812680424389143
1.8882004529196035
1.9757934930480014
2.1365003022845865
2.0513706800941955
1.9666510693712729
1.9653953101776354
1.97190780593551
2.07496175198805
2.09842640688966
1.9242388986792742
1.9001761489760638
2.0140178245349856
2.0376208964726157
2.0569715608957537
1.9823001847493544
1.8556780261224026
1.9325769457893391
2.0272151082896372
2.0281976352243785
2.0261977197066514
1.8956201093415237
1.83719859197003
1.9260569750543122
1.9690046460113784
2.039245319950955
2.003632613633687
1.8695733660571672
1.8399189066074169
1.8148900261107306
1.8940492450204174
1.9987896370383162
1.9842798397568275
1.9719884648709762
1.8464844527257056
1.7696663028586743
1.7654305691942926
1.7842135443596983
1.9073401191160397
1.9463826618613913
1.9806213955139134
1.9254416771330871
1.8177672679816603
1.743445851354513
1.652122115693033
1.6807635674136507
1.7088259517699573
1.8129262116896347
1.8904543660767918
1.9407045954699476
1.954913842613148
1.8853550259043732
1.8188248580406579
1.6841563839713223
1.609507828331853
1.5109518935182977
1.501723145054888
1.496272584928221
1.5665171798931252
1.640168293231016
1.749734010176909
1.8477847056089831
1.9416016933424765
2.010987958329422
2.051879993871944
2.0648506816968424
2.0437984570503644
1.9992148987528156
1.928496083984859
1.8413295461108818
1.7422175195957188
1.6320244277779579
1.5250166559132095
1.4086464368577223
1.308621015227832
1.1976243497426506
1.1129395361623602
1.0140230943435222
0.9476683171373232
0.864381030483433
0.8157247642611976
0.7501566799024014
0.7165944601999722
0.6704695745079382
0.6488460499414895
0.6237711379103056
0.6116852039331547
0.6085627507783553
0.6055576602288466
0.623452086439696
0.631705547992406
0.6668314470354338
0.6905178894207534
0.7362899706437468
0.7787964830755318
0.8275485107280579
0.8868356884021538
0.9324969826018834
0.9971708737943971
1.0365018187675847
1.0870292397670112
1.1171323348451274
1.1349534937498171
1.1487989831663026
1.12929149073
1.1166291276374956
1.0748279677928936
1.0342791910750635
0.9953386955281873
0.9484611371212013
0.9304941874073982
0.9141543815696023
0.9210116003396781
0.95092586786546
0.9769042564889124
1.0211801058160548
1.0503247188050477
1.0602283004551194
1.0643903698574728
1.03472901871852
1.0026932874500922
0.9755338274639369
0.9479178628674659
0.9531062497101527
0.9748898389834206
0.9990256810079453
1.033983638497917
1.0450268611851306
1.0298876294834036
1.0107128508473662
0.979110003586484
0.9597236216620623
0.9735619812804346
0.995712214838737
1.0184373652110374