3.918336181687177
3.2741674336725883
3.294116887763404
3.3919844974714977
3.2088501060530517
3.4150240446813664
3.2565033917872883
3.3104492738495885
3.313339515888831
3.3365383721943798
3.2377613655749666
3.308008542188231
3.3403363409371196
3.2547915461742876
3.2656796799201935
3.2538371709500025
3.295456975287423
3.312113419577728
3.233383154094345
3.206914340728014
3.227145945271866
3.218497600178799
3.2217022518984755
3.252587126270388
3.2577690997242854
3.22547115388808
3.195428147934494
3.1880433967387956
3.187590321628838
3.176360139072346
3.1551224636632798
3.135132537241972
3.124273446575311
3.1222925742802725
3.1233673886456406
3.119827767409885
3.1047589440785313
3.0748053764503305
3.03426175700176
2.997741305744529
2.984522906050686
3.0005303400139836
3.0205606598833286
3.001670649532656
2.9377498509598943
2.8904057862111006
2.910168437717308
2.930811034618803
2.8651872627650175
2.8020099062507655
2.847300597062529
2.852439545602709
2.7609655745228827
2.784447742398456
2.791760355255828
2.6789515987720334
2.738805692568164
2.7069216388914334
2.6348335935323757
2.694404479676811
2.5683790212501094
2.6591267231617013
2.533208238804209
2.587642798153273
2.5020723719485987
2.5406369094716474
2.4347814616601036
2.5162229907374227
2.3582331939497077
2.4823871315601784
2.3077272321718154
2.3913990040495685
2.3365492898498577
2.225002326382278
2.3668403382573078
2.1852812383234403
2.168151259827566
2.2889887494330226
2.1161048536763856
2.0215320467781384
2.193912302007431
2.1503448760880963
1.907603984437911
1.8980783150475835
2.0835557732460313
2.125823802217337
1.9055701899998883
1.6578938797350935
1.6378161805561255
1.8339977758300154
2.0725855185402966
2.203591126265293
2.161937505349012
1.9658603288539236
1.6855517156449424
1.3927770358377132
1.1304727015521843
0.9149262970956442
0.7494661030488111
0.6330731044383743
0.5634544383478775
0.5385129243075474
0.5572219632451769
0.6190203518375232
0.7211178515194641
0.854013010173847
0.9967719246928494
1.1156314211103882
1.1714100824614155
1.1395351125733222
1.036562373851892
0.93020231754982
0.9036103896441142
0.9780802007600637
1.0681521949917536
1.061082785022183
0.9721065107311274
0.9455375677474849
1.0225539407649504
1.0477713708545604
0.9712867278097638
0.9702770259181289
1.0388997202928167
0.9969884909107724
0.9720748532321903
1.0339096137808026
0.9872787787842654
0.9868152387523794
1.026703845076989
0.9741868984989794
1.0206785110186978
0.9864394939935023
1.0058977394242463
1.0017363450010277
0.9943590024305949
1.0062661339436354
0.996008564307294
1.0009731620500104
1.0029154107960558
0.9930669036436549
1.0113788565048538
0.9857578341244201
1.0139015856845346
0.9918854878072426
0.9980050434099978
1.0120336626746098
0.9857725073744179
1.0054809120611388
1.0074840104794203
0.9900486778701827
0.997750838432358