4.343723557479127
5.221081520746934
4.951404590235261
5.071067562819573
5.097138007964602
5.022607651820357
4.999813424200429
5.065015545887035
5.027511798613
5.085230096896259
4.98929807492525
4.975781601000407
5.010541537562854
4.952701066604401
4.921573064051672
4.9540527929115985
4.96617630734319
4.932489789648484
4.891802122176235
4.873879382216809
4.876130237961814
4.877564620548961
4.859622330168964
4.82808412825265
4.811176202187261
4.807891209637804
4.772544716355375
4.720921990035721
4.715911078519178
4.705385931899227
4.698527784924709
4.715901818062068
4.642304988677774
4.599335539542506
4.577545187596831
4.610864079781481
4.514435482898667
4.502706359772852
4.510907686992856
4.417400333856001
4.450862429274001
4.373751127705377
4.357494495414632
4.3272078123489415
4.307796932434238
4.229867179884409
4.249343858329501
4.148503710676404
4.173919760915971
4.140150491394295
4.044228453537946
4.051109421514308
4.045434652321928
3.9595346910041602
3.8834330471606657
3.864227943853415
3.8648537012655
3.8448216739774916
3.7975829261179572
3.737709745056793
3.682012708457839
3.6372656669929326
3.596046186087299
3.552588349768347
3.5204193589307446
3.4984354578184775
3.4473409351836954
3.363181868511624
3.26400285739739
3.180665387880682
3.20195805787079
3.2152346395298004
3.0970134868814774
2.970598501722268
3.0518834485021147
2.957197592108161
2.816413150734537
2.927997309448986
2.6961387338150864
2.7972439269176594
2.6139412083188334
2.680358750321364
2.4680095469758503
2.633321514562234
2.3025605034714536
2.4982463766638348
2.358669525441961
2.0876760881412495
2.363719478212934
2.314785720762766
1.8743016949668605
1.812578313880861
2.1836760249531553
2.4642247532961936
2.3601112008705525
1.9620062506592757
1.4824489380722745
1.065845264255413
0.7638690279786583
0.5767319824267539
0.4881441547453048
0.4831529404343232
0.5582236344229146
0.7141091277253055
0.9232997419249354
1.1148555974072072
1.1956847061395395
1.1006562929881447
0.9286339638009664
0.9031991030403499
1.0424929301770673
1.0730040188466596
0.9404629594037268
0.9910279054170571
1.0540686274439133
0.9473972251066306
1.0341149349517622
0.9875461666032469
0.9999611902182508
1.0049815490172371
0.9999573025267836
0.9927158375728065
1.0164244524307988
0.9740683980303034
1.027233969381449
0.9916180312625607
0.9861002399873922
1.0219756009913226
1.0023569050367085
0.9795619787189607
0.9956501137733189
1.016000864507144
1.0150568499206625
1.0016960860078497
0.9905320631084563
0.9859232063757761
0.9854919903434444
0.9867702964446947
0.9888955836324089
0.9902475004969353
0.9887059380103975
0.9871584183863454
0.9908085926401428
0.997034981421568
1.0046639686355574
1.0112056651588766
1.0027975802102913
0.992412150187215
0.9943937826310881
1.0082439864268797
1.0013043240075237