5.72746105937399
4.683620317329181
4.522147536732298
4.717840503465821
4.6446776694128475
4.6630569501949495
4.552595640865867
4.6517680151112
4.625896581109471
4.690166997594013
4.606375573654267
4.615971696100483
4.581640780285843
4.537006172064366
4.5654063394003295
4.540528049891101
4.506113791547713
4.523004500171019
4.5401392043271835
4.5302358029295755
4.5173878491400075
4.509525174217578
4.487095739467685
4.447719026616101
4.429401695630522
4.4530899708896365
4.454410339601074
4.387631394350419
4.361801306110603
4.396454451487967
4.3342680561160005
4.307673504730245
4.327497828943688
4.233492307046161
4.265642187478278
4.183959698377128
4.221350744421491
4.153971552182015
4.181002632528474
4.07543894367088
4.122953969354569
4.059512361960455
4.017387521638361
4.042373373794143
3.9637397812392674
3.919321285361855
3.959731506908808
3.89945850461197
3.8269419520750274
3.7892602582175967
3.8042502486002245
3.7906532386491523
3.7666676989642105
3.698163402437737
3.650866241733453
3.5960367599179226
3.5432451589456506
3.512886162081672
3.4750952603095078
3.4355890129350484
3.415592522153386
3.408861247283303
3.3973772716816493
3.363185720969737
3.2896548913047865
3.188754813728912
3.1269168117809616
3.152758169756557
3.165603492837764
3.042570141353492
2.9562352635002664
3.029382868898298
2.9268258029408663
2.8169539266819767
2.9106504218316362
2.707666101427504
2.787959659510308
2.6546559121597855
2.6742709857319236
2.558710141704062
2.6008461549900654
2.3955849581873085
2.5766443273377995
2.270024658593504
2.3780353977239734
2.403580802711611
2.060405332912393
2.19863940033759
2.3669551979453676
2.033324559268507
1.7444869323095562
1.9083994462662621
2.2802572276105675
2.4219984985303777
2.2342267750820364
1.8342869066334617
1.3946709342372126
1.0284385797822466
0.7586110838242482
0.5862093465429512
0.5018067770322772
0.4923425705452203
0.5539648992130536
0.6866063071748331
0.8751810624562357
1.0695030025833911
1.1850458636369414
1.1505258705505537
0.9964143272513957
0.887871232682321
0.9604789149036272
1.082377461520337
1.024029269127329
0.9300554194153993
1.024990413305857
1.032294757917588
0.9474780955543967
1.038860276053733
0.981691160577644
1.0007519087939043
1.011222689684918
0.9884309930007176
1.0110354940908557
0.9937281661131335
0.9960593746776913
1.0171358745105168
0.9754298958966509
1.0211670799495174
0.9965291199327788
0.9831492728921574
1.0182458261053944
1.0058291822833012
0.9811920171959301
0.9960359609931362
1.013562222344467
1.0136611665155388
0.9969398810163146
0.9879181594241816
0.9862098967339822
0.9902680609819932
0.9973838077054633
0.9994541105946358
1.0019140905507702
1.0032766805159057
1.0003369845969794
0.9966010321433496
0.9938676461748688
0.9915060848288592
0.9914280782791096
0.9966342019666045
1.0050347031459894