3.435970822622866
2.9571828354956633
2.9123335153185517
2.8754457961219746
2.8383884348235453
2.8048478992562482
2.782070654759533
2.7761005225080213
2.786068746192185
2.800453350467671
2.8008343009069576
2.7756750263035053
2.736138114290121
2.715364909251889
2.739798592698965
2.7938199759630296
2.8251576727540586
2.8030004602398586
2.7584302994176624
2.7368411712595844
2.7312198088141755
2.7211462268905984
2.7361858135826016
2.7739521151818356
2.74708239750186
2.6695650975203553
2.684076407425595
2.7499275549179654
2.7107874675498818
2.65082335270659
2.6728689127223477
2.6944749077024137
2.670151274107466
2.6197979562887563
2.6507411765310587
2.6691787711446167
2.573535517434398
2.635875925857413
2.621574597061708
2.5476776504407925
2.6211438098021413
2.552098054898499
2.546917483664066
2.575277530474631
2.4969007330103077
2.553004375427355
2.486164425699208
2.5051488576113994
2.4817292055881923
2.461065609040079
2.4648189231079742
2.427981761464147
2.437077588823418
2.3994129897878222
2.405214260568067
2.3743976785506438
2.3603068377890684
2.3708435567328303
2.2869991230042483
2.3804436320336464
2.2341495680938266
2.32189233725815
2.269777522150323
2.199484444148631
2.294567701200892
2.1647440561928013
2.1862053298118203
2.236446640636048
2.0854862523556275
2.1300591426297846
2.20271729567096
2.0426040006819255
2.006818604664457
2.13949703350197
2.0829987131868744
1.9156431465397306
1.9462186569244626
2.074317196010645
2.020905256488248
1.8338031921684645
1.7728182512694606
1.9007906123602507
2.0274700043892686
1.9783350378088054
1.7800319145504049
1.5959006411225063
1.5587095988203241
1.679973666355848
1.8747153582024656
2.0369322622667916
2.097349059856409
2.0395883953702425
1.8864225143338267
1.6770545091768716
1.4493455274514768
1.231105912273542
1.0386438108491847
0.8791315208601739
0.754053361136688
0.6622659649120515
0.6021590469394599
0.5728652245597522
0.5745623159635451
0.6078630606932651
0.6723159460406721
0.7642922982286672
0.8749619829840641
0.9893613365224392
1.0874091914194013
1.1473078518907798
1.151766123764688
1.097568334197392
1.0061941186077015
0.9253618458051309
0.9069578974659218
0.9639390238746517
1.045017831623244
1.072176642854251
1.0213642278582857
0.9553734868221693
0.9550150684650238
1.0171524504703002
1.0484741140201497
0.997674206197817
0.9561132640782639
1.004720956877994
1.039189955699495
0.9852817566711298
0.9733505699058363
1.026016314532516
1.0078572575969018
0.9731216769501648
1.0147352807919943
1.0112575279843719
0.9751145662339256
1.019495370862579
0.997890752050008
0.9863637403300095
1.0215423365398093
0.9800728785147477
1.0130480949784368
0.9959542569702746
0.9963295496014198
1.0095494276462498
0.9869615652884154
1.0151548605079088
0.9840558928433366
1.016305715522296
0.984171040142797
1.0149840534713834
0.9868019703728217