3.5505144875458723
4.097196084091645
4.141639161575001
4.20163386068279
4.266906487163246
4.29047452447934
4.245943564870758
4.190137135065231
4.202015313901527
4.236070653669977
4.207307197348974
4.209931227215113
4.280772381793836
4.249020409915331
4.198764474014342
4.1882926783517895
4.159210708449961
4.234288213109514
4.164098201225524
4.140136901403854
4.151867999366701
4.168510879847692
4.0743205339116795
4.153195369917982
4.073503268639974
4.077254008220429
4.09178708328072
4.011995453995921
4.064194033065001
4.000110850632447
4.008490650123069
3.960668048816723
3.9694793439434406
3.968498543908712
3.8827147717169446
3.918804963359375
3.8716663569661476
3.8308792615701868
3.871527501315788
3.8382639579340596
3.763756104339275
3.7557130136520955
3.775008958236528
3.7491925312364356
3.6868131231877213
3.6336219523915716
3.6093013275930743
3.6031119013422956
3.597077229273735
3.581077818131007
3.555376049538984
3.5271776802618335
3.5033201888490346
3.4807955609107126
3.446636399974128
3.396387004707207
3.3443170641362574
3.2938971564033688
3.23196651145286
3.190163633772102
3.2049811800789834
3.216961207346685
3.1758770744011606
3.0793498331991986
3.009846217191018
3.0669287003378987
3.030447000684742
2.9010155881362296
2.918014919586277
2.9346483889085793
2.7643092925304673
2.8557517832046733
2.739771633364174
2.703941033235118
2.7179221986068782
2.5863134699344608
2.643792040155765
2.512132379282275
2.531043149515365
2.483357196657758
2.342842095483243
2.5044755900789815
2.2250143734487593
2.2926818052001847
2.377854191151067
2.0577406771683324
2.068110480331151
2.306485793586885
2.1503830920557636
1.788443732923681
1.7420639596407965
2.0366437372383595
2.3219387876241107
2.3420346086420523
2.093642247439706
1.7095554575311354
1.3193734378543043
0.9943199026460935
0.7550773591164412
0.5979417121775121
0.5148223220840068
0.5008581301689724
0.5527845502856674
0.6656117930725787
0.8293799858485252
1.01489791934382
1.1559249796570015
1.177652501716051
1.071342999518494
0.9290959884227935
0.9001033202064144
1.0193323378469659
1.0842666022564025
0.9870402921772595
0.939421330655142
1.0418083419309674
1.0203716364099351
0.9517270965580549
1.038219826341016
0.9904397778547692
0.9867810378681694
1.0267199686525694
0.9702296962144542
1.0296572201925747
0.9719898286053726
1.0275565174476118
0.9762552448520595
1.0153598514683209
0.9969829872436791
0.991472987887757
1.0192315085869492
0.9805341820778126
1.0014357147778725
1.0164309456362652
0.9878186669331238
0.9922752743733926
1.015342694517328
1.0099417677676017
0.9908184852196293
0.9875578942995122
0.9995470408555203
1.011064506924526
1.01387747375679
1.0096885237136712
1.0031435187745221
0.9973818551327951
0.9937197707473592
0.9925945577395944
0.9936688647916163
0.9954788862414045
0.9967695092792558