3.6903966666610364
3.186818350601047
3.0104878471528957
2.994772771844398
3.043663354865493
3.0262806677230722
3.0432840347653283
3.1235615807281336
3.0800391968356102
2.996252632010264
3.023833792369286
2.992818556037854
2.9636257998353592
3.0218890562280354
2.986902393382575
3.012666843919984
3.02351523805658
2.9956467329541354
3.030099482351368
2.981552017979509
3.012114617737133
2.9608076891806974
2.9797847753753293
2.9272084697411325
2.941649041076908
2.893839191048874
2.92074741709064
2.8978512867269957
2.9380413014024125
2.9395279576093074
2.9324302175509542
2.914707297953597
2.8431771120445966
2.841232415095359
2.856159514592636
2.870838351800529
2.870797667697126
2.79968134339446
2.768821230757297
2.8285621904518234
2.8238007263846288
2.732556817687065
2.7347443191544927
2.7948118210476327
2.726224051209887
2.6755361866140794
2.7342207051949767
2.675540468289026
2.653261725558697
2.7036320292378195
2.593229345660271
2.6311380509068574
2.6058181722232554
2.556087662185677
2.6180219131008036
2.507199845968871
2.592895113700658
2.4662575576788512
2.5505956388490727
2.4224610430682882
2.5113918157412773
2.3742620050733647
2.4753839019919353
2.332700685507265
2.4213320867489294
2.326025797916535
2.3214564114096006
2.361302664026766
2.21556850549568
2.3342869747405675
2.2394274784106827
2.161138525906497
2.2844872844306026
2.146278545802546
2.0655135553644466
2.2068349255113886
2.1323102973530164
1.962811927852624
2.048241950838682
2.151567096973559
2.0010970198465077
1.8238787062001856
1.8846926086630065
2.0532837751054283
2.0567009240562086
1.8589265503132377
1.6427458950855487
1.590359665545288
1.736021310728846
1.9646474778170677
2.1211674810957217
2.145621761558299
2.035408325858224
1.8159745084435983
1.5650261972919746
1.3080504258915302
1.079303160925033
0.8950724291270596
0.7470020698597947
0.6483163476603565
0.5809555403599869
0.5577493528442116
0.5643363846462017
0.6137632282568252
0.6917368423024611
0.806466286280105
0.9304956529582288
1.0571839400215413
1.1392681650114793
1.1657215721915928
1.1103813786018428
1.011792557844927
0.9233791829326732
0.9064296850166891
0.9790069936558791
1.0592077119538272
1.0653686336778996
0.9922036353750809
0.9388432768673108
0.9888119747818306
1.0527450754637964
1.0125319124717
0.9546034996854645
1.0008486207730327
1.0403140486172229
0.9800790179054599
0.9778865589767897
1.0339202947393682
0.9905413073889847
0.9838200386089005
1.0266355067225998
0.9780907287959266
1.005012726529928
1.0125754550837307
0.9816160449197273
1.0227796190766238
0.9794845748757646
1.014498133921504
0.987079334267004
1.00694626033578
0.9931128427284165
1.0051839733519266
0.9939755153767806
1.0080912663073063
0.9903703953871974
1.0130415397769599
0.9863140436890698
1.0138888159412092
0.9899176804955339
1.0027815218377047
1.0043269942845112