3.0356150204207033
3.954905917665137
4.059465095897043
4.030974811191899
3.938086864779833
3.9038204683713413
3.9581956502939057
3.968638326962482
3.892053439385238
3.8980534210457654
3.9595797066120464
3.8986666521492
3.89978019824976
3.939621888579188
3.8491848343247486
3.885497396396795
3.824875036103857
3.836196246427198
3.8496474981607793
3.843665201392671
3.829521268748511
3.794051479600119
3.7830456525452227
3.82560706783393
3.739378463796023
3.78080872629328
3.744483634322321
3.7203027470715635
3.7441506133697176
3.6963917189156277
3.6601144026108963
3.714470047267704
3.6595858295356063
3.607264431113593
3.6123676726078746
3.6345509129634577
3.6134929482757125
3.564237793383597
3.5085160285794466
3.5047623765318505
3.485099780297344
3.503183013636728
3.492962137351823
3.471122665984814
3.467641715894222
3.4388995144013075
3.4067046627760957
3.394711115125695
3.3751375123319423
3.3367054043537436
3.2949878688757988
3.2542361176549095
3.207608379737025
3.1615487502521074
3.1381215138658556
3.147032579966365
3.155779937861164
3.110125269222107
3.0199155407317404
2.985705177300623
3.031482264321247
3.003481525516782
2.8866034981289643
2.901388075729054
2.9253927215979285
2.785122831122398
2.8207065017664354
2.8031327754221502
2.6842541451339486
2.7835924116944124
2.6111903340006886
2.7073319165745984
2.5404182534316604
2.6305602796140235
2.461512730288059
2.5873924108585222
2.3611975287410956
2.508008030277493
2.3384206426765624
2.3185032743486333
2.4106382116938776
2.1530971854455556
2.2334387977650256
2.326244058246125
2.0437689995008257
1.9841834593745604
2.22298036610618
2.186464490242853
1.8645145395064135
1.6740836943144557
1.8409411359563839
2.1429742172896695
2.3156578430141113
2.2359008996975884
1.954104819586335
1.5996043489865113
1.2503877218281985
0.96092108943346
0.751089054459357
0.6098846301705083
0.5303502450841546
0.5119446463934537
0.5522645284193083
0.6471548235544411
0.789083194440411
0.9578419022649688
1.1095068161732458
1.1822226472611774
1.1346627940057965
1.0006441767562675
0.898417952284756
0.9328424500156572
1.0500862496419412
1.0700198856994492
0.9660954889291895
0.9467738167398179
1.04355770807338
1.0185415565173876
0.9498801490946867
1.0280546900577103
1.0069291216313687
0.9684228111656578
1.037724915340601
0.9718119088848716
1.0209441592693373
0.9893104703284329
1.0043665492879197
0.9955757815985914
1.0063660373891448
0.9920814335590561
1.0136039150552942
0.9799786246878324
1.02211608717145
0.9848388114326211
1.0010229624825555
1.0139517135585265
0.9825734419417467
1.0039761238229266
1.0141042252022197
0.9877030420342273
0.9925127696423788
1.0101077255371735
1.0106547073003334
0.9920788362276792
0.9887978925074418
0.9955003671019178
1.0086814933210007
1.0105626789917188
1.0084020156310738
1.0027661494578057
0.9958755490988538