5.975416959745703
5.9591427870985045
5.996241808160973
6.080088707745257
6.033042830078573
5.946378012134745
6.007073380273489
5.961113797581951
5.971575104312429
5.985761485174021
5.964739726881738
5.943968039540988
5.9014234765594535
5.842336098474232
5.909312689919847
5.893967001668477
5.816684128615573
5.832153114209246
5.860950066150761
5.757104200280596
5.779120956422355
5.729648439811916
5.745805672238756
5.698890555225499
5.720656335804336
5.638112441782605
5.666609244526066
5.614274054432189
5.54651654490906
5.554598841585974
5.531068104191365
5.468188150923091
5.4277568758251595
5.406419720029613
5.378679097603096
5.364765492418377
5.350977194250287
5.298878813871259
5.271217677232429
5.226744504887926
5.170815284499515
5.115008389512598
5.046050234339075
5.004801126151251
5.007752739974348
4.9769013144488286
4.900450589553022
4.831009098377577
4.837594776386833
4.756982372344987
4.702432496314059
4.708217650172343
4.581682421352574
4.605205827502196
4.472796703879563
4.49241648426991
4.392300808063645
4.336834432394058
4.344502309031187
4.218968084632993
4.16509826505958
4.1816354214465505
4.124936297093491
4.007454468205812
3.9105562450431766
3.8614720080304292
3.827400122363746
3.779266826122368
3.7331729048323
3.671400291970635
3.5890410398522326
3.5062653172371374
3.407855689891811
3.354433455217856
3.3477872598024514
3.360599450477012
3.256575985606194
3.065990727836862
3.0813063594555916
3.1110575344709472
2.853576303527513
2.929931436601847
2.8103111468555935
2.7135537354370376
2.7169103376722936
2.5843870340884787
2.496933116792623
2.5967104384584507
2.183159208080414
2.4549450233430283
2.4077518902013453
1.8974897049752084
1.9528264918002438
2.417790852427077
2.5688259305806134
2.2313002828341326
1.6686489086882779
1.151229407034429
0.7829915598961419
0.5591415818181177
0.4620666618451379
0.4681154619353619
0.5760315020984911
0.7750093564317859
1.0174920754376835
1.1872477794624994
1.1588752367988404
0.965024258855686
0.8883373045647484
1.0393409076336568
1.0672167616820485
0.9291052659431197
1.030015891409045
1.0134891030146285
0.9669784278293321
1.03730617830906
0.9648435916479013
1.0280760770750483
0.9874324062483805
0.9936823574879278
1.027519467032546
0.9725387634696729
1.0000750611359415
1.0247504385674553
0.9942842070689438
0.97708827725271
0.9924261986453852
1.0111251590923587
1.0177940395178964
1.017874373041135
1.014642681287826
1.0104042807977034
1.0121474421859722
1.0126044614572671
1.0146266166948148
1.011500319805199
1.0025949070680387
0.9896321171518787
0.9907062575610551
1.0041649387513925
1.009738876620124
0.993209779762839
0.9965525278462858
1.0084630756446586
0.9911376959054955
1.0074498560431888
0.9963202836741842
1.0034606191313664
0.9953279089736697
1.005380066163283
0.9916149740117357