1.8651344049279006
1.8598161236013517
1.8440341934630655
1.8182986762433684
1.783431390805636
1.740525695539721
1.6908943847149056
1.6360094193037111
1.5774376463534936
1.5167767154501555
1.4555950825732764
1.3953793176715468
1.337491241986075
1.2831356919130439
1.2333400250090187
1.1889433125164743
1.1505953097618342
1.1187613477384382
1.09373183872886
1.0756338722959065
1.0644428230217646
1.0599927531905637
1.0619850094371406
1.0699952156840795
1.0834795767153158
1.1017819485224656
1.1241434719386385
1.1497162181747218
1.177583033602787
1.2067834264930122
1.2363460161466326
1.2653268825477109
1.2928518666045201
1.3181585826772915
1.3406374580124267
1.3598662657182472
1.3756346856381154
1.3879563478005228
1.3970657437681795
1.4033989796684945
1.4075586822154442
1.410264857517626
1.4122949299966485
1.414417405095819
1.417324468357141
1.4215692472770878
1.4275133206025157
1.4352896738292251
1.4447842902515655
1.4556395493085035
1.4672791866141004
1.4789533183195436
1.4898003496913046
1.4989204483699745
1.5054543221796104
1.5086602852429005
1.507982563373209
1.5031044097290638
1.4939808460449377
1.480847614808886
1.4642050709337457
1.4447780640592554
1.4234551471553158
1.4012124285677148
1.379029280400488
1.3578030038485325
1.3382714733816659
1.3209507468522554
1.3060937480408796
1.2936740838882668
1.2833974786390048
1.274738935641846
1.2670029565342555
1.2594004512370922
1.25113484427374
1.2414886092876445
1.2299012999952192
1.216030880033627
1.1997917369488145
1.1813652123752822
1.161181151431381
1.1398722842526945
1.1182061802499017
1.097001799804079
1.0770401561747398
1.058978796902738
1.0432797111710865
1.0301595974187896
1.0195678747946044
1.0111959511635444
1.0045167377942623
0.998850267618096
0.9934478962202659
0.9875851520048887
0.9806519976385216
0.9722293009719238
0.9621417470243966
0.9504801375192283
0.9375897334048467
0.9240255880004795
0.9104800942189478
0.8976917937294865
0.8863472879755369
0.8769891511217789
0.869942574944696
0.8652710697946573
0.8627679420805917
0.8619854537827764
0.8622983255850327
0.8629932614492248
0.8633721811140994
0.8628544772905397
0.8610632958270718
0.857882721678823
0.8534766726269205
0.8482657701673569
0.8428647189163931
0.8379888809013818
0.8343437169899669
0.8325140650905983
0.8328705503422625
0.8355085598910089
0.8402303092503616
0.8465739963163889
0.8538864561775713
0.86142843694439
0.8684958142648942
0.8745368070611216
0.8792452356635991
0.8826132501653318
0.8849333470061466
0.8867479322214953
0.8887538076872217
0.8916771745503363
0.896140554073965
0.9025452304276496
0.910990914352081
0.9212482268862926
0.932790589839217
0.944881251249163
0.9567007880249087
0.967492279229986
0.9766971834785182
0.9840557695305843
0.9896518437695417
0.9938916074961404
0.9974189978454663
1.000982467703621
1.0052783348628749
1.010801410904162
1.0177332418191938