8.378987214102247
7.038594030174596
6.982707133039151
7.067949841668229
7.06984687381768
6.984166202235703
7.063510823452883
7.041285505275205
7.052299100374084
7.073172071025523
7.028368063459485
6.968123303048155
7.015021536746326
6.963535703599683
6.938480018555654
6.970883749169827
6.915716339462924
6.849264985879973
6.851949764976244
6.8393839703406965
6.825017384931913
6.826144555634069
6.76980997396059
6.742987865820509
6.718065305504962
6.655866814873445
6.589325747143899
6.562221491088268
6.569697965715303
6.534702197645104
6.448108045495546
6.441608900668997
6.4098764458590285
6.316550991491163
6.332997221788981
6.231993309959205
6.259744931031887
6.154102045372034
6.119930187185677
6.098340470646197
5.999626349014203
5.955806055233916
5.959662332995633
5.8785653000655165
5.804108068257025
5.714230267988511
5.668564816363009
5.6019047525583545
5.542358856107216
5.490145595228665
5.42353058387698
5.367821068459774
5.340764807866691
5.311016003560078
5.220862904257024
5.105005487231585
5.08640214092433
5.044821356688311
4.899037985911516
4.910952285438476
4.76621324997518
4.756520110092726
4.61690462858852
4.640536157463288
4.470728870636633
4.4405666495892735
4.418350094835253
4.257701840569193
4.164050594344616
4.150992062673928
4.1185800329550375
4.046428796483843
3.9555975683790003
3.8582883947734796
3.785849160690446
3.722348342364014
3.6606685927168887
3.5831051235707685
3.446005607118121
3.2659421389767527
3.1971729027849043
3.269212064111224
3.1155408550391805
2.896883009400539
3.054659244934552
2.7285671179833533
2.8483290640978445
2.549818708410266
2.741462858439143
2.2699951975796906
2.6009771189552953
2.3832669185913704
1.8921344856354005
2.2244573369769056
2.6668699833683305
2.4932746804732253
1.8864575441213625
1.2553525490431425
0.8057397398746194
0.5442152452794214
0.4370601656712801
0.45924348278392874
0.6015316869705084
0.8450989763655867
1.1052530134902407
1.2089916125483624
1.0542226671269521
0.8797552346863722
0.9991885613279994
1.0874178746994174
0.9289426411338109
1.0380505304166234
0.9898917469380667
1.0019858949934353
0.992428839410837
1.0228252031709901
0.9648857891267317
1.0344869495263662
0.9954123473795387
0.9716644062849712
1.0113258610397389
1.0280533419080085
1.0058913076078315
0.9876660681318339
0.978408715971439
0.9791437183422549
0.981290037871833
0.980540190063106
0.98271312655062
0.9898691386197257
1.0023072776322703
1.0137111438220605
1.0081972732552953
0.9885669639245757
0.9931352800207129
1.0117504645899482
0.9916304126558565
0.9997229421635084
1.0032583520086868
0.9952732717656664
1.0048609483572892
0.9995610882701902
0.9946451073380542
1.0089281981416682
0.9945721266810458
0.9949381912187988
1.0078453646262313
1.004644630367377
0.9973680926549562
0.992355189755391
0.9940642839943807