4.478432936885605
5.470071350957863
5.56849593261602
5.592357863305139
5.533007221187501
5.45758769158777
5.471355089491921
5.503808212759103
5.423730634653311
5.419116479666488
5.499154229629374
5.436656965277974
5.4656665000615225
5.379460154564877
5.4334781955967895
5.392624487064721
5.392061471590007
5.344026834177583
5.379184726920686
5.325084428199736
5.299472282483855
5.313156641244587
5.3015502407928645
5.227749571502059
5.208180648148525
5.239083038302606
5.2090424291033415
5.193198340877193
5.163576280981124
5.105521085090741
5.066060617361858
5.049924720334505
5.033544183198
5.0104709741895
4.9877796441598745
4.9663611058166826
4.9334668834375925
4.875084038548298
4.807061994793377
4.78027895536268
4.795602217962766
4.75511989503778
4.6724584856995754
4.68884097284315
4.650425508890128
4.555240056764722
4.579956985638799
4.4759552198691415
4.51183740375325
4.385257230589476
4.423444579784759
4.3116212305502515
4.311015970896601
4.272481982836491
4.162780724780497
4.192538398492947
4.140359096174417
4.039697967285362
3.979564615321126
3.9924878317655943
3.9700394610845997
3.906521042411762
3.8372126424989674
3.7591863347639114
3.6852075110327225
3.6278119939169367
3.58183579298835
3.541985858391473
3.511234634045282
3.489845690858816
3.4588396384282265
3.380275601344403
3.2470546291538396
3.150377464231253
3.182472434609567
3.18494771833527
2.996258655093507
2.9630235456310983
3.0207756845956837
2.7704797635679412
2.879132749725506
2.6966436779409237
2.726571332899572
2.566258120389814
2.645388011100582
2.3559864137258604
2.5991071803032355
2.2580890696338725
2.2186258528843807
2.4863484065837067
2.124318653832207
1.8001564748395351
2.0654851351523624
2.46741251874018
2.477150300189858
2.0917715240897783
1.5716001608670398
1.108053182363097
0.7725322295875819
0.5675918468756734
0.4733914806177051
0.4748205352992096
0.5673494408640073
0.7444911162743919
0.9710183342789233
1.157824715783408
1.1869490208289122
1.0345259519579835
0.8883032222116711
0.9624052607760881
1.0930047534945622
0.9937708695872821
0.9448596978342173
1.0624990538234873
0.9643602406763746
1.0087987647331298
1.009156190664166
0.9879698313882093
1.0089995290495728
1.0004398030973398
0.9875338026943646
1.025626018123993
0.9723711474991367
1.0106182245642665
1.0179675710106038
0.9772269173183026
0.99267244370076
1.0182424068039835
1.0148266063840747
0.9950157371116883
0.9818526321204407
0.9842308229317528
0.9907612367543814
0.9947941823534534
0.9974703168424156
0.9986580224508883
0.9969790330639254
0.9926934061782215
0.9883685604559876
0.9883772114850936
0.9961193850859001
1.0074666293638197
1.0087999149536426
0.9954187937355151
0.9908554615869708
1.0068001741698616
1.0046091879469177
0.9919474767946515
1.0074128485749574
0.9957269815637141
0.9997808056589347