10.0244355610947
9.147451885694926
9.129421344010376
9.201322566373742
9.219893315333618
9.099535336645047
9.087515617697862
9.072529899910334
9.058450981048148
9.097830937166574
9.003234629278884
9.01673831505813
9.010986010555714
8.97980178822904
8.884279863890121
8.92081344661277
8.896450079689886
8.859859119728208
8.851040155824682
8.826283136618278
8.776934312570368
8.710534967939642
8.634574595709305
8.582613747688828
8.584463799978886
8.552743133555
8.45058422581713
8.439370690410323
8.336765041445744
8.330893343152836
8.236225598510842
8.216407731201224
8.124971833663249
8.04878760434114
8.049596420624713
7.9628690610903154
7.868881502344214
7.79639781797541
7.711602847398414
7.631108940707757
7.5638069875521925
7.508600659226618
7.465182840487155
7.409569397869604
7.296432843710455
7.176856277483686
7.151194515616295
7.047665521370866
6.961300248636614
6.9036547926565275
6.781783818623752
6.706547810035718
6.653578170985361
6.504859475059205
6.417766588490386
6.3865834015059075
6.292131947595786
6.183611335670663
6.075769518217195
5.9685360231862985
5.8745745769015025
5.7976397297478215
5.723032008762375
5.610811259172983
5.44603803150122
5.340556760972081
5.325542685101484
5.150895195517297
5.075901640567971
4.980047751022994
4.856303824911215
4.739848041709837
4.7091052629439725
4.492696924020265
4.409146717424439
4.399342452443899
4.283476437977103
4.124870860750983
3.9744580727395187
3.8424288312911594
3.735338451425241
3.6625686851302937
3.6276694188841616
3.5711668969401202
3.3587974968880476
3.090900606333361
3.1717517399097352
3.078937079400899
2.7391997950369333
2.9788092715980627
2.455397354646054
2.731354359693556
2.484451280758012
1.9805711841462281
2.547009854519171
2.8192447318176113
2.250509627724933
1.4488706640103268
0.8515112698249706
0.5240411147564081
0.4053898425752486
0.4512492709707041
0.6506466506510287
0.9606289313468176
1.2035934821973522
1.1342543922498203
0.8897543541954537
0.9800543690902527
1.0841284309809225
0.919936734336763
1.0718350611452567
0.9383389031285663
1.053477514442463
0.9743416209592787
0.9813416729881572
1.0399050352045458
1.008953896875819
0.9725452617961385
0.972024706599965
0.982111867654639
0.9889509453431289
0.9898408015596013
0.9850719666069033
0.9801378823781297
0.9870193365175727
1.0094974736959164
1.0165566021356833
0.9890211899971676
0.9969496184683617
1.0102328156111642
0.9869531630207768
1.0134236027933305
0.9891230027690009
1.0044595381018295
1.0060395096123012
0.9888502930170967
0.9991160355895709
1.0100855278792993
1.0067755980706672
1.0019348268371988
0.9985000477748311
0.9968842083124202
0.9982384494226365
1.0024697085249685
1.0068875404189825
1.0049848512053905
0.995170738524774
0.9946789754332743
1.005916631348086
0.9965886862335196
1.0011948553920718