11.505028254297196
10.775915933726177
10.819099056758962
10.708471348594282
10.856476598965186
10.765558581357672
10.795576753069172
10.80011291999072
10.698687621506268
10.648503832648291
10.675776468554066
10.69615279647848
10.629789762164242
10.610340377650585
10.560302774007015
10.497915298010856
10.47325749998302
10.501030792835474
10.396863240111763
10.328636110129949
10.357726327985814
10.247817786391519
10.251744976218195
10.147182668930698
10.093039386547838
10.080107576346402
9.993791874947833
9.881882275719704
9.79630486600495
9.748089582922074
9.67120069808068
9.586755334325895
9.535107436268316
9.474436601934537
9.42448754090369
9.30948140951406
9.198770843428592
9.166510625996352
9.024263258143428
9.00611873178714
8.852281212437042
8.800228461889908
8.718646787466984
8.568577676956284
8.457583591427227
8.379656687019907
8.308540229014193
8.212710536356683
8.09291126110525
7.982555109533869
7.833206771249416
7.734941252537248
7.670412081766283
7.557341059249759
7.392058546532986
7.356342830710006
7.160099976247393
7.119999281030804
6.920577576441149
6.851177391212834
6.766083345324208
6.593825068594039
6.442738095600036
6.321782384977035
6.208437574866294
6.092990331802492
5.946902396671533
5.814139479482875
5.709979523937876
5.663063012943216
5.508528719191964
5.294253458916938
5.287959238959099
5.0572764246200705
5.0239593788756505
4.771242530798341
4.777086291402879
4.58820896863407
4.367637260959158
4.290111449936323
4.234490398687502
4.139995575787561
4.026078604213544
3.8893344941928847
3.7179385337596673
3.471510606314888
3.2480004382429923
3.289011097223531
3.272197926621281
2.795365119835136
3.064594661901673
2.499294325127302
2.916895147492275
2.1526104215044044
2.3331215454326757
2.9350527813467733
2.514444725267222
1.6018696648268005
0.8885397973226926
0.5127005639380128
0.3874259962309604
0.45146259297295166
0.6936174941545051
1.0377528556526294
1.228814166365544
1.0306861295587555
0.8754501452623833
1.0956480187576054
0.95485344397684
1.0357351574826243
0.9583324940645382
1.0562712126692246
0.9615934110896435
0.9812629212097645
1.0360580565749669
1.0322138251913484
1.0082073557645135
0.9957774206853055
0.9961663806341419
1.0031179209339727
1.0186969665914216
1.0208195547200587
0.9986256833945654
0.9811099621122044
1.0128120020536016
0.9979809384761578
0.9979799373193177
1.0027810023080364
1.0039112658747218
0.9886060582704359
1.0116551743062403
1.0059576908226708
0.991489279053438
0.988920090999676
0.9925191208256596
0.9962346672416332
0.994700360165823
0.9918939315653588
0.9913682461243583
0.9991234788064061
1.007726233141747
0.9992823709740226
0.9950980477393778
1.0064926453835092
0.9923138414607663
1.006334301955226
0.9956079587837728
0.9986630339894624
1.005869565714287
0.9988754360204387
0.9940472865630887