6.862167299491424
6.459997924667734
6.586997869771444
6.416158508528163
6.583210289090715
6.492045478730394
6.423671810663753
6.524766292075679
6.537570098492498
6.453388175416582
6.392927815758222
6.385586165703341
6.39895235238908
6.406324650622272
6.399659345540532
6.379050389088439
6.345785780549538
6.304164806219664
6.268799290073464
6.264094380371062
6.292728484735039
6.293819957427812
6.213330858470906
6.158921829428366
6.2016631373427735
6.138688089229341
6.086904298652408
6.11108131655941
6.012074467122748
6.045641796885965
5.948319692902831
5.964422760764686
5.901158516776709
5.850184144568501
5.85680271941408
5.785884776133878
5.723064064399513
5.709062713123637
5.68854888733111
5.638957991709426
5.5768030939668005
5.517253650749259
5.4634545044027485
5.413448790900011
5.366223637379229
5.3236471102469745
5.288672175127073
5.257801904078317
5.211391361685178
5.128051449425765
5.040822389405412
5.02109768730414
4.997377701237836
4.875617658995966
4.857179724561014
4.805151058245482
4.705387332769578
4.702883739373486
4.583499047988018
4.5643118684461985
4.49988510881084
4.381045577973706
4.4070124983850985
4.30443538051807
4.175839623923149
4.157472191927721
4.151818522068717
4.0840523610413655
3.978117949894496
3.8730878469137378
3.782611447418204
3.7046615874417084
3.637004124715505
3.5837352467101553
3.551882642217534
3.5335091175074047
3.4804028423430466
3.332537673928854
3.158955906645658
3.1610599302052633
3.2046569710322603
2.9547753568694635
2.9322382406502445
2.9575908271289366
2.671244449574872
2.8594190751367963
2.4876009705214255
2.6979978969148384
2.4189132150693378
2.305422645002205
2.5894018247946056
2.1114550620467623
1.8819694607634487
2.3330224113900937
2.633011567202315
2.3631345346009023
1.775140656765709
1.203333781429117
0.7933401171477048
0.5527025944380434
0.4498026125992529
0.46296391151796823
0.5865726684170249
0.8080533526547334
1.062505850543519
1.2060331337810695
1.1133999787012485
0.9100461630864525
0.9278023059281515
1.0924910306266853
0.991695114877793
0.9530663576571315
1.0648557352095227
0.9423838520057967
1.0515558033352854
0.9537791152592006
1.0443561990110153
0.9657945214372181
1.011929838616732
1.020159453770663
0.9692471501863541
0.9997149761160881
1.0275899257372758
1.0076515891685205
0.9829000846877382
0.9778214450842242
0.9850194563760091
0.9931374219943496
0.9974872987206734
0.9976167257261849
0.9942215909087234
0.9888417158107184
0.9853852448320662
0.9900289090104163
1.0039312607834332
1.012560359997593
0.9998785905265652
0.9889461491716072
1.0061553633330311
1.0034534452497204
0.9914396783638728
1.0094026560909093
0.9914019845114187
1.0081131530145118
0.9918721658490566
1.007931393298277
0.9943904434379416
0.9999886099743425
1.0063131276936146
0.9946679146169176
0.9959275302859557