22.754750065820467
23.200214192398704
23.15870254958369
23.114983365373686
23.23989945976902
23.00156737264741
23.14700574865069
22.99247557364599
22.945636166367404
22.888149774893442
22.803235549769155
22.744521801177953
22.722350578249902
22.61541710550217
22.456953283227683
22.38927533638319
22.296081509065115
22.110080246012792
22.007098454275567
21.923016313757476
21.78682493310903
21.61824262499349
21.45935379675201
21.352763220755744
21.132553630536847
21.005680617580513
20.78571854333389
20.66607712865757
20.47051820773939
20.28399640836796
20.099418126559385
19.911088599942534
19.683083619259545
19.41157606672289
19.247274256125337
18.989424519214747
18.81385321459025
18.554894987464525
18.274664300494152
18.04560477259689
17.81052384042164
17.563095914262476
17.34321749839809
17.118117981929846
16.78569519986588
16.610401417625628
16.26215838743167
16.042007394867685
15.795670877342763
15.527947351113978
15.259817098343762
14.98328800754064
14.662518116748057
14.337845796285274
14.129858367464385
13.774847346380561
13.560328627423976
13.239706567819796
12.897544532373548
12.610687147743981
12.323727007151442
12.029811032510818
11.776880334921765
11.533300240582859
11.142998249315799
10.947461683402365
10.551174952704848
10.32919258873405
10.071704304428085
9.773983222733618
9.4858068816341
9.210269155867422
8.88584951202033
8.503291969381582
8.322759985821097
7.949286321671318
7.780458898271563
7.382391526328002
7.067278055380253
6.8228195837925165
6.547127433523638
6.2314659047965595
5.97193251493633
5.8649844878444535
5.453704154180387
5.28330296340675
4.85909179446918
4.823691740634288
4.588905225221872
4.268495283448803
4.030266853017583
3.9061341535236864
3.6399357854810965
2.898310317653903
3.2472374559998176
2.3658176304159078
3.3868383649752305
2.537602506532859
1.1579095146684266
0.4775928803433435
0.31846354746847727
0.48891435675676964
0.9319244530382534
1.2515459892795395
0.9340109442668394
1.0193713022468935
0.9628269158326734
1.0810489153439364
0.9802065163778553
0.9457918482039447
0.951452697935348
0.957621903122128
0.98127718553297
1.0292841119550873
1.001752175484163
0.9885760864783989
1.0046070298881367
1.0148793432032275
0.982538804919623
0.9816797882135173
0.9880434249779424
0.9868248149304152
0.984924406971116
1.00146416008201
1.0110711048997685
0.9868829980193002
1.0121264404322525
0.9949542204507303
0.9909740993037022
1.0005980413082165
1.0042541115488135
1.0025712464573697
0.9955699502817021
0.9913368246783077
1.005456249128547
0.9982450293375013
1.002970774852149
0.9934464089568116
1.003255296991584
1.0070551810043178
1.005370137614293
1.0051610693621957
1.0053507094757117
0.9995305196927623
0.9955003593249139
1.0055645370536028
0.9944790186361104
1.00396158086797
1.0020252685943474
0.9974791969659627
0.9963327714685944