14.723075777409623
16.497663017750984
16.581867474990364
16.465600717520005
16.399958914562955
16.525048981858433
16.440362007068998
16.37600687359273
16.455556742549682
16.307088504669796
16.264715700628454
16.235981328480907
16.1601658650418
16.0980132176114
16.071291783913335
16.031438118321738
15.916139118298338
15.897583720656584
15.777383650779122
15.711867996520276
15.599876500284068
15.511838700137524
15.470300302629747
15.368950055871634
15.240058350835774
15.136273208103484
15.02999796280088
14.881799774120335
14.730858397430778
14.666271805980035
14.507768737205385
14.427126070921611
14.217057967757965
14.155448906813898
14.000458742698193
13.846189980296884
13.679946744338213
13.516599757486896
13.376106318604409
13.251922291555605
13.095781850762826
12.876895565230587
12.762521311591765
12.586948781276272
12.42881892480939
12.20812424871951
12.089510513340027
11.930503079936798
11.72190831984327
11.538118149816432
11.365592609910397
11.200838401845086
11.019462349034574
10.77681768007585
10.587941845104586
10.443134669864184
10.176053625530981
10.04696894202352
9.843995846917215
9.593600851647649
9.39223731573681
9.225174624415795
9.035178294233726
8.814982480779857
8.583275822279036
8.401854257421945
8.278645461289246
8.0025821542626
7.832020200874981
7.591423130085642
7.469114059979287
7.160318484664599
6.962273510511082
6.806002295739197
6.632156908207223
6.4308162018988915
6.19040585383184
5.922577940022605
5.754095366536261
5.6732151251051475
5.306229132943661
5.2590161811554115
4.886614971576426
4.864886232201181
4.653428146004844
4.313063356267273
4.059942028490812
3.84780535077766
3.646258509190404
3.538875912927182
3.59148948720139
3.3119249553538705
2.779392003391681
3.208345527188678
2.2828622088776616
2.7402517748436725
3.118573721981008
2.0735381884008466
1.0182371430329897
0.48965670630389063
0.3455802647273239
0.4656438852531893
0.8185682455012782
1.199497735818427
1.1191731898704427
0.8609178653432221
1.1091900351007495
0.9140414716659065
1.0737819988497055
0.9892838082148597
0.9455823120759727
0.9868478148011128
1.0119919702703843
1.0137577879436102
0.9990725702480238
0.975275859746979
0.9799546817000706
1.0231237795663857
0.9912929753343259
1.002067863670126
0.9939745031982401
1.0162158706344637
0.9876490030165739
0.9862962292526589
1.0005469877673274
1.0065188789586166
1.0043828138963429
0.9964125945829675
0.9874952629709683
0.9963587212248358
1.010564069285577
0.990547784896116
1.0094917888014414
0.9898412458989683
1.0064036574470607
1.0051774855518056
0.996352357587054
0.9922062690120989
0.9917750538514357
0.9927978430111708
0.9965671281061531
1.0046466974468435
1.0042634464798108
0.9932541702928631
1.0050884109220863
0.9949989943833004
1.0054107184093277
0.9984468013238145
0.994757700898998
0.9994484003820685
1.0014854415214216