26.711703397558036
27.477807985988218
27.593609210396416
27.480728956567976
27.300405361529332
27.459015089339015
27.274082153788434
27.18711760646589
27.200440529324002
27.145477524206864
27.042288661426344
26.91063684085496
26.80292510429998
26.73014388195876
26.591444491604634
26.469714757101393
26.30598069310171
26.18564139098762
26.051100477482517
25.884962162060955
25.674801622775153
25.47538733777729
25.384389276826088
25.092873529934554
24.99240937853659
24.720156092780893
24.4695691712357
24.254706563073217
24.027607921974113
23.798773552373888
23.597432722354416
23.353962344435303
23.060594957122145
22.83860484570952
22.554656655848014
22.25230517583539
21.973131064858674
21.68484111385921
21.39056565373256
21.14342055595075
20.863182247320488
20.49279107110145
20.24529721373755
19.936805355143505
19.564177681706475
19.23048051761835
18.909113011842564
18.60111477610102
18.31980048140367
17.966784769460304
17.601941084380726
17.295487438774515
16.962878290844046
16.572707082170368
16.21630297797788
15.867077138450947
15.524574447359766
15.230418263021
14.886796082702878
14.46780780872249
14.184905414735026
13.827998183761714
13.408488438559791
13.04504211428654
12.692697515439743
12.349606317852233
12.062437187436498
11.727806719550628
11.293813694091197
11.035270742931417
10.654468751296386
10.245192847234188
9.90554556297129
9.56319879134089
9.209428884176345
8.926424548457078
8.674491870002527
8.192760262832381
8.021777723558028
7.584962861195258
7.200387150631496
6.912249968015584
6.59453225908882
6.234883167628971
5.969389807210742
5.841801158623248
5.294419495743638
5.25927944204233
4.727360605766099
4.368946248354219
4.157180521463672
3.856486138449629
3.427213116477786
3.2522180158191873
3.548489738549965
2.3664829417559674
3.3940647941401227
2.7896823666888926
1.2423036819760154
0.4733685166811131
0.30666913211887764
0.5049414564798167
0.9908662356830262
1.242850984084613
0.8694031801150831
1.1051168172843122
0.9072806924907393
1.0121614800431402
1.061924960105943
1.0555401138223814
1.0469830393816426
1.0153063437507615
0.9644555052659081
1.0176412614465424
0.9864412786247735
1.0242541933017246
0.9839683052455143
0.9788004053982259
0.9850040539023643
0.9836971710379652
0.9848165697036819
1.0076530957177061
1.0046074446443602
0.9940892073605914
0.9987766299378776
1.011787418310504
1.0017992716410888
0.9963217690343213
0.9985212222430078
1.0070293383148436
1.0069804741353705
0.9906199484228179
1.0088206338566121
0.9919001513011434
1.0000882695354052
1.0072154279697232
1.007074734381343
1.0067347314569142
1.0043249753628707
0.995888914629101
0.9991238182551856
1.0020903049121594
1.0002343052882317
0.995376417647922
1.0005722316717653
1.0032041487880827
1.002794663536691
0.9990768178387615
0.9952585131735596
1.0032845516684965
0.9976617788989741