14.148215847631311
12.717912002724129
12.812256705121467
12.904903873036663
12.726692910852613
12.69017130669177
12.737313020150122
12.756225681366423
12.735475073071381
12.686496264466657
12.62293883108352
12.58246373776184
12.590104930326635
12.566325493543534
12.487763154382948
12.45484755200267
12.41189617954326
12.344896703747116
12.287910629821303
12.26819227915385
12.176395727980594
12.076326880931097
12.000388440423162
11.930018258380926
11.853142166345764
11.779761816364235
11.736043788190054
11.703401602943408
11.580199049445216
11.455442239169413
11.435195089217563
11.274172101435536
11.240144228128997
11.093005585602992
11.011907265722622
10.932517963574302
10.804790383714627
10.677421951322632
10.561268714482967
10.446258242356505
10.331319362688108
10.232413813723621
10.156562274270371
10.030364908355876
9.842550392358389
9.791292069546248
9.610197185106106
9.534849741675453
9.334611869304293
9.275380599252474
9.130947505573705
8.947129438518092
8.803638239359431
8.677476481726904
8.54375703160292
8.397038573389667
8.244430075190401
8.113095849957627
8.019694702236714
7.864918129082118
7.6580912500466605
7.598324974086199
7.3550954077493325
7.302088802394211
7.08562247897224
6.908740439166831
6.82960945342837
6.706412472756262
6.542691191847862
6.380440469889566
6.2344782822479985
6.0942564796602445
5.917118425686037
5.679631201538318
5.529161049945811
5.479403940270268
5.190130232977693
5.163191118414874
4.863847808283835
4.85864685784709
4.641268987741992
4.376216853636678
4.2585199428920575
4.17521275299214
4.055381932542609
3.8893009970839905
3.6606949051098843
3.3894325105209298
3.280880346741634
3.409617834851235
3.013890082609892
2.8579654055835526
2.8668421799881316
2.6366482166033887
2.15378006232307
2.940153984311366
2.772738353036893
1.7738373957759144
0.935412354023105
0.5027596873578957
0.3692314486194155
0.45459147715020837
0.7395682955740538
1.11193066461962
1.2136294255666658
0.9244233710021826
0.9636085422192125
1.0750251059944076
0.9378656232187724
1.036895602159808
1.0142011846608852
0.9487760743924093
1.009996952412284
1.0411451599960728
1.031897746791691
1.0209662838361577
1.0206435082438194
1.0268092409917842
1.0234550348442628
0.9944036541649321
0.9785647731861494
1.0175487666771208
0.9935382965533672
1.0026934618550551
0.9938740589029406
1.013903210169141
0.9861189876660807
0.9955138996102962
1.0111199706727036
1.011987191736575
1.0083419719119195
1.0071869590623226
1.0089422646110033
1.0096980429603912
1.0021584464802182
0.9910772122420493
1.0014625682467782
1.004931062621523
0.9931002753848858
1.0063647627066117
0.9972124466208485
0.9956319586073933
1.0074678720029104
1.0036242719435609
0.996557146126641
0.9939242532962088
0.9938058540571075
0.9947385841764915
0.9977121039679236
1.0030952578069834
1.0045138519663281