17.188066918091973
17.98309662367409
17.920269981765053
18.08480028339984
18.003492794247002
17.92855746357305
17.91888280986401
17.868971459531952
17.77141150882732
17.763280604992897
17.71372297178383
17.676196134691164
17.619956785530768
17.56850022901701
17.49235423092046
17.369421799274182
17.278058970172847
17.22287731898088
17.14649317860244
17.081469775710353
17.02019453039327
16.863426621817236
16.761093664022102
16.626039313853177
16.565483753893705
16.37256014598564
16.282646234121877
16.16325507815774
16.062111767987624
15.926143664609532
15.759620952977395
15.57499195081246
15.431281486128814
15.340384051771375
15.12386232949861
15.01009658316414
14.783779047523096
14.662976800679736
14.512281986982194
14.328774620375736
14.151814901908558
13.968569185682538
13.795840673011565
13.603697731566513
13.362266049061395
13.204732726696479
13.031786562148262
12.8092327377099
12.59305864770546
12.460676525148791
12.221347262522002
11.990822413297908
11.778712478678655
11.56872176635333
11.382024937820532
11.206454928264657
10.95423271565776
10.71095683531791
10.572448798040343
10.274883917808449
10.095193078947501
9.919002601821248
9.640745040975274
9.390323701328368
9.167660166549245
8.947212451946845
8.754310303125928
8.589670324767479
8.328035119682863
8.054304601018385
7.931200029987933
7.602649337017659
7.429820905838499
7.269304910962576
6.991795702619479
6.717544598387204
6.488409194743666
6.288810611814832
6.1354858415672435
5.966015516466751
5.613177800259457
5.44321243855122
5.2458105897944955
5.0365124854292835
4.695474089117921
4.647398919481223
4.512736272503122
4.281965417906084
4.075710155281302
3.925826464823783
3.695888968472091
3.1725613274040323
3.054767599368066
3.184546092189873
2.47610411225426
2.6344883543318254
3.213093407390449
2.181306819986928
1.0508341601309976
0.4866303171176848
0.33825270033311455
0.47019089520070007
0.845863610296327
1.2202590463529353
1.0739420193227114
0.8784987243868619
1.109998026929075
0.924251999049947
1.020909239233278
1.0562066480385057
0.9875644611026541
0.961525825430382
0.9611009865272491
0.9696857434485422
0.9957333518386104
1.0281818134723448
1.0004787015197962
0.9820304586391342
1.0200920305289432
0.9868766635930608
0.9963494882162277
1.019180669260294
1.004332796415279
0.993023451551538
0.9916517576627657
0.9959799476065428
1.0069019713214657
1.011664373457141
0.9923238881531351
1.0005490560038854
1.0023038122052206
1.0012126999028041
0.9919356065264212
1.0056078898042258
1.0089217063599702
1.0039733971889575
1.0029838516443763
1.0058215234536247
1.0080044975132445
1.0009892502824436
0.9939395353109753
1.0062809124548568
0.9938524241845655
1.0062829793512285
0.9960672876470809
0.9962426193853156
1.002578227574259
1.005324550828488
1.0046832289797925
1.0033003510808092
0.9992742574244534