1.1630060842640733
1.276306403869381
1.5521182927905068
1.7696724076413262
1.7344467038462084
1.5401301637050548
1.4207709888719617
1.4840649376824753
1.650456702296197
1.7288564004165867
1.631326561996666
1.4839171713352732
1.4497468819150856
1.5500963638211105
1.66302266975779
1.6649615838473886
1.580108955436952
1.519095636610761
1.5211955138164874
1.5464306812409037
1.5607951695645501
1.5817551705740156
1.6238688080344093
1.6313592742789773
1.5600498351079777
1.4747864089023952
1.4718742108624339
1.5513966233175738
1.6188717694181483
1.6154847889858037
1.5863395217135443
1.5711875013299264
1.5372063741957764
1.4773376406321361
1.4574452645750182
1.516673991954632
1.5926844885075522
1.609187671665351
1.5888705120090236
1.5795558020966312
1.5504286973361996
1.47911679907799
1.4303160737705187
1.4535827437143505
1.5026426457022029
1.5275743927039462
1.5580563328389399
1.607510140213391
1.6102831451455109
1.5518741725366936
1.5025181000977026
1.474047757295842
1.4253385194896537
1.3858227633987479
1.4068335466922475
1.4529377117683497
1.4785958417010856
1.5186862518563244
1.5807711263211994
1.599141706514798
1.5779135246204998
1.56946082002298
1.54000133401269
1.467009907419675
1.4118667590265979
1.379856619817412
1.3297395376480303
1.2973456668867638
1.311991765131715
1.3265410845137213
1.3418677814024451
1.3988919783251463
1.4578506014766612
1.4939328692473073
1.5541491191741823
1.6125684749696971
1.6316161441994907
1.6617765327937546
1.689139697137981
1.6724143106054519
1.663527027368586
1.6542353466569422
1.6046678348389127
1.566585971081533
1.5306866339620022
1.461964242325677
1.4107612295592424
1.3618260232774633
1.28827652950118
1.2374736983222205
1.185807924837744
1.1179237662982375
1.0754754189781772
1.026780906337775
0.9710017005326396
0.939742955500172
0.8966757616009005
0.8566881260922159
0.8359301535407877
0.8004230021475103
0.7780991856705904
0.7653957154391401
0.7404991978534824
0.7357888342038631
0.7289018335546515
0.7191949199173951
0.729373851997125
0.7284565745271093
0.738134284396875
0.7577753850193529
0.7666207629083653
0.7953253402653714
0.8184514635886302
0.8422297439456591
0.8813066108558882
0.9050110035452525
0.9430347937683586
0.9772960909870633
1.0022061852672732
1.0405936563310532
1.057671327575482
1.0809967534672482
1.0971511730130787
1.0963964666849981
1.1047395119038563
1.0884301705226838
1.0770302828309604
1.0574691996432732
1.0272791169301818
1.009543854257702
0.9767512383048179
0.962273591763449
0.9454079750816408
0.938096192143885
0.9455659160790013
0.9498010863649982
0.9755420918731033
0.9900844549310441
1.0168460912485693
1.0327658553101422
1.0422236661734532
1.048080056784258
1.0336386818561993
1.0254366176561283
0.9983073961108377
0.9853998530394378
0.9671980868389339
0.9647301214737036
0.9700111185872948
0.9818877592664901
1.0041821791694006