1.4887200835605974
1.6025051135609365
1.8201630838617406
1.7682097388356453
1.6138854890173189
1.6710297176457467
1.8166564739007407
1.732438989788993
1.5938149495015714
1.6928838424552175
1.827989769226982
1.706355950325855
1.5897847966819458
1.706960684559363
1.7978537825533139
1.6980979375393432
1.6418839166957104
1.6848832236248674
1.7084233779994604
1.7327018996873236
1.7279707380232148
1.631969177603334
1.6285044211435844
1.749028556282567
1.7490744261199207
1.6590317729744466
1.6444328864891729
1.6468448925841266
1.6802822631674543
1.7548004933911214
1.7010033985443849
1.6078583091892737
1.6267953975992664
1.6557403071337982
1.695685690004049
1.7389876708482526
1.6580233783770513
1.5935555751838106
1.608590950532899
1.6210210216927758
1.6923210983672694
1.7224412174895967
1.6520416169222827
1.6144706099036932
1.562729892423767
1.562395092884109
1.6427296599890309
1.6680321200229913
1.6944975300827458
1.6623036299512486
1.5762241798296226
1.5480757219813261
1.5138785281698184
1.5528899509063276
1.6187331101985738
1.6476133332504177
1.6872945508468244
1.6366886858908258
1.5883756254932153
1.5212450727030902
1.4630606002335833
1.471219800072584
1.4776806821153148
1.5506718665178465
1.5971642635137653
1.646575462655429
1.66464141834667
1.633268249022882
1.5986189815581289
1.5107716130357238
1.4579656833723822
1.3812173008545574
1.3580606856576096
1.3415117522415467
1.3668168263293516
1.4134558023736903
1.4706282144402678
1.5494258590614696
1.60569689077805
1.678553303669127
1.7064601000494024
1.7477294483892762
1.7354541991630716
1.7373515465174143
1.6877530874425284
1.6559923847728806
1.5802356266947217
1.5267197163081145
1.437883289003136
1.3748582772811901
1.2839900808958062
1.2209950809192867
1.135728288744015
1.0788353062828075
1.0036624851154874
0.9559773016649316
0.8932249026754944
0.8558102649872245
0.8066736052221711
0.7794341504244712
0.7447524389864173
0.7271246508324102
0.7077678766463134
0.6992204703467412
0.6960405256352515
0.6964246405514906
0.7097646927484488
0.7194876365772956
0.7483271056594719
0.7681953213079264
0.8091840723895483
0.8396548176810452
0.8865309103775133
0.926201929612445
0.9702343812807858
1.0139103750786664
1.0457993848543239
1.0834392631097687
1.0963749800440086
1.1150657125990646
1.107666063277975
1.0980897548597224
1.0755376104949588
1.0408769119825323
1.0134775113710164
0.9735180119243168
0.953443841448515
0.9354046693326751
0.9325671478616948
0.9495704861428995
0.9661494915826975
1.0011374928548462
1.0258536265342766
1.0435336536095754
1.0541203020583307
1.037678395797388
1.0208353670513493
0.9931240573370221
0.9673715984326867
0.9633674532174634
0.9645997579957684
0.9853123457738628
1.0134499882897572
1.0263305361681971
1.034945786896272
1.0226441303044616
0.9960570960998341
0.9808908362417255
0.9709291135005447
0.9782290057425589
1.0043425670617872