1.6465124339465436
2.1164570684259476
1.9612627769463473
2.0289045448116574
2.0209560570812948
1.9726197996010735
2.0729707541779905
1.924774358907318
2.1064077497320084
1.908125036049717
2.0928812870228515
1.94469440373503
2.0275694219234204
2.0125056856345367
1.9623507516109173
2.040273626405026
1.966107959405466
1.9937513824677395
2.014020116473428
1.9593230483898652
1.992084945189404
2.015758602205522
1.9162818636020502
2.039291555543467
1.9534482287800892
1.9364148626795707
2.0323667875481584
1.9184786990772325
1.9554084880624072
1.995172403859033
1.9285304285530736
1.9304337831015155
1.9755880788649038
1.9467259216169566
1.887325652771594
1.9607608548740505
1.96426799826489
1.8576544371413328
1.921244158195169
1.9747767008143322
1.868116561401103
1.8609331379698233
1.9409615151640178
1.914614057361747
1.844694277044088
1.8503676990573035
1.906685870617289
1.9060855848176268
1.8236300823654241
1.7975120797064614
1.8813933615829344
1.9083979022735287
1.8087670564804457
1.7493688015134379
1.8175167248133777
1.882668085020034
1.8404397655353333
1.7531772751710684
1.7227439526173922
1.7681566374684312
1.8309496042094227
1.8352009662135267
1.7586886207497041
1.6681160697583535
1.6559604524015183
1.7334059054845925
1.8145202498564075
1.8120506354726176
1.7240121385423377
1.6209869693245478
1.5725431424358742
1.5981938111005165
1.6711911897664202
1.7462179848469879
1.782159674784865
1.755905282774313
1.6709379759808491
1.5573373966961046
1.4589183691968997
1.4126926852822455
1.4330115600061841
1.5090431966821827
1.6142152987586222
1.719442721561728
1.8025252848842908
1.8511213444310393
1.86115418646565
1.8338491811298163
1.7734728752044353
1.6861593816675022
1.579278225911062
1.4607779414229156
1.3383541361449995
1.2186290065168877
1.1066015422665194
1.0054993195639106
0.9169901351573634
0.8416045881541689
0.7792053820042049
0.7293855881342295
0.6917421893703574
0.6660217209435348
0.6521605636503974
0.6502468099188674
0.6604230803363333
0.6827395606604592
0.716960461812548
0.762328799179766
0.817305408677783
0.879318270752969
0.9445850588446789
1.0080993781193448
1.0638884045454136
1.105640142557349
1.1277429173861386
1.1266629634696643
1.102410265125103
1.0596438793830107
1.0078271034998223
0.959880932686105
0.9291219384492461
0.9249475289822225
0.9486033705666037
0.9910429481693843
1.034798674087406
1.0604620981749198
1.0559108371392072
1.0238559556185889
0.9824670751445881
0.9564457548109591
0.9618236057540644
0.9938053710303055
1.0279145157345053
1.037033353146339
1.0137050498902456
0.9787737000588793
0.9649373255894031
0.985992552979059
1.0208420637085536
1.0328045912578947
1.0091711204766365
0.9777704571878026
0.9759683832615464
1.0041271203657411
1.023483868160943
1.0079386977284028
0.9820935732586495
0.9861981784170019
1.0134358971832433
1.0183614892418025
0.9916844969485342