1.5547854002390777
2.469267668984028
1.993065748433823
2.2974398928848085
2.1575469226491695
2.137787184777184
2.2681418281173995
2.0950472289877453
2.240826925537458
2.1509557084134476
2.191241964738818
2.1440178522544224
2.236970824693789
2.090439266828425
2.2371994772806025
2.131871507786739
2.1807671374257125
2.128509500338951
2.2230835363856443
2.085763392514828
2.1961076608381265
2.1299338584125898
2.1734053778052025
2.0966446152319556
2.166562900052062
2.1508348968072903
2.0942131080583617
2.1501764487577666
2.0915825703398054
2.1715609610657296
2.069360063579885
2.099531548761022
2.1335924630017065
2.0680451007869625
2.1335906525308213
2.046378715696727
2.0622841150599935
2.126753544113708
2.033839492372936
2.07727721110613
2.069856438991984
1.9874105837400133
2.0727182479904713
2.067768739134051
1.9844959676153606
2.047447975754229
2.0358601350466126
1.9397738134239253
1.9967660649519412
2.043361191223529
1.951651912079482
1.9467968094924069
2.026803692353376
1.9751563732174202
1.8798760266750427
1.9246970875976401
1.9858690850848175
1.9116820942288657
1.8331422312254468
1.88930908257485
1.9632237240761863
1.9090940154753857
1.8062125880469517
1.8106612533227397
1.9022238900890733
1.9293166222368638
1.8380023223356663
1.7369027467550282
1.7416911626856306
1.8332687445288
1.8939240539004032
1.8457842755623217
1.7254638029089855
1.6353272294029066
1.6440988655772222
1.7344570491314089
1.8283764393811501
1.8514387084238015
1.7808892906323281
1.6507712781506492
1.5234283981944048
1.4533962424026006
1.4647040903969564
1.5479325023543415
1.6713566136947315
1.796416380546014
1.8901465097838943
1.9318292374504156
1.9145477660608219
1.8434047013224444
1.7317710468417522
1.5964601598805745
1.45288968210608
1.3117216535614744
1.178256862655438
1.054569286455688
0.9426299346488815
0.8458823152881378
0.767942698262223
0.7097920197928512
0.6687220973502157
0.641009575620059
0.626161597380759
0.6277948906313096
0.649179597134192
0.6883665767734134
0.7397558199442786
0.8006860124677833
0.8727401824242023
0.9534595653724218
1.0303891744728544
1.089210816017372
1.1249180704232133
1.1371431325666006
1.119649680066068
1.0696229594660986
1.0044718187924626
0.9510387189056907
0.9227485657439326
0.925063919835421
0.9636451898566013
1.0214982545091573
1.0586788650937176
1.055923052416778
1.0227333958237053
0.9752921442321623
0.9478635182557235
0.9707351610170244
1.016840436323224
1.0401974954904305
1.0266710546309912
0.9846323885370047
0.9611666621822489
0.990859783594373
1.0266789065089095
1.0250086416504627
0.9918651162026642
0.9691340641625631
0.9992874817811898
1.027365311539415
1.006746388085252
0.9791675076377618
0.9878853392154917
1.0225659482870997
1.0084918004304197
0.9794357692936201
0.9962860750797525
1.0187121880159016
1.000059677788035
0.9801848437580445
1.011912311548392