4.6212593221907365
4.00284603801414
3.8598807713994496
3.9019113346187333
3.891430078365083
3.9026967409357867
3.9825322918688
3.9118698760340695
3.93489993246319
3.8846831162680022
3.888960789121622
3.861114026134771
3.8753663450116855
3.843550563947072
3.8790798386480785
3.8471317961536404
3.8759294089662717
3.8795434262902733
3.8406681395176463
3.829405450092569
3.800800154838596
3.7737368210475633
3.795779488460431
3.8086650806241
3.762909830518076
3.742260122437807
3.761001324396068
3.7081385440118635
3.686934809018243
3.718825529774697
3.6547841565269366
3.6850719504380502
3.6405165392623546
3.6400681839730638
3.609212243440902
3.602253311252194
3.5571116563751572
3.5756291373256133
3.5063478128198295
3.546543433534852
3.50462933547246
3.4630469116721985
3.4827329860956135
3.432828714582421
3.38750277272949
3.4007447943098437
3.394450128798716
3.353354364180429
3.2995159213838634
3.25815934019718
3.2640529131570903
3.2570956203153965
3.2482628895055545
3.2298132989413557
3.1993742546961026
3.1746714058575916
3.1450498274290797
3.1179898507372936
3.096033002011158
3.055199954003702
3.02000658919553
2.956954547798085
2.890805921485999
2.8611376655457317
2.868043157839571
2.87843279495177
2.8263334935866906
2.7281719546971743
2.7206448067228157
2.7590841144550615
2.646537467733085
2.591555095425774
2.6587332040649705
2.5089982671692335
2.5477660480058764
2.496698783286714
2.4235488174814366
2.45406131600739
2.3331479371456343
2.366423859882559
2.2894172181185466
2.2145190358319953
2.3087362292426103
2.0579041569929486
2.206563387250861
2.163236991950952
1.8937371998046009
2.0391787887059305
2.1640143182970903
1.8817696053612427
1.6344431053893493
1.7721981052410871
2.080784321344366
2.2249108727163285
2.0958022940433634
1.7685388363045287
1.3987435076455912
1.063763528848349
0.8153218828013762
0.6446305727130126
0.5550015054817927
0.5318468690614132
0.579154221099462
0.693980097766947
0.8586916567521464
1.0406402795482075
1.1607163472463675
1.1506119170333011
1.0236577821234008
0.9058565107734163
0.9400715789860318
1.0615647584972143
1.0489022443691116
0.9432134817836769
0.9948454896191418
1.0509713887234098
0.9580718350080165
1.009349081482457
1.0161154769555252
0.9686875481734923
1.0331314956399609
0.9664572733903904
1.0296405576186014
0.970467486644345
1.0250822591800348
0.9787007232895186
1.0113463029209806
1.004449620787126
0.9841865476152397
1.0193786623252792
0.9945754826196408
0.9847667937043794
1.013767610814263
1.010389508782196
0.9872528170457752
0.9885840933393639
1.004764969969168
1.012534345630172
1.0105863887072057
0.9998118810142643
0.9929754753071304
0.9895636314313923
0.9885122948481857
0.9896444671486929
0.9897727341769468
0.9900241034440013
0.9907971164267674
0.9903451994461492
0.9947862983661162
0.9986782780789378
1.0047424969150272