2.037483310375075
2.413619026411883
2.4608928144140245
2.5044253998241675
2.5420546597292053
2.5619434536922343
2.5556361678399546
2.527846605448662
2.4992336927226004
2.494407079038233
2.5189490247952975
2.5481530226768347
2.550632710862399
2.5308041147209983
2.530822021086062
2.5684696927862514
2.596665834348654
2.572267895871835
2.5333469737801213
2.5256208246075063
2.5125222970327608
2.482011083663038
2.505536197755979
2.5543863810253336
2.5280825450265
2.483122472482999
2.4752289999439463
2.469703291927171
2.5067504273644894
2.5025187068450543
2.4271386489359794
2.4518120551202167
2.47925535020525
2.450410038680593
2.4094786822182224
2.4299184701350387
2.4564693902258345
2.369600761333975
2.415888955812275
2.41084410892489
2.3586025940543203
2.381923131012857
2.383948090428014
2.314504419579909
2.3890279369092657
2.297305878785374
2.3406418726590386
2.313468423762296
2.279532699684462
2.3222586182848346
2.236067654409864
2.3059140288886075
2.214154730094564
2.274804795938547
2.1904736260622566
2.254968907804139
2.1568111858949894
2.2229290749433734
2.156412565853284
2.1533154372023158
2.1678993550298618
2.0919081610796177
2.1680657023230907
2.0482148124155755
2.1015404508734115
2.1056736191016165
1.990726696732795
2.080135744360741
2.0293140953988633
1.9410415365060054
2.044458250964696
2.001549266668121
1.869941419453458
1.9423602615459998
1.9978927745925616
1.8615946548917812
1.7950420347193308
1.9075564907528857
1.95208732426004
1.8114509315152538
1.6817420134795753
1.7307576640554792
1.8662535636594646
1.894290954371271
1.7592218297851312
1.5746490908000836
1.4856678876980345
1.546871028198817
1.707960825173913
1.8732927751390973
1.9649618458920195
1.9511632904598715
1.8413987057802028
1.6671249152160077
1.463622424067068
1.2595882062633452
1.0740045848536275
0.9171977158797617
0.7932563511726914
0.7023056073422336
0.6423808875586567
0.6112483140849213
0.6081823191564113
0.6346673805783861
0.6924762889640769
0.7792355950464611
0.8848663917482439
0.9927603998988551
1.0840880891896632
1.139426014008159
1.140056455415918
1.0809866271678719
0.9905471730238633
0.9238156102275521
0.9215900800252942
0.9791939138215021
1.0490572448215434
1.0646897928805423
1.0054882912111909
0.9483015107449418
0.971189886705427
1.0316369010640238
1.0362677891877359
0.9801104089182088
0.9658309199658326
1.0236424191997993
1.0240844517380199
0.9723957682633237
0.9925249315071154
1.0280854511904847
0.988764537389023
0.983685356055954
1.0267752207689118
0.985822557661816
0.9944385442679535
1.0184314133319547
0.981690530081131
1.0096092879240144
1.0019734531758813
0.989274612668755
1.0155259504735883
0.9839160527235266
1.01453329811183
0.9879801651793533
1.0102059911033916
0.990878955863823
1.009004312183983
0.9912656258688141
1.0083545791241733
0.9920479726268614
1.0088367628831114