2.045910384912055
2.358072494922303
2.4269375832324163
2.461301756215025
2.4520865995840246
2.3989734877250477
2.329882727180393
2.2914009312253727
2.309551546405314
2.3551999792026805
2.366193733878849
2.3236519886428018
2.287532774315093
2.314381122131444
2.358311460450265
2.337149962131385
2.287270351053391
2.3076837095582756
2.354448196616371
2.3224685549186974
2.290325079201769
2.3451487091129217
2.3540536953525404
2.2980596625487246
2.330749387379687
2.341288000573987
2.26597855104605
2.294024152750973
2.2946051454374197
2.242872685386802
2.3120552459331325
2.2763333691462146
2.2598966827905884
2.2847979203482582
2.2054383087031577
2.2738179924494104
2.225775508204034
2.2501592496382217
2.221052043852069
2.195418715249748
2.2305015231631935
2.1861413432845507
2.2165744637506095
2.1467661817282515
2.2088106608778917
2.145678899343667
2.173098145807875
2.1291724536084002
2.1544787137486887
2.1289290696135263
2.095385940451577
2.1509475388211365
2.0491304622486624
2.1308582425191185
2.0523867974152097
2.062956488137134
2.0872243233489542
1.9945129212173272
2.0705796836821473
2.0199634260289185
1.9622692170081353
2.0562588206616885
1.9608332572388123
1.9296509898349887
2.0191182976839372
1.937285983212037
1.8722816721309612
1.955294054083954
1.9557024111041712
1.8223127117999882
1.8429267632836623
1.931335342504867
1.8878711210365076
1.753209667570774
1.7572856978701137
1.8659548701487754
1.8776990596265102
1.758942364296952
1.6353277105376456
1.667434328624866
1.7802879334713846
1.849839781490752
1.791614477638821
1.6294872162916687
1.497351053143449
1.4609915165907361
1.5339356120968146
1.684523122295897
1.8243963871404774
1.903147300072422
1.9106718367039455
1.8358550930887385
1.6955355803401289
1.5291127351723695
1.356698020215367
1.1851637189944821
1.0291671918837015
0.9009405730773284
0.7991628458886759
0.7187265951192967
0.6605622710856127
0.628409734267124
0.6228312122366583
0.64134070056378
0.68181880237987
0.7437085045868228
0.8255729652660483
0.9211672223156167
1.0172869310789803
1.095529136211809
1.1376439349650904
1.1324616549763453
1.082343667259304
1.006886582918509
0.9399635732101069
0.9161681349054637
0.9490796374411207
1.0152513121708644
1.0632141848826662
1.0524241618533643
0.9948196124960572
0.9518025351578572
0.9715376404700058
1.0267272144597317
1.0414248716234134
0.995638925314515
0.9626648379208739
0.9963859772463203
1.034284349336348
1.0056114310816566
0.9708787083883651
1.0031960296577824
1.0286642955052665
0.9898314752644168
0.9836019893445145
1.0226801762291096
1.0013185763398174
0.9791383809502547
1.0154909384458275
0.9999643705734527
0.9829121189465606
1.0183585266514883
0.9943582489010931
0.9951451908512974
1.0148312212878579
0.9828815753437891
1.0097900700187514
0.996909153867849
0.9976351373036337
1.0099141396036166
0.9868452098705263