3.0400843957931074
3.045784763176371
3.0584848768765585
3.012935234044022
3.0859385184270733
2.987176012709484
3.0883202045590408
3.004138267269783
3.0344395706986163
3.0593632995287012
2.9906966472146146
3.0372038151453067
3.042183229053228
2.986613823501908
3.0081533332825847
3.0352861965806186
2.9979984680116933
2.9695351934881486
2.9895795359637876
3.008174094777056
2.9902264034369197
2.957199133563079
2.940600031494627
2.9453464421085798
2.956610996892729
2.960377546647227
2.9526529539773207
2.936847056255472
2.918124284598965
2.900065219158092
2.8840849976889738
2.8701783591866423
2.857817151087771
2.846548712102474
2.8362822198757476
2.8273562792684426
2.8204091410579664
2.8159618989931317
2.8136054562702095
2.8109335122931913
2.80303512835379
2.7841668644332844
2.7528461928436423
2.718043130977125
2.6980799002046467
2.7039302200358324
2.7172521150259823
2.6995826320854275
2.6476945281895987
2.6194361788216893
2.6433586255917896
2.6412383010092637
2.5754028643283626
2.5608120709699143
2.5957906064475593
2.534729614837948
2.500180022981764
2.544950242709628
2.4639158620360044
2.465653286586603
2.4763912894868474
2.3875899380050103
2.4538783346007498
2.3458498151180454
2.40421323586904
2.3129326968042134
2.3557855583388116
2.267770990073615
2.321106847402662
2.205820142682598
2.295251673612802
2.1460609140730353
2.240011199474601
2.143393791608959
2.1068385028480012
2.1894700820316944
2.0156580428841577
2.0669210247079883
2.120395281292919
1.929727101366619
1.9471730565779555
2.0749813614876493
1.9377460766076458
1.766926368644224
1.858511551841864
2.007514266937077
1.925621593044297
1.6834196815071516
1.5476147928839732
1.6396986965951164
1.8608929985332634
2.0384791590721076
2.0662157921997393
1.937673180304673
1.7069228278828843
1.4393680937374995
1.183935364952532
0.9671547879724895
0.7985805843885025
0.6786559685831122
0.6048430043695626
0.5750779610897376
0.5888246871936743
0.6460211014228727
0.743965446004312
0.8724378566332509
1.0087390472531668
1.1169196195893094
1.15753426514404
1.1111660603024225
1.0056953533869701
0.9182817676774098
0.923572855919768
1.0112493342911824
1.0721409053442295
1.0247396849722687
0.9484242808596695
0.9750753037428157
1.0460411358464903
1.011511813430034
0.9580806454002428
1.0151628255015426
1.0248532669126629
0.9665703226748806
1.014499967881051
1.0113089350778979
0.9746372652055371
1.0265566746053483
0.9814558079650073
1.008831869456577
1.0000225001664407
0.9944113585661961
1.0089654100044976
0.9902086565199331
1.0093411201266405
0.9929519748152289
1.0035979214535198
1.0015657943514562
0.9926974509434512
1.012676668708995
0.9852391326998549
1.0115395076870557
0.9977238368671574
0.991572554100548
1.0128896913597392
0.9945792257976275
0.9923781678631851
1.011025032685785
1.001260867715556
0.9890159596673435
1.001038342335211