10.368634189147329
11.836047600658985
11.754803204910678
11.758213760481448
11.71499197312183
11.681056001269878
11.673851152972535
11.656120951069516
11.620011585788125
11.599808473992601
11.631402807875636
11.61746266074221
11.541893624811284
11.530737630883442
11.485306031720743
11.42219281418196
11.432305536154841
11.366795390013788
11.273271329105341
11.210577950410949
11.160367531579487
11.111934116746637
11.072878412778982
11.028374520349297
10.938054718819092
10.885058038414973
10.816162840232373
10.732563913953225
10.651466522369413
10.618482528882394
10.489949076862716
10.39415056385012
10.320266428517048
10.236267626850424
10.143063902374601
10.055607234134602
9.990092870005572
9.903656315835514
9.750540055164786
9.700049271217463
9.565599565193917
9.497485107640056
9.344042483724147
9.26053965934707
9.171150574680773
9.064572839575053
8.953437862630322
8.843456605250157
8.729816196523963
8.589887682350644
8.42736481667587
8.337055528843761
8.236500869445253
8.070361716163594
7.979854725621439
7.850794028047317
7.681673744292591
7.575988390168073
7.480145047108546
7.361014925391255
7.230132927356829
7.091540225607159
6.929273766138602
6.752691996914042
6.650534407475935
6.541319350576703
6.341970240287382
6.274104583139599
6.082919287798858
5.931053483867524
5.863304472436911
5.722669032238556
5.5535522654916925
5.402209912368992
5.27565339011043
5.163715243249614
5.008832417369553
4.775458900732142
4.684792492480356
4.576046694070577
4.356751829045398
4.26410938902475
4.169284154300583
3.891274385609147
3.7462950591129456
3.665217654718456
3.554821968043937
3.392958061139035
3.165369167317524
2.9428084186190198
2.9823074616255547
2.9794347567093897
2.42575518313441
2.828733385936991
2.0510513463301243
2.4457978733386825
2.800116057090235
1.9958422039757293
1.0846538240898207
0.5733420884085302
0.4026641929071019
0.483511174087401
0.7890971588794412
1.1567681674424057
1.1513658837948835
0.8728834344898831
1.072044197242135
0.9529987504272552
1.06087727798737
0.9412840158990601
1.002118690343451
1.0463610374092696
1.0314745696620877
1.0149949621854095
1.014154191321326
1.024233628657538
1.026245162608631
0.9960742252269841
0.9807435313218331
1.019834072383538
0.9836904584351662
1.0169112182399096
0.9839197116898845
1.0026765772298425
1.0152153229030407
1.003906095875944
0.9950395050466272
0.9935454396095241
0.9973359127128736
1.005599203781148
1.0096056149290145
0.9959401263096518
0.9954055534438678
1.0079423894385466
0.9920298722728853
1.0053801834267597
1.0018443842156666
0.9923198162668592
0.9980253154289026
1.0032156902853404
1.0045397741655242
1.0037333825400738
1.000351491593836
0.9948754962234821
0.9962107076809308
1.005792420617935
0.9970510115244934
1.0014888055976439
0.9975821599156992
1.0042916267897488
0.9974463334259626