6.4673386756640365
7.151364729521637
7.07375902820896
7.134124155778449
7.009617915607028
7.0665531913566415
6.986653829535576
7.044076701332281
7.017377644015671
6.9740131556175475
7.010196515954072
7.044239115181627
7.017402871266421
6.95798024795825
6.948345255755115
6.939207341984854
6.8967084483134515
6.918083931150365
6.869335861766272
6.853452531283347
6.7762633180946334
6.766536215492329
6.787582572954925
6.699527407987338
6.68788776455966
6.639778247688575
6.626033628064134
6.571686956097397
6.576823510833477
6.493414725839639
6.458616410223188
6.446764899391679
6.397922035941588
6.34163261996097
6.288889320111646
6.226526436213731
6.1848710697987865
6.14409258837489
6.088793871420369
6.069783820039879
6.032844825834546
5.986128528040878
5.895523236978596
5.841210086485279
5.828577240195672
5.725208277110803
5.718593462466608
5.607413598952212
5.598751421390045
5.480491838342344
5.46054660757065
5.411439621792513
5.305669893852737
5.243570253727741
5.206739935657535
5.1564719097431455
5.100934044281456
5.039176149256662
4.963367039646639
4.899799626981992
4.804891877010497
4.70566509138556
4.610906699292342
4.596338045074621
4.5418440984678465
4.3896846194139005
4.38393447944921
4.2765838005691075
4.221505837024129
4.116751900163658
4.098927641520079
3.9297540728345424
3.917433911209004
3.8765607122749026
3.72809320696019
3.5996825190659716
3.5281831656425333
3.477417281543281
3.4089587552076366
3.3185763660976084
3.212284890942658
3.085783653854565
3.0113260032187603
3.026464480503859
3.0171696456027415
2.7675809267871507
2.6885209008818918
2.7786392488509355
2.411489550396243
2.6593147205845002
2.197500153795296
2.478159868898844
2.233082682289544
1.830527626824543
2.29126015075519
2.5554992698080046
2.1318966972305664
1.459532976370442
0.9177572730209982
0.5951984559656563
0.462847900125922
0.48290981974628017
0.6505628902398148
0.92875196936268
1.1723892215407146
1.1496300352974633
0.922235289901641
0.9446261785695543
1.0929830759709491
0.9348775924197589
1.0445500920690582
0.966904028121373
1.0409057882023802
0.9550044288357322
1.033151925274598
1.0092612252360924
0.9670442866309046
0.9942125414629003
1.022751604150398
1.0253612706975228
1.0188678193251828
1.0134762982414005
1.0120598256870483
1.0174683474334876
1.0179390130851103
1.010623297189319
0.9895260833995301
0.9875265058119326
1.0111478846496171
1.0021775781369469
0.9891598979486925
1.0130940453984023
0.9887371981808026
1.0116394198093146
0.9912267894365856
1.0024048568829103
1.0074581377397673
0.9924663718422084
0.995512101886157
1.0053742125896397
1.0078408923717597
1.0063764799155341
1.0050819446369252
1.003411921999153
1.0053740424446354
1.006766508487376
1.0057065185756613
0.9987847576708256
0.9942573099113289
1.0003008602091017
1.004891440313868