6.713018598519124
6.527906551393391
6.431019471096106
6.4955306693821875
6.558412502989676
6.507336441665929
6.537279429692931
6.503630522987803
6.487093202278123
6.512395291860211
6.4521129218966555
6.399542683272499
6.395421209330698
6.4283886418858796
6.427464688046178
6.353495191769138
6.3600971264403965
6.34011025950489
6.304047503968979
6.310892202206636
6.276082813482901
6.233828292275413
6.229594756706136
6.165754023526425
6.1555150400691225
6.145502924645415
6.120959136008833
6.084580921423196
6.018896190171671
5.994238228274876
5.944466460554578
5.91584161290424
5.896479369028137
5.861139557807353
5.842806759577913
5.8041546085584645
5.7276503089820485
5.687533876574672
5.679411853899499
5.589133457705608
5.566202374558047
5.520704200407673
5.469296245606173
5.427502577628406
5.402020834375034
5.3029991365735105
5.290616756830943
5.244874682562729
5.157709646276142
5.09037133362511
5.069982218682973
5.030591884231022
4.988158051299731
4.9282619068249875
4.878932154950004
4.806289959599036
4.733278702584518
4.648689684530157
4.569868689664856
4.543685455103951
4.513811112173076
4.392389950851545
4.346832807206645
4.320649503999942
4.186857173292547
4.198587632385212
4.051399018956233
4.0464455554034755
3.966740285250919
3.8468476871696917
3.8504075947599357
3.7891887346400477
3.6611947249650374
3.5494811166750613
3.490633705346064
3.436825779778705
3.380008830729451
3.29754890427413
3.206036758462062
3.097878727029347
3.018337461576998
3.0224575724078018
3.0370452132158325
2.8642667961575383
2.6863792197286407
2.812275223737934
2.5712731157194746
2.5639347506222463
2.4663621206402606
2.4336455378387694
2.177821279300342
2.475029636620488
1.9843620418374142
1.867064567282082
2.366377599577686
2.4754374757386617
2.015005209358963
1.3868290503953187
0.897569073545644
0.6005970262653131
0.4742940114915931
0.48688439977632425
0.6325001962611537
0.8894126850331903
1.1397473214169063
1.179853280934886
0.976390809222681
0.8963281348114216
1.0751126445389212
1.0020549312635092
0.9635330358680657
1.0493841842256648
0.957273426155582
1.0316603995819773
0.9902108515382584
0.97957284262622
1.0368793485244892
0.9920465657822285
0.9703600844962642
1.000705587318079
1.0216796982081158
1.0235792855977381
1.0168717267334184
1.012893606709972
1.0117480680617144
1.0163593439884038
1.0170615501516316
1.0098099959461595
0.9940733661390704
0.9867129195196697
1.0050250270588303
1.009793597615836
0.9872989224781952
1.0068037431560282
0.9964059845213742
1.0011636766738816
0.9972352294481116
1.0069895234217199
0.9912589475050534
1.0064737503239638
1.0027679774788485
0.992513756291231
0.9961050721338834
1.0042580628127482
1.0081159473481
1.0059404297355934
1.0055130892155024
1.004418859144346
1.0052656496771155
1.0070204981891984
1.004469508571285