18.54343976209586
18.045785281893473
17.88040172715275
17.950718675294397
17.896075343158586
17.96967725322383
17.8971186734235
17.865450120759007
17.82661806212968
17.8162809457432
17.693335664841047
17.607166657423374
17.59757395455964
17.488527671432177
17.455420923696515
17.419840978103927
17.32347390394575
17.200518464990772
17.149050392320937
17.070874182069147
16.94424309984948
16.813582062362308
16.729061951087775
16.595478491345702
16.5135893517816
16.426111890549016
16.259727077878836
16.1409187279261
15.991915141694884
15.90801000237781
15.751637950311315
15.571813847209569
15.441010628475762
15.285944744292522
15.158245614586919
14.973894320952645
14.804875746525722
14.658345016383764
14.48714297459139
14.272508678294258
14.102297275641723
13.950793795529508
13.753852210302878
13.5613019570197
13.359640023124218
13.21379702171506
12.979329384964402
12.82100509643845
12.571946192668374
12.40991557106076
12.23586690736002
12.025916390775254
11.8273918890483
11.590831665979868
11.338387652111344
11.176390186490199
10.946399572181114
10.75227250491362
10.4810451462141
10.299469379958138
10.115581980144638
9.893366047779805
9.66979042693122
9.403355103951423
9.170957996407058
9.022073000151012
8.717729297073426
8.575104005587097
8.313848210554212
8.049738505304182
7.825943058313893
7.599384000341824
7.375156416932481
7.203977457931172
7.030372032054629
6.7008331729813495
6.59400054805234
6.266076159905648
6.071746313498468
5.920375180350859
5.723646270985166
5.50496312166491
5.234955609523839
4.924023744131427
4.831018051052178
4.578819021652763
4.408519649623517
4.044026287610934
3.9784291962618075
3.8746294932265193
3.695116643332026
3.4758805998512696
3.0673116289984077
2.684823527448087
3.0665137018298143
2.117616849382503
2.977445493902733
2.5572579585724857
1.2903721792736969
0.5648179671641196
0.36282969844524277
0.5066796273160105
0.9357922539761705
1.2373541991902641
0.9209592357354515
1.0427438317598525
0.9400646508910555
1.0757662300635729
1.0201860275196528
0.9744263300704399
0.9723097280769142
0.9914043102717557
1.0276678406313826
1.015533017366388
0.9741833909712815
1.0251976309090898
0.9843609053441711
0.9921931300901449
1.0148751254803452
1.0180678261175993
1.0166125500860934
1.013011750691724
0.9952394127080453
0.9890679488680235
1.0127253435738865
0.9883939387474743
1.0075044574600474
1.0053661451697244
0.9948742441474085
0.9918203617815861
0.9927031666832368
0.9983804526186757
1.0081730840863727
0.9989347250383726
0.9982465011583757
1.000451072774835
1.0052956112864895
0.9955059329880134
0.9935948036610088
0.99552102710068
0.9942146317928905
0.9958624894018724
1.003142893273669
1.001348579442946
0.9968698186381236
1.0008312682695757
1.0032489602235166
0.9974888456150647
0.9954535462213734
0.9961390150199331
0.9958275510954034