11.681401813598908
12.748357637584961
12.81073923299813
12.822009077792178
12.77490590800846
12.770444479931477
12.733942536853755
12.749111707139946
12.682144273418638
12.659259577745832
12.679052791188482
12.649826686787993
12.600671479459377
12.561832245403933
12.532994918861514
12.4789430208118
12.367081833382903
12.32190450933748
12.316600173856674
12.19606774703955
12.180795619522684
12.107818978690446
12.01306145315416
11.947613214846202
11.87948943056726
11.801162787956896
11.715739225249711
11.635823388435938
11.578932053423529
11.494218029639537
11.359131899216393
11.327052821588413
11.167124299859639
11.128884472249723
11.014681163354842
10.869405808465126
10.764890981396642
10.667182461254603
10.556557878514175
10.438301722913943
10.337788535461302
10.257876281630553
10.114445976779107
9.992361161142272
9.878157493632829
9.761519041071502
9.60089231035478
9.497101219405874
9.392512856857675
9.265950300768552
9.133946409597895
9.002228676976852
8.853073682978325
8.66990898089107
8.535018129068192
8.450819106429368
8.235284067290616
8.165444193095869
7.964828371541194
7.817495350928456
7.7150533895067035
7.580303174855469
7.430768721453836
7.282983783823542
7.1273651066755095
6.938376158220945
6.757823386580657
6.676422630622511
6.469779539841719
6.358310743198337
6.140468184449994
6.0734430020421355
5.89488135253813
5.682133221603989
5.50632805961439
5.347260152221303
5.198753922009741
5.090150698742888
5.002639882238223
4.76938589206694
4.5886220154219135
4.5176103661027325
4.281575936140343
4.1171392280877575
4.090465721177697
3.8908032429286465
3.653336373337211
3.4622205344684573
3.326504851374671
3.2770609786189593
3.239975039129534
2.8554212037619546
2.620893474876656
2.8403333005235387
2.2149200465848344
2.348110933130029
2.8781973044783085
2.1000031769006418
1.1189139152711411
0.570367642758022
0.39363184089013353
0.4860647923866742
0.8159039312502698
1.1830732503540404
1.1103295705575524
0.8712870904637409
1.103192112973378
0.9184142814348112
1.0642453506264953
1.0008180245247513
0.949562049696118
0.9754534286879735
0.9975661094624215
0.9985986813761989
0.9841768321447022
0.9710600033212476
0.9957065577257317
1.0240515424627865
0.9796037858070651
1.0172935968233157
0.9815366066908766
1.0150937520042602
1.005422124779378
0.987585610514718
0.9862701216909414
0.9884734978800424
0.9883093584263024
0.9898747618843714
1.0013262066161235
1.0098316509168477
0.9921565775965617
1.004701224054461
0.9948699626408367
1.0082047838125179
0.9932698671762549
0.9948279943750791
1.0032739532178134
1.0065867485409423
1.0066384919398226
1.0044119897341637
0.9982529327460424
0.9936254869288557
1.0027951995045092
1.001247727009442
0.9978877556837029
1.0004505093248885
1.0032097160487652
0.9960408898225576
0.9969142219446101
1.0001012205833983
1.0013875751454