0.9388052350920348
0.9616477927911419
1.027971645041842
1.130275024196578
1.2542276436324153
1.3789622125546275
1.4808579505924058
1.5401007086124312
1.5471164746294297
1.5056369977674169
1.430930748651455
1.3443320446971752
1.266844895192292
1.2143573335922466
1.1954122230796376
1.2109342223362465
1.254903925183722
1.3156322761917936
1.3780434327490527
1.42727602176894
1.4529150321009456
1.4521613930507915
1.4302456425853407
1.3976464910739657
1.365404911421745
1.3408376978459904
1.3255890212144805
1.3165265432819342
1.3085241660617064
1.2975268701411715
1.282623521473706
1.2666242902101763
1.2552227456150236
1.2550475934383782
1.271026499753579
1.3037997860377835
1.348296242653517
1.3945317942652509
1.4308527773057702
1.4484782259765845
1.4451573872547054
1.4259001411299994
1.4001981072510383
1.377129753621148
1.3609885800711223
1.349776088295376
1.3372324089890792
1.3171002652570736
1.2871909169466238
1.2511121884141945
1.2168967307938843
1.1933738113911765
1.1861488687201869
1.1951296022051527
1.2147662656684686
1.2369258151871825
1.255062457065128
1.267588888420007
1.2785490398855661
1.2949711565659923
1.3221754135655737
1.3597638634360796
1.4009547136594545
1.4360503951548358
1.458120390722906
1.4672390383911917
1.470258474693561
1.475979496079023
1.4888541873777725
1.5056276322381958
1.5174610647073281
1.516201306970168
1.5003417188278634
1.4762650019234658
1.453725944825886
1.4388300024462244
1.4297429297550004
1.4184024908903408
1.396968043697258
1.3640722212761618
1.326031891291002
1.2920635467757848
1.267259109415829
1.248875459970012
1.228884449990813
1.2007102021855829
1.1646846408789187
1.1277788983887072
1.0978612794916331
1.0772709240971798
1.0610835786297441
1.0415110260361655
1.014668278010822
0.9838962324792684
0.9567767782159858
0.9384638757806257
0.9272146531974318
0.9160943831834165
0.8993279547204531
0.8775516453169964
0.8571621109939674
0.8443436826618044
0.8393133615054782
0.8361963286239171
0.8286905579810965
0.816142984287696
0.8041662461192516
0.799133540045841
0.8018972925305429
0.8069635165860088
0.8080317297743314
0.8043978092288727
0.8016961603247379
0.8061064937819006
0.8179088220389777
0.8311247914360367
0.8397627212564661
0.8441694029275016
0.8506651783037783
0.8646781624824841
0.8846921497281495
0.9036865121136471
0.9166871283553185
0.9261760771684858
0.9392108520533147
0.9592661361248681
0.9819464589741018
0.9996156247514572
1.0098624052762493
1.0180645257897007
1.0308773191822973
1.0480764766204014
1.062408463385623
1.0678581613820868
1.0666174187391007
1.0662920571125314
1.070531690292195
1.074449529398018
1.070609223295444
1.0583519077616452
1.0448440172698004
1.0363780812052719
1.0308209303622127
1.0208906763934653
1.0041791207811899
0.9869608364565787
0.9766834140262884
0.9728695910003777
0.9684804126765097
0.9600093460153658
0.9527342685092031