20.790917214199197
21.27728383294155
21.34615831793762
21.258994928359783
21.220400270225436
21.20229311351396
21.183912474254246
21.135413681783746
21.0816578303397
21.02941288642239
20.98065798756991
20.882443607841488
20.80256448448454
20.72480223773317
20.62958889694492
20.540576890366285
20.500159099994978
20.351998096995008
20.272149222595406
20.09812165729829
20.02881777706344
19.927220294715724
19.79531982250296
19.642544549774094
19.44795726691671
19.303339144790037
19.194208132049933
18.989018335518935
18.820877460578988
18.690168180254204
18.522402588132586
18.33857324832432
18.13487763706921
17.91616534109349
17.757969277313865
17.534874346028676
17.363403647186104
17.130343914997813
16.90693719108848
16.690851439942076
16.473170351027218
16.271508707427554
16.070459016872366
15.791178580408955
15.613634670103018
15.326426149143485
15.091694279618192
14.876831039059178
14.638098190591512
14.37180417370779
14.096308287971512
13.898682459552594
13.626276677320792
13.389673485368727
13.079791714150158
12.854381746873473
12.617374394570172
12.352375251321881
12.059321256037228
11.778393856884161
11.58165644823739
11.249937636766187
11.05287264597391
10.74408635599468
10.446991207121899
10.176732553954436
9.91124045819453
9.67649896364734
9.453899079849602
9.106695524995304
8.922098140461452
8.57276034411453
8.322656475496121
8.099107813945844
7.84252527138739
7.547810215384335
7.2355567905492375
7.058274167866621
6.774549238288453
6.543641041222484
6.1890369154434435
5.99685196277805
5.79107488944625
5.531548181846871
5.206518881565852
4.922717168112296
4.866907997124554
4.406640669560041
4.399914590861526
4.059822427144898
3.6772878229535846
3.396747877219245
3.1994273677947467
3.245096413990328
3.0765080263324247
2.301476100383486
2.8886031738891043
2.793454304642118
1.392024948141295
0.5653984240327943
0.3486918524279668
0.5218319948096584
0.9967248586725015
1.221130462824572
0.8654303726826663
1.1114686212177367
0.9287250375563386
0.9642732809587184
1.0195521068457665
1.0235402922681458
0.9967244281581707
0.9635690885487884
1.0082794046171577
1.0051596859979381
1.0039932250838364
0.9777289357034384
1.0048788194194564
1.0158910685419134
1.0140161574907167
1.001141622095298
0.984064957601853
1.007318465238717
0.9959331795819742
1.0095321880086927
0.9892404718572249
0.9913306867785058
0.9957678547763662
0.9937935541448096
0.9907474248082289
1.0020558232819414
1.003729675196554
0.9966516113420697
0.9979227575893629
1.0067706878053906
1.0047291844840822
1.003417514214818
1.005248778835613
1.0043282480269358
0.995111365915769
1.003032784345473
0.9961404077937153
1.005000422659482
1.001541250291658
0.9979164807382485
0.9978072364044737
1.0009716771463155
1.0046015566616424
0.9975123918605255
1.0012425885867586
0.9972415415280991
1.0039914375671717