17.38479380747843
16.476621799184855
16.4670430650016
16.45860551991655
16.392299181864747
16.4151714083612
16.440503763268556
16.455800521211078
16.36240297368954
16.310884280859373
16.24389498605503
16.287908248609078
16.157072098121468
16.142770137839936
16.035767600709207
15.960303758908807
15.926600400978304
15.871109539798267
15.756503596482586
15.674107468409376
15.57714225560191
15.552881645029972
15.391211420850954
15.32942946730498
15.176227542196665
15.088559636119935
15.007184987115325
14.910734331229119
14.794783077275794
14.646309346347907
14.509014310198445
14.357539925710583
14.27107995631444
14.092804279472226
14.002007531347523
13.846074515347908
13.666785090671604
13.506639778694208
13.347317176632126
13.203699631845753
13.050346496156616
12.938668636728533
12.72415559554756
12.575179820637057
12.392577465083168
12.266176270173279
12.059314025549128
11.854284940112409
11.67078696281152
11.502495752241458
11.330370330250311
11.191387058132753
10.960020454860691
10.773531813253939
10.600631201112469
10.426817435924708
10.183201281703834
9.990909907832794
9.805005036649291
9.606649850691644
9.396845766437322
9.195722781137551
9.062251360909375
8.812168527006172
8.638660745438157
8.385983928962991
8.252651790803151
8.046921746345781
7.819045919145241
7.611670559647126
7.424201804498434
7.256213454449774
6.995758091511392
6.762197383117238
6.642736773171346
6.358317295662707
6.16618800140666
6.042932635654983
5.842358576330077
5.629297820250299
5.441176978708153
5.2531906383379665
4.950921151804936
4.729610726765004
4.665341693679674
4.311584701172189
4.185289073109291
4.112057469115235
3.8521869895904612
3.6006166419056993
3.433739770999845
3.3765212825378184
3.191381215637082
2.580706860320589
2.911158219441493
2.117368381712575
2.9869428255523642
2.439186081909472
1.2424810966315498
0.5665230876927172
0.36981505155467426
0.500607326146365
0.9057048048758755
1.232855416768723
0.9641828961605539
0.9876894569926149
0.9970287606671342
1.0601984416023527
0.9514481726039795
0.9521780573968008
0.9747810962122629
0.9744493765383007
0.9654039705837233
0.9843888717232043
1.0292847155477454
0.9819026183479473
1.0153297990929522
0.9788490005480635
1.0121114426109186
1.0162310477305125
1.0059018502020836
1.004161901033897
1.009625223932685
1.0134824716066335
0.9959957027703417
0.9941803112697151
1.008097306389955
0.9949023493030764
0.9944215411620408
1.0079925747647656
1.0081793190293833
1.0065333993973422
1.0069816935936318
1.007534999341044
0.9986899021667235
0.9946607945504409
1.0064322568868
0.9933326700010187
1.0027839840878892
1.0043838109469716
0.9976829960869813
0.9953215224126307
0.9962345337976352
0.9984262208944228
1.0045167870922387
1.0010655561472956
0.9963133908521324
1.0043953139495585
0.9978345361147842
0.9977961402697674
1.0033214625513522