13.696205890698197
15.003670307754442
15.069175996598872
15.196065449731378
15.16547411720064
15.112820413012102
15.073490864158808
15.093600147935483
15.074139656896227
14.959611224474024
14.922603141286938
14.905268370041128
14.878337476506196
14.836587014977187
14.743565185129503
14.688330853671532
14.689759626917738
14.549660300524256
14.529585231654522
14.425364601089266
14.369570782806242
14.314125647193197
14.230670291129092
14.140591720074422
14.038626416786911
13.921868732021078
13.8079448050576
13.699391217700828
13.634305588390182
13.479843495641019
13.37238570703097
13.29456187535042
13.155821774484588
13.013292993745598
12.878217624546954
12.756007050977832
12.66324572597177
12.531993393897618
12.34768419382989
12.246200582695192
12.079088427835906
11.972889606687712
11.780864929406382
11.614486679055027
11.473269033285698
11.325966330885436
11.167974132534098
11.002112779850135
10.870422830727243
10.729985336326141
10.507962921700965
10.398950483116124
10.199446667573891
10.01475178011033
9.879709759848346
9.72495718672177
9.554451969691554
9.369110302341934
9.156298582435715
8.955388815088591
8.827593588045989
8.623174884701319
8.458388272621802
8.227641905320596
8.110465343919033
7.936491780784526
7.730649939693298
7.538117142912844
7.3694946446110166
7.2081700536734825
6.9701374341501
6.750494064734065
6.650252383047513
6.371188303173914
6.253331469200439
6.085812559032358
5.833167998806848
5.615345405999746
5.4255125102853246
5.2575775473110715
5.137915547848771
5.002003415391468
4.680057178571007
4.61212629508515
4.309802602423561
4.2987843650574895
3.9939352277364732
3.7140657954887697
3.531175658566194
3.3377310776477267
3.118529819112126
3.038682252255433
3.162169926413194
2.6245178602951316
2.686973337986369
2.1683829979142826
2.9738566175168977
2.324361345015562
1.199282790095165
0.5676238911598159
0.37795961551444285
0.4949828130797433
0.8747361530555955
1.2237366884799443
1.012481906036173
0.9338947356144552
1.0575415023077244
0.9983239144192086
0.9421865517469019
1.020347915415568
1.0464814555379007
1.0426907462265516
1.0352227061543227
1.013631072673427
0.9758171067900453
0.994932881633924
1.0176695543169076
0.98418226017164
1.0044572033379227
1.0144975845222535
0.9905662856350879
0.9838781229168642
0.9848541329668253
0.9852395604403569
0.9916833936294425
1.008536485036984
1.0049300603019136
0.9904957891711262
1.0096526046103234
0.9941762717190338
0.9947455401616869
1.0071131630137156
1.0082660409358446
1.006577468388427
1.0069960292537166
1.0068621552056312
0.9979239625627528
0.9945281688875631
1.006665869345131
0.9939911749054203
1.004726726969997
1.000160948660519
0.9942950913477999
0.9957304775036655
0.9970355815734245
0.9962051116581102
0.9954567348360396
0.9990617904016905
1.0043403721191109
0.9960844509441408
1.0040148217055291