25.279866992869334
23.351559768492805
23.173950257226846
23.151723432456773
23.043678805013865
23.167926310002937
23.019873043707292
23.014684853354343
22.987674211666192
22.931670260478224
22.841015077342924
22.756025511093704
22.65470227658119
22.56315099978539
22.46167362833131
22.36158776708131
22.211175865802094
22.09833592405369
22.000117413993006
21.85740046214938
21.76263683498009
21.60774075039627
21.451269459278876
21.313669073886775
21.18212927745516
20.998515166571078
20.804313485965462
20.63798192018585
20.46574989397608
20.22007151696842
20.062831898291257
19.820091261633603
19.65777673376864
19.45633304550832
19.233280940646317
19.02999568232581
18.780622529417194
18.518174743122785
18.322913872706803
18.03485787006358
17.843022540853404
17.60019377008124
17.336372268294898
17.09772373175077
16.84713235244637
16.546716311407952
16.278503895802448
16.03101509276579
15.781675401685659
15.466377674024288
15.175621471383785
14.894527730092536
14.63931611827177
14.393716239207336
14.083238357784433
13.81108576116988
13.48639686996988
13.24931474493809
12.976106004248523
12.687658898640063
12.385272486815174
12.055015472320038
11.746574899542342
11.507820673570034
11.179966728074376
10.85946110824035
10.599448261750068
10.314504635937869
10.002780638516223
9.678276536254096
9.45099107833761
9.136443068170944
8.873682695679394
8.511475683771478
8.252637119439886
7.988076282158108
7.687944160715357
7.362933642990709
7.155163288935446
6.883624881306751
6.581963896828269
6.250079851159296
6.067232272075312
5.834790785393059
5.560161048571376
5.210876820230006
4.872160662416694
4.822304959728641
4.323045962990517
4.286306960023975
4.080421155533471
3.7580638448751635
3.5466358483983074
3.4598695986694263
2.96498520256941
2.4843347496783275
2.8153996847203575
2.9104070688177166
1.44772565294284
0.5656562523204325
0.3413750480621429
0.5302545850331345
1.0270598047080863
1.2039914818359667
0.8581237969211855
1.1083950507754379
0.9795998546123545
0.931869880660624
0.9529231779200668
0.9561359374949426
0.9646577020043194
1.0231999607599718
0.999477162220882
1.0036050103785514
0.9794285114533128
1.0128635488232316
1.0207319929313825
1.0183119065954538
1.0095530537268982
0.9860056701558791
1.0026707750676085
0.9992589905105582
1.0084418520145677
0.9894184004172595
0.9890198825961221
0.9910526733254287
0.9896826687209371
0.9984288691860033
1.0082743464102095
0.9917771430846464
1.0072550539390077
1.002384596907654
0.994782076377046
0.9935583684658038
0.9946137035066999
1.0024999575696238
1.0044019616843434
0.994385321166201
1.005308195625933
1.0005156180858135
0.9953578169745423
0.9953560343504197
0.9947989063048888
0.9974300498196927
1.0037073280646038
0.9984620426499368
1.002453190727971
0.9959484358949877
1.0002155370254058
1.0029726413046953
1.0026936432171443