31.240648332962834
29.909312111364105
29.849778453849865
29.81093171734688
29.824073521068453
29.76687010964306
29.688396103463067
29.59606803606661
29.559566658492507
29.420866948471932
29.37480040678356
29.284435657459397
29.118172961494178
29.05841649969236
28.876704436841585
28.721916027172433
28.601703925408017
28.434407225937854
28.299816551407815
28.079011112464283
27.937112146488726
27.74004036523467
27.494617200228124
27.27978312382503
27.09225320200347
26.837747508558582
26.567770392173234
26.328321340579777
26.109371923229713
25.851301831181594
25.576005889326456
25.30674916231208
24.973042582997998
24.71051690540141
24.397383951316915
24.13382190374013
23.814631603631614
23.509302972654545
23.18317311203626
22.818610509720163
22.51187301128704
22.137877133405198
21.846962438350356
21.51524384702503
21.15825194758299
20.8003469515183
20.38698660343825
20.072120394422534
19.670567532158742
19.35156224864451
18.9800901661544
18.61095559112137
18.23235705769788
17.80529950077186
17.452697437890365
17.037604817648695
16.710854152067178
16.331136544052733
15.945762738708972
15.560999695631558
15.124507260452798
14.754904385875301
14.361092213541541
14.026606851229298
13.620203660642451
13.229196960998339
12.873250854472559
12.449105007145771
12.033095066097635
11.696249460328282
11.342713427633175
10.925271649173592
10.551085872559812
10.214191953832772
9.858310326391562
9.395063530904578
9.136984174325997
8.739797839001517
8.326026937084
7.96288385539407
7.658510412007448
7.39478463249495
6.913734918492452
6.725169210304847
6.260233114310242
5.879765291076263
5.546266820727242
5.244818276047854
5.108309987965648
4.656257502612274
4.494189006470072
3.9242361713717986
3.6082903269905495
3.283020782791224
2.9214483127673634
3.188795362426149
2.538923115143518
3.2324192743376488
1.633634892816158
0.5683967638905231
0.32332608532751084
0.5584072053726791
1.1136903890756062
1.1124421690890025
0.9318743051920225
0.9713355440816323
1.0708055347011523
1.0652077577288945
1.0500289470264939
0.9967552454728654
0.9699646225534793
1.0277274203849176
0.9954922122395068
0.9731615439256392
0.9799464459080042
0.9793636946592329
0.9895810086260457
1.0176709326954454
0.9837889015538841
1.0123770959908827
1.009244428676677
1.0014459684776316
1.0056055453968056
1.0110136795378755
0.9944144077548994
1.004274388798882
0.9919318357134898
1.0039404579637459
1.0070947982739524
1.0058436397606936
0.9973549362261466
0.9953718154081613
1.0058927069211228
0.9980250899792457
0.9943310251117845
0.9970999227511705
0.9956421584608389
0.9951286944736659
1.00331478993532
0.9974609121955389
1.0038936592843475
0.9972015761800733
0.9958032719307337
0.9962504993358979
0.9995401249943408
1.0036334283808608
0.9963049246562247
1.0034791850876226
1.0016971618827601
0.9985442472710069
0.9993598413318747