2.4074899802624743
1.7644071185188461
1.836133128970457
1.9124536368379506
1.7426000474075856
1.9662116056063972
1.7307128654045278
1.9329910062831155
1.7932354912935133
1.8487107140358348
1.8632270357551561
1.8089743526914976
1.851781841587942
1.8570558246229258
1.787377305884965
1.8893573504542713
1.7990744367682054
1.8258857179306673
1.8597361252691753
1.8021013222912772
1.8126188601406654
1.874829660857559
1.7611846281524708
1.8452307861351236
1.8289881507072763
1.7922628223833417
1.7947533367047677
1.8602560396942505
1.762609413740017
1.7898593026237368
1.8472678482020952
1.7698969871618822
1.7700417139690845
1.807626624896231
1.8173073438315261
1.730496483078193
1.773076146795353
1.8290843927871117
1.74670906452753
1.7321763115303976
1.7724002325181742
1.799074040268677
1.7420435021173746
1.69022348029019
1.7691433225417303
1.789758169367571
1.7138211928930176
1.6857812485843011
1.7152109942909928
1.7667258068933172
1.7488189549306046
1.6574539163263837
1.6506777249001312
1.72456554825018
1.7460485777264874
1.702991932822279
1.6392992704120597
1.6085530376369863
1.662333718710454
1.7318138495367021
1.7111568556229595
1.6298967201751067
1.5750663826929185
1.5730038405304845
1.6197606404457312
1.6869864651534485
1.7045714442997213
1.6396774763294288
1.548262092121468
1.4981699420451904
1.5029595771154738
1.548818726042141
1.6187810494221953
1.676072716279825
1.6761764008423172
1.6115167571773725
1.517980265072147
1.4351680817831498
1.3810187650752626
1.3630095503566755
1.389581519006057
1.459975691077075
1.5539957799464201
1.6422615604602377
1.7052031178668656
1.7388331633863827
1.745467353272527
1.7246484373242188
1.6741467925527889
1.5962946169803387
1.500245596781635
1.3977020617371096
1.2970790560502263
1.201381534154489
1.110384047723612
1.0240187848188576
0.944010858576072
0.8732076323192759
0.813956258659285
0.7670587556975155
0.7318668138568892
0.707123487792933
0.6918447019840308
0.6857739359865949
0.6893382574843544
0.7032824949707381
0.7281992482309363
0.7640975527479659
0.8100704683089848
0.8640818818268747
0.9228899888019636
0.9821342029461144
1.0366167655469856
1.0808058103451763
1.1095707281577067
1.1191234060681057
1.108065531242142
1.078328866762281
1.035669334808883
0.9893050729689922
0.9503695674091953
0.929164126711052
0.9317362184562888
0.9569282645651951
0.9954155161414728
1.0319853381578465
1.0511547663550402
1.0443756885491426
1.0153706392793556
0.9798636847724284
0.9581396363833222
0.9631793230876369
0.991303534489808
1.0227960472917677
1.0345951140488505
1.0178148346634348
0.9864284890723217
0.9674189974588776
0.9775434265940904
1.00655061145879
1.0252202843460088
1.0144133941933058
0.9867403137783936
0.9744673716446202
0.9925020746140264
1.0187738874308676
1.0202693627847668
0.9963945650748292
0.9814085678244608
0.99676523287411
1.0183933216223582