1.4439871448263766
2.245839857251524
1.8282731416256826
2.1356936685008345
1.9257545387698074
2.032477555611673
2.00866288925477
1.9766726240803068
2.0222191296506242
1.9969958366078524
1.9790805117270553
2.0272299013297026
1.9717944199493622
1.9943449176178587
2.010088631308408
1.9699104327703287
1.985581163262162
2.018207562799629
1.9348691680976595
2.020706422929709
1.955121204817002
1.9956092140995214
1.9348841829135894
2.0187334853588994
1.9364584396627136
1.9536960899732387
1.9941727863805787
1.9255609511244938
1.9760023578821793
1.9174518072368165
1.9728648226606467
1.9512065324131587
1.887296412234932
1.9755875553659856
1.9197590075202082
1.9107674157852632
1.94321381313728
1.8730127040342968
1.9286433674470973
1.9405791596109423
1.847995098528707
1.8970596585598867
1.9173113716780292
1.8476789999637204
1.89052920004669
1.9059801017962512
1.8159122164243473
1.8351908209140895
1.9036468544700424
1.844007262702235
1.7974438280414669
1.8589182687931327
1.8571139363122366
1.7683455124462832
1.7693945506757873
1.8487048421027392
1.836579125607248
1.748801398596695
1.7418540317892586
1.8130499838495873
1.8171673346344042
1.726833351722073
1.6706521149322706
1.7209044883182387
1.7902213088339969
1.7691914351014746
1.6760589551589362
1.6209242776570616
1.6622200182521716
1.744325229465716
1.7699809070266999
1.704364598657192
1.6013057475646455
1.5442041056541083
1.5724121544932343
1.6565201794195168
1.729377329489931
1.7366187930904706
1.6681666473911287
1.5566515696967154
1.4531613320739727
1.3998601960576915
1.4137936436875727
1.4855816768435783
1.5885838611543543
1.6913816124993972
1.7679093752702333
1.8026930330247943
1.791378338663383
1.738196415682457
1.6522856491352504
1.5443391409838518
1.4243489526370612
1.3005833119896366
1.1795016950253303
1.0661162353217801
0.9643268975409778
0.876952002938433
0.80547878516186
0.7498540985109053
0.7087515647299609
0.6805292270794467
0.6645405459001913
0.6619080734868316
0.6748832000452233
0.7048503266863569
0.7504047801542455
0.8073666887317157
0.8709975414863048
0.9380277176555586
1.005509227000942
1.0670231349166412
1.1113309414902008
1.1275462511382144
1.1130340854516845
1.075112979703546
1.0248865031994718
0.9730490046137359
0.9335973064520255
0.9241622608285728
0.952026761117209
1.0009804830792441
1.0418356300802072
1.0552499838779923
1.0376751246869615
0.9971824982091939
0.9592487613340871
0.9574975698159784
0.9942670426973169
1.0308981805535002
1.034386550385674
1.00703555753404
0.973947498181315
0.9702039118732336
1.0052969035097012
1.0316285230592777
1.0118101038126002
0.9801547268490836
0.9797824113471162
1.007693235542706
1.0246046327079914
0.9989213253023821
0.9757600567577307
1.0005801539043289
1.0203664112942827
1.0006027571314309
0.9822740973265185
0.9996184103226012
1.0192650924505315
0.9936141805152287
0.98498294269556