2.853858108435826
1.9813385204425273
2.117623175830646
2.314091597732667
2.170485760938772
2.0849355522212005
2.21165782057692
2.207882398331874
2.152334940925483
2.1875580820223743
2.1322182813247315
2.1544025157119484
2.2367340013916532
2.140681643928718
2.147842413077942
2.1584219595207603
2.11788203201064
2.2091682406115565
2.1471404228971784
2.1618072228793115
2.1453479060516836
2.098252166453087
2.157093437467998
2.0951242730753146
2.175883318497923
2.1093863549392187
2.1675840142976712
2.1042349858969946
2.1393034160634348
2.086328127831781
2.1143596086254437
2.068139743765758
2.1025872258333447
2.051355493297551
2.1009017705525435
2.0340362797160036
2.100736171385033
2.0195237470102056
2.089874398088373
2.0182810867115366
2.0558485143180643
2.0372814963166537
2.0024789301481047
2.056968452663074
1.9688029255284858
2.0304262939044
1.9953576681280427
1.9583912616845753
2.02867520890166
1.9467578995302164
1.9687404951489842
2.011843080099737
1.919431930820908
1.959372409211316
1.9846487940630553
1.8820596764221147
1.9086163317811053
1.9560490904157615
1.8650828177635714
1.8549877518059934
1.9405692499406042
1.8936377482596136
1.7970026553355791
1.8401312519816617
1.9016763377623565
1.8305499776193683
1.7506358944307177
1.7975569101122852
1.864801467795869
1.8144057953294819
1.7082674063795305
1.691680736130348
1.772220082314018
1.826350430776705
1.7714939118602513
1.65151815713591
1.5829384857143867
1.631303112801047
1.7424746104182307
1.7976484878958277
1.7435851223251464
1.6242008347152972
1.498456074791105
1.4251098142767633
1.4511097433507423
1.5545277362431726
1.6760487956030523
1.7910974977151175
1.8596508406962404
1.852688576613073
1.7998630582691653
1.6925874274859531
1.5531787502213041
1.410987374071051
1.2559175245947665
1.1209506258475859
0.9954475286745796
0.8875402549656304
0.8035342357847044
0.7307613194789345
0.6859339161093566
0.6509726267874458
0.6428535204294273
0.6470669986445168
0.6758846598657514
0.7193134635084241
0.7828449142880324
0.8576588407837504
0.9407331219611552
1.0205730919642158
1.086695258863903
1.1260544205574885
1.1311220252310537
1.0979345746932816
1.0406201611533588
0.9727363045131087
0.9308453269756944
0.9219478984624451
0.9635274709895468
1.01662424935405
1.0587457925441444
1.0518699377705258
1.0047596205052245
0.9621982685462989
0.9550278889125208
0.9992371974279156
1.0384130279595545
1.0285108234376148
0.9877961731216013
0.9640025970185625
0.9949967036813184
1.0327313923805814
1.0129980659758901
0.975095499029518
0.9853996860047246
1.0204141362807035
1.0139344729436899
0.9810131095430844
0.9905071842028826
1.0200582452367681
1.0019580491133702
0.9812469612712411
1.0086954708379239
1.011537917371191
0.983631199765961
1.003221376130124
1.013581037303387
0.9836617279234136
1.0022864638186637
1.0134041901043143
0.9854316823009321