5.4321924834059025
4.017863280386099
4.380376127449132
4.340635889030253
4.160049770279846
4.336474633881016
4.2604601279703465
4.325221173178108
4.167739022165251
4.29179609942549
4.232303696409172
4.327948824706028
4.192956603280698
4.250553322544234
4.164410312608916
4.194358449104544
4.226823911784521
4.157176717141573
4.231458820697921
4.202704685942327
4.138967069777901
4.193457837715477
4.184521331695448
4.103834793342049
4.100451151810999
4.1385900021387
4.109880397307616
4.032208764080791
3.986275892961518
3.995804775779103
4.0265067272864545
4.039940350768865
4.018604327688039
3.9654589388435735
3.9031895090552693
3.8635660596586616
3.852425059487846
3.8348609321383864
3.7935282813808673
3.7678117976737657
3.7636390446772143
3.729071041471361
3.6946125453116916
3.6979027881773456
3.6770605519714743
3.676158242758889
3.6939040691747347
3.6606083555007585
3.632057745584813
3.538603546497765
3.486317973033963
3.475270283587676
3.5201477991513537
3.4855680367989006
3.3873015590849374
3.3275595328528613
3.4024334720886373
3.3413004264320803
3.225875185085202
3.2735301617141803
3.2532881155687665
3.120803179466199
3.196725232180806
3.100058602119221
3.0458302111593913
3.10730658767305
2.9190503990113075
3.045653374829041
2.848586628394687
2.9797454524991265
2.756301971968137
2.9013587651767314
2.670068655243804
2.8215895730313867
2.6403837596497923
2.64627807141871
2.69191875624935
2.4352230256897838
2.6097325438249177
2.516828555561804
2.279395916593818
2.47372411442061
2.471284788505776
2.145756582675501
2.1392019336816324
2.3973071821417626
2.365716746161704
2.0131350303354023
1.776914794215822
1.9016970737282282
2.229200675324483
2.468181738956798
2.461975555498002
2.228173253163559
1.8658811762744196
1.4765202237428718
1.1332519650649482
0.8686181025060266
0.6785527337328588
0.55166359912915
0.48697894603080516
0.47840177057361905
0.5168414961407803
0.6089624543244019
0.7492772763562744
0.9126404112601408
1.0761848911681027
1.1804633022687199
1.1784950138745993
1.0782201097517172
0.9376296709756002
0.8892493431664983
0.9669572183506343
1.0794650112673545
1.0582389489839419
0.9536226869715855
0.9493907339481276
1.0514564361040124
1.0244494340457653
0.947570441705178
1.018634548972201
1.0275495658694969
0.9585894240680244
1.0278472826456677
0.9979949931019818
0.9811790812904392
1.0314283943381632
0.9675359634019618
1.0281958691242374
0.9755033149936034
1.0249787881305492
0.9772706155045481
1.02108086237977
0.9763847166634908
1.0227323449095287
0.9837734377638173
1.0106121151899938
1.0039050092923878
0.9851841242551924
1.0168805242741887
0.9911992234846638
0.989496835447367
1.0143814651314267
0.9962960705786846
0.9848040893964092
1.0053005041553273
1.0111215075020878
0.9941729793437419
0.9871315503292941
0.9991694800390952
1.0117523815495253