1.830179693246344
2.8988862621175913
2.593589399898052
2.4117038195285527
2.7061105689554177
2.6490176165995307
2.463424062768683
2.624477518210447
2.6197594989306823
2.5616313200540857
2.598248174748546
2.5059025894702445
2.6279618885821456
2.6146718978014016
2.5025400664466124
2.587256224785082
2.512265136162846
2.623350361985756
2.556013113514091
2.5298089171841864
2.5377307236456974
2.490930175183588
2.5905755363944603
2.5049642437367936
2.5903403142220203
2.4616419012090796
2.5442242062615295
2.431083607897185
2.538620039951694
2.441114524248755
2.550753642833234
2.4461079687445375
2.534057813620102
2.434278780724055
2.4850030645798293
2.4297656998109405
2.4190033475355244
2.4442987413048756
2.3572493152161225
2.4520978187267177
2.3360735218139435
2.407575039256261
2.376894125461206
2.3193990834173634
2.4121917287806958
2.294039795630463
2.3358553512530715
2.363262196852251
2.243161951142608
2.3297744369772664
2.3112856068081795
2.2039689617181937
2.3014618745259727
2.2844215523203255
2.1692399179045396
2.2555933058074453
2.2872791527565526
2.1533793601228317
2.170243698781789
2.267641421509444
2.1732381807157797
2.0593392315270798
2.136713963063181
2.205061655365122
2.094169009894201
1.9958525078057539
2.075025867258296
2.1691246388502745
2.0890623196395675
1.9310203060280728
1.906263522862561
2.0296639123399003
2.116462146666493
2.0348777072248994
1.861540382974001
1.7694020207392134
1.8341829382025412
1.9751207880130135
2.0524775639222965
2.0004380943449718
1.8506576904251102
1.67828043136821
1.5677614038959504
1.5782537380197805
1.7037110946487402
1.8735074451411027
2.018906494265832
2.1177687451095637
2.1411788428046057
2.06735044091144
1.9382206665008608
1.7764472180868291
1.5790976054065382
1.3887590873536004
1.2158123884699643
1.0485954374200974
0.9144652432132182
0.8034924042060521
0.7082380345095595
0.6462569351447792
0.5977004340034107
0.571929376789854
0.5707276187915271
0.5814920772491081
0.6223573106305784
0.6745362043388602
0.7492540726081797
0.8379889990897027
0.9286491645137714
1.0260232936539637
1.0962731821671616
1.151160018873272
1.1560146910750835
1.1290326542929017
1.0622057225943835
0.9872280795459902
0.9254810380774633
0.9066284767757523
0.9363145506109954
1.0004292442220757
1.05675088656043
1.0724101498988916
1.030945316801708
0.9736778242159113
0.9405277897028014
0.9735673684225857
1.0242225001405516
1.0515778521658214
1.011120323792963
0.965083382131725
0.9685534256871627
1.0146881221662698
1.0397100078626365
0.9963257001441941
0.9669086552227414
0.9963353356343363
1.02899740819504
1.0075805869638328
0.9707360992717914
0.9982952662252995
1.0289951878497772
0.9912439075205333
0.9778964358517569
1.019345783144504
1.009258231581954
0.9768582530347767
1.0083129067547123
1.0153310573718828
0.979371161984552
1.0046047332790082
1.0153235144301065