1.7605116796216869
1.7603202375741087
1.7597460658907746
1.7587896280399675
1.7574516967679494
1.7557333545436449
1.7536359941731796
1.7511613195762803
1.7483113467142832
1.7450884046572404
1.7414951367753895
1.737534502038106
1.7332097764011698
1.7285245542612175
1.7234827499540124
1.7180885992711987
1.712346660968214
1.7062618182340825
1.6998392800919389
1.6930845826974341
1.6860035905002946
1.6786024972328724
1.6708878266878824
1.6628664332461593
1.6545455021139517
1.645932549228123
1.6370354207865554
1.6278622923602521
1.6184216675427663
1.6087223760921947
1.5987735715204623
1.5885847280845233
1.5781656371340853
1.5675264027707327
1.5566774326282662
1.5456294482036
1.5343934545303686
1.522980747991668
1.5114029041554795
1.4996717683978353
1.4877994455487094
1.4757982885266085
1.4636808859304558
1.4514600485604354
1.439148794842725
1.4267603351367404
1.414308054907493
1.401805496749953
1.389266341257014
1.3767043867275526
1.3641335277164652
1.3515677324341406
1.3390210190087488
1.3265074306310238
1.3140410096076613
1.301635770356308
1.2893056713821196
1.2770645862831562
1.2649262738393678
1.2529043334440442
1.2410122300893314
1.2292631754379535
1.217670153903912
1.2062458742399036
1.1950027357140103
1.183952781738254
1.1731077198904174
1.1624787946406034
1.1520768480996963
1.1419121683238456
1.1319946043027924
1.1223334458168677
1.1129373768814756
1.1038144799772618
1.0949721944905633
1.0864172693117846
1.0781558032718948
1.0701931189920078
1.0625338017221029
1.0551816608464268
1.0481397088357276
1.0414101424607551
1.0349943264466832
1.0288927797447383
1.0231051645926033
1.0176302785293292
1.0124660342076977
1.0076095183493206
1.0030569037723587
0.9988035138187646
0.9948438167396058
0.9911714384152556
0.9877791789102431
0.9846590329318318
0.9818022142430639
0.9791991840613815
0.9768396834530255
0.9747127697113218
0.9728068566837444
0.9711097589884075
0.9696087400354623
0.9682905637429283
0.9671415498098387
0.9661476323824472
0.9652944219217018
0.964567270052533
0.9639513371477614
0.9634316623719617
0.962993235883517
0.9626210728666225
0.9623002890394021
0.9620161711563129
0.9617542789581969
0.9615004854401741
0.9612410793399947
0.9609628355923636
0.9606530909973606
0.9602998182937545
0.9598916981385645
0.9594181884873341
0.958869590865992
0.9582371130250534
0.9575129274704973
0.9566902253730986
0.9557632653694267
0.9547274167833291
0.9535791968165447
0.9523163012812511
0.9509376284758455
0.9494432958381406
0.947834649047329
0.9461142634406687
0.9442859363388123
0.9423546736304984
0.9403266648901271
0.9382092518006222
0.9360108876471848
0.9337410883380333
0.931410375058971
0.9290302087362087
0.9266129165511003
0.9241716108207555
0.9217201006293317
0.9192727966655916
0.9168446097924022
0.9144508439426007
0.9121070840023748
0.9098290794072995
0.9076326242367216
0.9055334319814916
0.9035470223024201