4.493877691649028
4.925516094647602
4.927445592772311
4.927661530908064
4.9505257873814035
4.997000224944482
5.036810104812744
5.031901406000939
4.997742900779388
5.0124328803845986
5.087691038520056
5.090166445972838
4.978060377930453
4.941563109082938
5.004032095848815
4.998411051000736
4.976612892766693
4.921106374234819
4.928354447851561
4.975502669872219
4.841641346303089
4.933665487751751
4.857521583027241
4.847183473020457
4.854083682279217
4.7906826978681165
4.827835966124794
4.730766665756389
4.8077935955556335
4.672396085097161
4.747761823888493
4.670764146425399
4.644709037565052
4.653572773115431
4.574900900770531
4.608956503306132
4.564895003346726
4.466878323787318
4.488214755932368
4.51574072320042
4.446365415931994
4.365666283368105
4.34746343517021
4.359254152709702
4.346491447292675
4.297395203695339
4.231608937818443
4.169366682787955
4.118679615465411
4.0780005002226
4.0420509864274425
4.00526830093555
3.9637117901214283
3.9179015215952266
3.8761749076139624
3.8524143788561873
3.8517089784308856
3.854102942982382
3.8246566510753097
3.749617138100765
3.6501108309738375
3.573156046003686
3.5788385617705054
3.614575915280229
3.503940271275558
3.3711934749585257
3.4420306998457897
3.399206658041223
3.22966417713083
3.303082078885284
3.2217757318967393
3.09476108519394
3.2006276722144698
2.951992145830314
3.1136240237118087
2.842685817950318
3.013904415185769
2.7293062230095493
2.9098713590507077
2.6453492435714505
2.713315478855487
2.7107553726499227
2.4050344408705433
2.6434349437951763
2.5400482029677307
2.1934763388737397
2.378929241533058
2.5540815291512047
2.2151168492386364
1.857331453603427
1.964214329155763
2.359230045250182
2.612184208669073
2.5198930105799557
2.1547730538514283
1.6881702558135496
1.2534983596196014
0.911920781141874
0.6735898012963182
0.5270287096808178
0.45804899294370666
0.45745468580513815
0.5214076272898246
0.6470307199276496
0.8234744283303268
1.0185978268433895
1.16917665538198
1.198872355111185
1.0849892488231498
0.9268553853679271
0.8902460002964677
1.0081013893360455
1.092820461213519
1.0020373951320174
0.9274860219244934
1.0330980017077336
1.0386031730302465
0.9437777095900736
1.0311961984619302
1.0064282150270243
0.9706759531618956
1.03880083897012
0.9624454857905544
1.0349886822229462
0.9682310615909159
1.031204326331314
0.970109846226372
1.0280707599967296
0.9775724168607188
1.0132816758340428
1.0011516941548964
0.9834392252684558
1.0223855939145958
0.9937593907452776
0.9830473089206578
1.0148435258398563
1.0101457842340713
0.9863745415241528
0.9907987523314788
1.0100656819078668
1.0146102390992564
1.0030735595420153
0.9902713113087882
0.9853517270958202
0.9877784347057097
0.993289446733387
0.9986137583447604
1.0024621112398455
1.0046676576589304
1.005205390794097
1.0037968127130417