3.161175595921606
4.040431214412387
3.9074426351840073
3.926975030603849
3.9474359079215717
3.9386074791075814
3.8753173360607507
4.016433077721502
3.8310258053072133
3.9449652295706663
3.962114845594279
3.8291961146279463
3.9196336314031806
3.926762252307991
3.871391214091289
3.8595487626056406
3.8498447702038447
3.8819294652150287
3.901485652709413
3.834269159740982
3.7656284068652828
3.7826721252800963
3.8382530006388653
3.8536960252518013
3.8220907692054054
3.7816550224989314
3.7556838593907433
3.740051919349616
3.72282680521724
3.6990803353876043
3.671335143596757
3.6442108417350023
3.6208781929648195
3.602680988355455
3.5901738907589347
3.5838214750015975
3.5834940234147816
3.586710870555808
3.5866028644233365
3.5721051268400963
3.53381829764953
3.475927287476678
3.4248215034862284
3.415547781229457
3.450240023245143
3.470584077120433
3.413201880350805
3.317616305477826
3.3004821331919425
3.349545676128791
3.3103988906531403
3.216096342511853
3.245849047674719
3.254152993619842
3.126795208908819
3.1605836887031433
3.1804390540245038
3.027125853121541
3.112814143862418
3.040158098343154
2.975566058226506
3.0331262277471542
2.887019486150449
2.984815805733285
2.814209692997234
2.9319654915633517
2.7376265343573176
2.877797339594588
2.6656224919326936
2.8022151987078594
2.6316235891319897
2.662750571252345
2.66583873992223
2.4837827166031086
2.644521442062388
2.481633465204538
2.389120711307335
2.5637388732355975
2.3728717079681023
2.2250314239920406
2.435144548446509
2.3941779469617854
2.091153665088942
2.0798806615412384
2.3159108682456355
2.3390461600277814
2.0549436005258372
1.777781404652548
1.7787058471003647
2.0330520517560644
2.3213185456782024
2.445914617735948
2.3454022355853246
2.0738720415557212
1.7260918458195422
1.3811061578898371
1.0836864111672053
0.8499504887852428
0.679784405608872
0.567002088162844
0.5052597361453748
0.49058350392829897
0.5215762815332445
0.597746252628325
0.715924718463129
0.8649830011046065
1.0205112938850356
1.1438113275842439
1.1917862226359097
1.1415133270964695
1.0201601829478886
0.91084032679839
0.9021165731682329
0.9972167471342762
1.0820371110902394
1.0456694253933352
0.9478123930558621
0.9530737114987557
1.046105429688615
1.0367857931614328
0.9520354099384903
0.991961640140126
1.0455888631837948
0.9732647735526351
0.9896822951684641
1.0332007219123969
0.9686938118568712
1.016226264270819
1.0032026292586433
0.9822227163678703
1.026649927983586
0.9714986708725677
1.0273068532406742
0.9760467033013018
1.0216135822684975
0.9802021194797745
1.0194699575753747
0.9810405805706544
1.0178424635071077
0.985997685554486
1.0071093070672548
1.003059945443631
0.9870701145097021
1.0179040770028105
0.987335006413597
0.999086641691806
1.0131997252984402
0.9886432373200525
0.9967309560561184
1.0119148951618022
0.9992361281125519