1.622863035638205
2.7206486277332833
2.1450965076318007
2.559354256302342
2.2864325790865534
2.412537796567523
2.397632962977552
2.3459406552257493
2.4028693654522058
2.38369563513805
2.3431218302897383
2.4118285969088995
2.352546003066024
2.35108412118171
2.4049274420855715
2.333451318753398
2.3518163531084455
2.4032021926355003
2.2974048574742083
2.3853654622032545
2.3255205211332575
2.3755271219783647
2.269841614455937
2.4093436763620333
2.288909918627344
2.3141890814178816
2.3448660922044913
2.291267774136458
2.3432766795557383
2.2382096953373884
2.3471135502020535
2.3030640673429668
2.226815162908953
2.3251326266891708
2.2432596622216905
2.278563065238669
2.2871428816307655
2.17674190286747
2.2787321846474637
2.276233444101607
2.170777195752573
2.2454973740258226
2.220865048133411
2.1430720983473486
2.2414087775556557
2.2334677497472937
2.107579228256546
2.156724016897233
2.2131823213114554
2.1117197759149104
2.099847606088064
2.200181234886702
2.1547226182097132
2.031155753636605
2.064920948774328
2.1526903785605778
2.0899199452734902
1.985978468979215
2.0299497786311878
2.1297789370679143
2.0922748359873435
1.9598991224792954
1.9246952279450684
2.017685434977622
2.077235827051053
1.9965459535839354
1.8636330596393742
1.8300912525084208
1.9204749855241094
2.017019605693647
2.0022217923757637
1.8781076777489112
1.7499127665809897
1.7192635233056353
1.8001459548653633
1.9201961941130439
1.9850246621035335
1.9439314882764214
1.81367286622583
1.6577110876757342
1.5457226723456365
1.520498664611457
1.5858110801115228
1.713659094068217
1.8611697717837146
1.9871981130846865
2.062860909852599
2.0749382412530304
2.0240479782785803
1.920354489230259
1.7790040414945238
1.616419065067033
1.4477047559741165
1.2849960342000175
1.13654980736716
1.0065500772665448
0.8957035634550711
0.802604494590567
0.725530092392562
0.6639641593991881
0.619048483413657
0.5926150338086568
0.5854105440831459
0.5959825166823033
0.6215057248260469
0.6601765552056428
0.7127742531101083
0.7808981294732619
0.8624807926242604
0.949012705067234
1.028452921486071
1.0915365036368536
1.1339567536321602
1.1516212945046094
1.1374501776755381
1.0889696751224291
1.019611001213332
0.9557251982888412
0.9188716377623526
0.9160548541398355
0.9464976104117389
1.00228726103027
1.0562553164005377
1.0714225344480028
1.0385769827729436
0.9872246237833712
0.952413658847272
0.9535496134680281
0.9935658279717396
1.041035985238164
1.0439411195660582
1.000317574223579
0.9646357228333269
0.971207928934808
1.0086542031910517
1.036872214374111
1.0140115908871783
0.970626966325855
0.9776499391334448
1.0169971844011543
1.0250002093209551
0.9950569839666806
0.9728512394365245
1.0021866911574961
1.027590079896205
0.9947529798199798
0.9783246684795148
1.0063911352752442
1.0190443891174357
0.990632839333949
0.9830765124356142