4.231965334478795
3.709310264313135
3.4958072333635597
3.596583664702953
3.7540044219752566
3.5873566667190797
3.509573430662911
3.6370191208583087
3.6153555139143054
3.660037340332115
3.6297308669901787
3.528369380150126
3.5705872825563847
3.5100680800241366
3.5921246302879584
3.5638271326433366
3.618125221163904
3.5818390654499117
3.610650505438252
3.5611150523890758
3.589468627037151
3.5322642014164725
3.5670896716344114
3.518311138476026
3.536904263736834
3.525316310594398
3.4958085412283277
3.5147941708495676
3.4605951684980214
3.430660161251367
3.412252371004513
3.3492324245194403
3.3371969911206976
3.373699216298349
3.3845752010609265
3.374338888260926
3.3475403668686368
3.2891166690569533
3.2497896558713415
3.277111753952081
3.3028436510405803
3.2448520160201055
3.182841857454081
3.215691258331669
3.2203904544621764
3.118637393930741
3.1128493163577953
3.1798899591024194
3.086920060894666
3.062421436174412
3.123766020001397
2.9966989814292306
3.027382795704777
3.0183823944921593
2.9132368266400723
3.0040597398806734
2.8565460277230206
2.944160875067735
2.8276740757885714
2.8781446603871648
2.792297659117146
2.8269461467253802
2.7342359842552617
2.791158947330528
2.647507194833733
2.7565963204901944
2.560700992801613
2.689738405470789
2.5571634693966163
2.5443856241442084
2.6233506501394355
2.4028169333228635
2.509639311587177
2.5011336317900525
2.2967599519270534
2.422589032765327
2.442834026147275
2.2000366801949975
2.218807738753438
2.3915780967414793
2.27107532850538
2.0226474213482843
2.034643408074496
2.2469923634401967
2.296770003045986
2.0495526751873143
1.7745774455015377
1.713789019403081
1.8912327605302797
2.1740194470967453
2.3514043742464423
2.3664974595645756
2.192327824708195
1.923113553288125
1.6002216194321843
1.3040332030829311
1.038496555089149
0.8377738412356212
0.6810845933361295
0.5805136872597733
0.5204382086324552
0.5013480505162246
0.5261382486412025
0.5840989383105757
0.6857960934003209
0.8156880311121572
0.956576823757069
1.091673428363226
1.1714420750936525
1.172893979011817
1.0992302900530813
0.9799021403181769
0.8964068663713289
0.9155792169989012
1.0131421303299115
1.0823451635970112
1.044718199410668
0.9553009187274424
0.9471393354223764
1.0291093667942326
1.049622449031755
0.9717021815151718
0.9626871951306563
1.03847826974498
1.0153185941874618
0.9619449641101775
1.0216040347186168
1.0146767534553445
0.965723814914437
1.0242440217624356
0.9933645575613202
0.9840611502932145
1.0236543095813437
0.9725749916599634
1.020614558505421
0.9837663330935714
1.0075437911728107
0.9943928634561897
0.9998340944455657
0.9979466054939801
0.9999702820611364
0.996020966183034
1.0071034857781727
0.990603345853577
1.0160299016165732
0.9849282985107289
1.0140820376228803
0.990549146981326
0.997095309943213
1.0115581131019131
0.9879972186828803