10.029742270878437
11.934284741780587
11.962297092714444
11.774393152111433
11.850674827401551
11.808164211222108
11.778553379476993
11.773867428727037
11.734957934520077
11.599482543177825
11.671662153515793
11.67056974139756
11.536760063726005
11.50448583429189
11.538573995528074
11.477190972647833
11.48038466309519
11.411256440853833
11.340290314276483
11.300504965015273
11.190849791015097
11.109611507883827
11.113255427827912
11.072383323566589
10.946430659063859
10.947082101976155
10.838188871934708
10.775927782196272
10.667299460390451
10.626159289747118
10.48325434754363
10.476651309441403
10.39857432949792
10.24810950558279
10.157522198798961
10.050600501524073
10.000355324696905
9.888417765547002
9.809728456349069
9.681973473901984
9.551871871117802
9.469088751433398
9.417908595471753
9.328101625579267
9.139992201204741
9.043354006615248
8.976620997814633
8.78254524228587
8.758693232270737
8.561582293239162
8.508220385229956
8.383077342506402
8.17714370975905
8.114203830848604
8.042309156303617
7.88502543413654
7.734237192795949
7.566636172345508
7.442154885245038
7.307853606603952
7.19989735482952
7.118169998097173
7.000324568978176
6.798670133085455
6.597040069833028
6.558494847277244
6.416713514501686
6.1963744327834975
6.180433295831821
5.902052218687254
5.884614420833662
5.6802405540307515
5.495226836480597
5.486968155682392
5.307467708503525
5.0638811039824665
4.882288362220265
4.770115155222675
4.651132986900355
4.516102038512211
4.335230863043836
4.146192295329289
4.001861200154162
3.9906849293771134
3.992688871692483
3.6490703122136163
3.4087700104812595
3.616351052897704
3.0437169767390393
3.355660990224175
2.6873961505687722
3.1862602019495356
2.5219362876526317
2.272287668878348
3.032466867266443
3.0645097718344005
2.2347011879351673
1.3306791943246299
0.7338448374494227
0.4382913336863018
0.3486373904096518
0.420261535778644
0.6396367939336779
0.9634142078038817
1.2191503941239745
1.154686900410801
0.8903637846401843
0.9635960765461002
1.1023972596044396
0.9137403392208762
1.070217741159463
0.941591888374974
1.0617731975010183
0.9522435565074638
1.0099844400450748
1.0372008389625826
0.9782413914017504
0.9652737667243134
0.9944761089465309
1.0161298280173643
1.0240428356720463
1.0232490270850247
1.0206602375225384
1.008529933407964
0.9913904425179496
0.9803290263469682
0.9954263236967499
1.0182046195656504
0.9948594573068331
0.9899923363217946
1.0134698191118623
0.9845912576856448
1.013603626587878
0.9892542553157662
1.0050230086399394
1.0074342475413016
0.9878857823885386
0.997075345806336
1.0090779135580124
1.00937443579006
1.0055701517394904
1.0009217381147069
1.0007056380389572
1.0030538879857926
1.0054944903965481
1.0085255791043344
1.0038118569165506
0.9934283433976668
0.9968722948901579
1.006557825019948
0.9938506520905087