7.072144123207064
6.479022123450993
6.530578149690013
6.486977747550472
6.420415443863992
6.5775409155009115
6.533804338518987
6.524355273970387
6.561820817147972
6.482132269205638
6.535476928724715
6.461916094284714
6.464854966772638
6.445169614626006
6.345843267193139
6.4026479014158735
6.370488769379407
6.334566516756817
6.358864537532086
6.326693995326224
6.279012338886932
6.24023678895341
6.188865627817515
6.218367310675153
6.213067215695993
6.179558203086031
6.176563406410363
6.117569347952083
6.111249414606344
6.0574459700234105
6.026983375086284
5.982924436136131
5.894304246466727
5.852254605991629
5.812912743467574
5.800950476806047
5.800714608947589
5.722595149028812
5.641858553305867
5.655206212581943
5.585665204717977
5.492827170337145
5.534736894855137
5.412465728531993
5.425276078523165
5.333127075093422
5.319863969007092
5.217097734421999
5.229952011293998
5.082270454467956
5.114130010951682
5.0299716395679335
4.933978595367549
4.960786528375386
4.887787147446486
4.752537042766608
4.705365426686613
4.7010172589390535
4.671595416027519
4.6154966851781
4.51021000362397
4.423493714202598
4.337632639317821
4.264867700943369
4.199191060471826
4.147596872650161
4.099482953520024
4.082549413605302
4.041980674020052
3.971879092766613
3.8352389386102272
3.6797896880377516
3.6573545070479487
3.7147025327905343
3.5707630206028442
3.382956011365101
3.4847257026104397
3.3310346314153136
3.182996254199769
3.2986167517680083
2.9745973643496826
3.1786963650818585
2.802579669020899
3.040659664470775
2.66752613138833
2.778971130458051
2.7617627564398037
2.3398064740885873
2.64734584342091
2.638805249000173
2.0783235147255543
1.9992853123212895
2.4721327316744666
2.785772408463452
2.6015590789473446
2.064005151930825
1.4767050846539422
1.001638683787303
0.6810262214592729
0.49655272938953243
0.4204889232187846
0.43457916298194915
0.5395842909694252
0.7217608687911501
0.9583788846268771
1.1594876619848413
1.208347055693893
1.0700335947237911
0.8944572522185223
0.9230574827398014
1.0831555022701311
1.0378763818214587
0.9231969917134123
1.0435757959349123
1.0133773071382275
0.9577059452715844
1.0504013728101484
0.9509301809418922
1.0436109171956187
0.9582302111999182
1.0372248451081567
0.970779373159993
1.0140392267754474
1.0123400539946805
0.9730943655895694
1.0184107084365497
1.011544120216537
0.9779559815121136
0.9915689531019212
1.016563488949516
1.0177706300468696
1.0022702012410605
0.9857266904495251
0.982980114288763
0.9836857072899371
0.9870376537789033
0.9890853386855184
0.9891492525679091
0.9872688527394912
0.9872139137116254
0.9866404988845249
0.9954120882204205
1.0057430474346158
1.0108395486442712
1.0044782475225482
0.991231617058894
0.9947434922960103
1.0089160786251166
0.9986805098390884
0.9929072053388519
1.0102100200605855