4.608701480610231
5.390109571807318
5.673645546739796
5.54853783939247
5.384850780922524
5.499532033349475
5.467264598437858
5.537858601362174
5.545730362457896
5.510885723967311
5.516018918718755
5.474284709356028
5.466936495944307
5.4700935810705245
5.427450173281462
5.475508475673188
5.422920676594708
5.4079041233040135
5.3977910662924415
5.310373298672842
5.2676835521591645
5.312594492438858
5.346640701160141
5.28613538047985
5.191501470694741
5.2015615827616974
5.24410878007101
5.166542590924359
5.155640176664484
5.180399780611586
5.073091784883098
5.117108261959987
5.035187756240413
5.040434523010414
4.988506279490418
4.980467590413096
4.90954971852716
4.924289523123835
4.804091042036433
4.849382033170628
4.772630770985106
4.734461040208712
4.766124254074964
4.660387497167037
4.591980237015764
4.630806940497863
4.603156874897979
4.510258664206814
4.441880355407365
4.394388197351653
4.404681639734008
4.391657015425757
4.359222423252283
4.31692028567295
4.258084154773272
4.209318564694223
4.162121808384263
4.114229995118937
4.088498838379167
4.035743437263063
3.992681885110693
3.918718598663497
3.8043990427572707
3.713693711212201
3.6888604647543755
3.714782920649624
3.686567456389945
3.5378539477236934
3.4472895164329147
3.5239541854191647
3.4410886216805525
3.262488815513605
3.3644068368883016
3.214249252820336
3.1356145069164807
3.1925305694564945
2.957329357396144
3.109672206995177
2.823040698447139
2.9970033141592687
2.7284784330217335
2.803934511487525
2.7503090203421743
2.4769263065512845
2.7453205058884045
2.4851006946415626
2.249529542847562
2.5570400004215754
2.520179271096287
2.047795735721367
1.8870031699893552
2.2303503774441142
2.614985127686558
2.633768018591083
2.306127895968596
1.8029316982424854
1.3230509013327263
0.9375650972382576
0.6776466032788271
0.5159212124253748
0.446106878785244
0.4482376482763323
0.5234070758931164
0.6709900695208375
0.8663714171165173
1.070785034341069
1.1997074570487645
1.171344884861766
1.0136101007026976
0.8855568963149996
0.9405039186727943
1.0797751634093788
1.0488365095666647
0.927434591938369
1.001161505407941
1.058572827381719
0.9493733165025403
1.0212302974207603
1.0151669880668017
0.970079330630064
1.0394522503577261
0.9636170492996362
1.037755754614737
0.968663213909418
1.029991076058353
0.9801864984731506
1.0057340970886637
1.0097050738389066
0.9759846557603953
1.0215212925969674
1.0029893115856745
0.9780268673058999
1.0087277068023368
1.0185108688416002
0.9916422470332777
0.981572725268644
0.9988482797654131
1.0121945395368186
1.0157828652342835
1.0080510334793247
0.9982475686194436
0.9929751784906883
0.9886391875244139
0.9886792637394982
0.9883201827675836
0.9887705969227166
0.9920798777011874
0.9935154727614192
1.0009108987115594
1.007261687321508
1.0091415207707064