8.226360665030588
9.17638105668091
9.179109928362873
9.080916231466144
9.112171292847172
9.18978716660918
9.054944350088396
9.068202116285429
9.06408208068868
9.047813336957594
9.102467737522252
9.039373541905517
8.947875865250944
9.045437526362388
8.93572787064646
8.87855907163696
8.952181532032395
8.874690616635165
8.84178474858615
8.743778242639374
8.709518086414064
8.692288964264923
8.617430170155387
8.581539614201175
8.556900893135294
8.510645144295333
8.47200591440531
8.449762537466869
8.393107605430526
8.282112457953147
8.230299950750988
8.235310186974692
8.11064651421691
8.080707240632169
8.03975762620626
7.956394472872985
7.908616319301505
7.818265366023636
7.727171039559867
7.737242834885879
7.58333127719168
7.511141370994039
7.4811942595784195
7.43343025175367
7.308418613898389
7.210162066243025
7.094344081704521
7.020056409049345
6.9401403565109225
6.841201600175146
6.760845331191686
6.706436743694832
6.665967950296871
6.6020754664655295
6.463689561920124
6.3100820585982245
6.281881266781892
6.218078115441611
6.028576899604759
6.038941662319694
5.852323401240907
5.820741706336945
5.639400405295774
5.655315823264007
5.431972084413885
5.403163314856115
5.345039424827372
5.127657860489301
5.03040552920772
5.010142620796522
4.954039905159994
4.828779579537875
4.70066112071573
4.566401737654106
4.456219413016304
4.377047294712849
4.310438020241747
4.229715471562852
4.078421305768839
3.8373183863164138
3.6782685813946974
3.75676187488064
3.655158996146141
3.3051559266374304
3.479526281762268
3.161665020421192
3.1787795927866953
2.959150272427544
3.0459136615856153
2.541222994925484
2.992619515485409
2.534359987190357
2.0744292033957508
2.617613202835047
3.0211281667873684
2.6470249451419883
1.869364101198139
1.1651294641439571
0.7057941291145865
0.4608705485856741
0.37594120015029375
0.42098802017743053
0.5879405249433167
0.8556836220128657
1.129716037184121
1.225863458126953
1.0476396299890947
0.8660169946063913
1.004878791346627
1.089150360873559
0.9181584448552507
1.046101896314738
0.9831690670116451
1.0114344116076979
0.9864478080454065
1.0286122816567136
0.9581606355264021
1.0371068370421257
1.0004977596799973
0.9670523865389673
1.0061790731296612
1.030804699813551
1.0135926576339391
0.9930422832800658
0.9794896757815458
0.9784915451456849
0.979298864592431
0.9794488628776008
0.9842486824667284
0.9955160444213081
1.0105147952321607
1.0173462992052662
1.0025113904127951
0.9847875954282825
1.0013021703201679
1.0114247787903754
0.9874720315483607
1.009405602453081
0.9964453563250814
1.0032002388142676
0.9947362152093984
1.0074016436943614
0.9907061660987302
1.0073318643082907
1.0018214120079036
0.9912105225474795
0.999501129005355
1.0092861164701967
1.0049808980131874
0.9994368472105862
0.9951776124824956