9.335345098017992
9.884786626039807
9.958946472927881
9.89206200799851
9.808152203044154
9.902451595720244
9.890041959243408
9.881317939805559
9.967513207158387
9.875466139011133
9.8304362411386
9.796437880497374
9.818400922426095
9.769301460364838
9.745514508472038
9.688233364971763
9.64499146149693
9.647175538965683
9.63440702050738
9.536386737884829
9.564141126643307
9.496715289946495
9.396557904633886
9.363150820673377
9.340451145785961
9.28630832285196
9.228649869450859
9.1897369489474
9.12562867530762
9.044891650777835
9.014568005041088
8.920986315420844
8.824474418448526
8.715129248439842
8.68830803630428
8.645071438018087
8.530780151542322
8.451478018352782
8.405931696431153
8.270576392871128
8.275972371568848
8.112959234573697
8.074337604421187
7.978499172310334
7.831628220616844
7.809909663574777
7.737658799166283
7.596574762918479
7.477761989246253
7.39170937923268
7.30583221973145
7.216367162717994
7.131840473929521
7.017422039973094
6.884272491734864
6.779994802155883
6.685323407478011
6.660765761302839
6.548160027399051
6.3632896883751755
6.289982344583443
6.2311592568270475
6.02081271624861
6.036417184287872
5.792246562935385
5.806803624752569
5.568543914485669
5.531242044016308
5.454305216306073
5.220915017048148
5.129647073149982
5.110016875185493
5.019947643770415
4.87046969885217
4.711167350968929
4.562541262143605
4.442191903250142
4.357905894070665
4.288504042129296
4.226805016268214
4.068548049760824
3.788863528034141
3.6357075951680184
3.7578980672557445
3.5065922697578915
3.2600583170077333
3.452514190379541
2.9267162315919784
3.257019431603439
2.6658612202670025
2.905500196294441
2.840308242286566
2.1235905888855493
2.4926574447114023
3.060464226290578
2.789304712589126
1.9843951943062763
1.2188199384959373
0.713317980980035
0.45168935976865965
0.36804190183069885
0.4197852394511239
0.6026914665934989
0.8916696905636985
1.1638187815760364
1.215944479052631
0.9876996158239746
0.8731537334770404
1.0712310775395772
1.0286330512341553
0.9343458516918657
1.074013750528948
0.9353475389437711
1.0566761508136373
0.9559704370916733
1.0177344914961293
1.0227581471897471
0.9617265928222755
1.0018215175597651
1.0335280282649435
1.0128862864050283
0.9855821966038651
0.9753467827515767
0.9759701010044175
0.9766268062621511
0.9769322344893535
0.9810859825268119
0.9876510032686925
1.0051900531255766
1.017381165654896
1.0059418355884664
0.9835692934836122
1.0031744652176244
1.0101150723042733
0.9854994234588533
1.0134018858269218
0.9895930478287663
1.0109073049620803
0.9874148764537914
1.0087051046270201
0.9977903254891329
0.9904988058992843
1.005966635760732
1.0068640902533021
0.9966201604241266
0.9914933286352882
0.9927460687830502
0.9945673240171018
0.994685451223311
0.9952771033108259
0.9940533395494251