7.499144525559605
7.686888010147659
7.829269198040561
7.747339052015258
7.588021187325743
7.708103086753519
7.631210632989072
7.732201985547138
7.65016157040442
7.715647057255412
7.624179140287785
7.618224544870585
7.602519222613524
7.526789367713645
7.55048268260386
7.613016145047609
7.5761579017990135
7.460790681810276
7.437532932328944
7.467590379502208
7.372484591566211
7.382801846203447
7.357336719147403
7.287006818295778
7.29045002802077
7.210081795810083
7.193607568278916
7.186786778796929
7.100163982485921
7.1198839584620695
7.038616633885111
6.946398316214831
6.947921050242412
6.921927484221016
6.8806930215573905
6.804007839344943
6.70880128849408
6.660705354559566
6.5834750038309675
6.540568616120857
6.478994722066163
6.417526798267575
6.394034609914949
6.352129885607731
6.3137100014132095
6.250911741891332
6.132132532834917
6.051022691701628
6.050693550420646
5.954584523578706
5.831601347723574
5.856910281221149
5.705874732173344
5.688942978661222
5.577235877951645
5.540475043025853
5.408147521064198
5.427966113186184
5.253012065051358
5.241621424039492
5.188452887955705
5.014233601224003
4.952539794650857
4.946319197644092
4.885282832185554
4.770407008391549
4.625394758852646
4.522516543543099
4.414760263949318
4.336153463698654
4.239826484227685
4.164996421401136
4.107583811653922
4.072743498382965
4.059156866682349
3.9705201481170236
3.7554520632787978
3.6017148163047445
3.6770619718732434
3.5955567910989052
3.306652979997572
3.44953632970881
3.2132475490610273
3.1553853342058513
3.09783208401956
2.961412636932988
2.8310387809756494
2.9439091568843603
2.4368464532770613
2.7973894901599166
2.667052734034878
2.049552244623953
2.2181822709954404
2.7855949636401873
2.8509659994528542
2.35228542458446
1.6570603123605645
1.0783276193667608
0.6894039146067961
0.47891728337265416
0.3966396529964236
0.4265676020516582
0.5604264051475589
0.7841873018574197
1.0479916670505063
1.2166031588725015
1.154257427520384
0.938759169224017
0.8879938362657882
1.0676643490409665
1.0539666041236146
0.9198258300168459
1.0558332536207555
0.9841061033567481
0.9953462146562555
1.014491195689377
0.99182383835503
0.9994108105645111
1.021598764402356
0.9650801217592752
1.0298915745410604
1.0000816871485205
0.9722780200642409
1.0099261739951357
1.02527364989771
1.0040140728241578
0.980332907750868
0.9785999760550598
0.9850324451284008
0.9930942484325901
0.9965820534949436
0.9978846143426936
0.9926661390809567
0.9893228634706843
0.9845888653587018
0.9871842477519374
1.0023587014676727
1.0145548872933725
1.0041710754204562
0.9867324185833427
0.9996188748613255
1.0098230969453066
0.9895209396222031
1.0063004631134063
0.99937681807339
0.9989071867703959
1.0019017296808346
0.9992209341216851
0.9960844331389397
1.006254130819139
0.991760343118925