9.165826901013821
8.333292075947627
8.406376467616376
8.479559839255781
8.298960071022435
8.432564418692515
8.373752519620947
8.389800923062191
8.388071614443426
8.288856320380237
8.237950728837555
8.261444524171049
8.289381781590597
8.28563815310964
8.257318210314661
8.223167584771664
8.199638407384155
8.193932827817601
8.187622748074235
8.136540730446361
8.038102754755304
7.977673766368585
7.9775057444844535
7.96003533203578
7.931104379950873
7.8248319549747745
7.832083392451895
7.786490635487045
7.6997945632229206
7.703173651785656
7.60770074342659
7.592297141180852
7.5046149292909075
7.471214500482358
7.449974371484472
7.308385211336021
7.26951534571902
7.274418278798564
7.2027248547042175
7.09587499221131
7.012583339191234
6.954597808402122
6.901369571080151
6.838846107219814
6.76273961269886
6.676736218204834
6.591588933874505
6.516881612815513
6.453770572758726
6.4115469435093155
6.378806140509343
6.257957566734542
6.114718305420181
6.130662536599032
6.018681597873074
5.891693489349339
5.892253179267318
5.712641286299341
5.729920125645733
5.52849159240036
5.561656208986513
5.392158379013445
5.290638577452479
5.298992945219553
5.137554792226792
4.995032985058784
4.967836186279164
4.93953460188438
4.8482487202338715
4.721095986871581
4.594197226625081
4.4815952479928844
4.384390623441549
4.303698767103621
4.243832484010258
4.195391637348666
4.1026383082182685
3.901198034745621
3.6935502775986166
3.7034441452022975
3.7352695093741404
3.429843888624297
3.3760910856621726
3.428511980554971
3.041554003742073
3.2926970043004884
2.7998068092062827
3.101041871715166
2.669053104396081
2.6429482208208306
2.903191399707179
2.2486221718025186
2.118842907032847
2.7192043851479606
2.9549994902611503
2.500189467049346
1.7626485629546895
1.1215015866442801
0.6979572023167653
0.46883859179157333
0.3859772221257941
0.4228072370953818
0.5731237864457062
0.8206445525412919
1.089819858897893
1.2257186157133988
1.1075277890915391
0.89198664433881
0.9364887516152373
1.1062252498683829
0.9720659655971057
0.9667472493656528
1.0606123508868859
0.9403600027972512
1.0565955525048984
0.9495865068014259
1.0433073934847084
0.9777235487443084
0.9907178810942033
1.0345125018960561
0.9794946934741808
0.980336389969322
1.020221355408874
1.0245391694833408
1.0022394260650092
0.983928958143509
0.9777909292873236
0.9785504376695768
0.9807295231538812
0.9820397890753716
0.9829028475561898
0.9866259238506413
0.9979402961055401
1.0132566693914613
1.0134345325123515
0.9932314668181369
0.9887593085381504
1.0091215418924069
1.0031522927308414
0.9893472559074507
1.012014698555092
0.9891895763880756
1.010071499115841
0.9900096939321358
1.0098828503670048
0.9917468443097688
1.0041257886712767
1.0033598418971181
0.9910699090916779
1.0008942433617225
1.0091562770343547