7.416476136920681
5.79905551701412
6.14005357406976
5.901801843390227
6.017990517437333
6.03840067558462
5.878128484757808
6.041409534896666
6.004792021691354
5.867557223786533
5.935362670726549
6.016061643659667
5.956904958373655
5.859050067629709
5.8242958525461646
5.84536327530919
5.875087450665275
5.886995243541106
5.87964719305098
5.860941935391056
5.837588899492526
5.81225053723592
5.784079580990193
5.750179765967213
5.708056566568883
5.659636968300103
5.614918207626553
5.588859339579386
5.585867773044004
5.582386329197672
5.541645004042035
5.474344407426624
5.450518587122998
5.457624031348302
5.388030749814166
5.3414714830916905
5.357680190934412
5.255352655112547
5.274819319015524
5.192716782768696
5.187431888441264
5.110642258770235
5.119814517321023
5.0034977489393295
5.053922921108017
4.925362721385283
4.906612838442274
4.921105453915255
4.785418886442607
4.741448113710236
4.776719030735507
4.71749544197561
4.594865637576975
4.5182589509331175
4.502959942426052
4.501448690617747
4.4794349258886745
4.43363139538172
4.375097937353018
4.3145318787527875
4.257764105098002
4.206134718347572
4.156747950826807
4.10135430036436
4.0266961632930025
3.9232019901525397
3.8060449390364255
3.728322917831653
3.733392397230623
3.7505798639776917
3.6355809606732645
3.468933112664438
3.4992339699943535
3.4995938731481515
3.2713103143100213
3.33258551813316
3.255018785466857
3.088704189464495
3.1990461587825574
2.9112388196360937
3.087453230794807
2.770214045767285
2.9228101646978857
2.727848482927482
2.598714260475475
2.8158892608520607
2.3824625869528253
2.401032686921094
2.6925487099515246
2.338407066084886
1.9157230081844008
2.1007853216349948
2.566589455703745
2.73325470730649
2.455303264526256
1.9319262031506501
1.3953054029547232
0.96845373147812
0.6778576724125431
0.5068273650876016
0.4328135946163008
0.44240409493056015
0.5316639027352122
0.6962814524631941
0.91258206480595
1.116905231959546
1.210394211435697
1.1273590433585414
0.946641343785216
0.8832925697740077
1.0166914602325452
1.0934020909249857
0.9649661769420811
0.9529574642142711
1.0671599629526454
0.9687709750166339
0.9929243514368448
1.0329181062179495
0.9591818645158865
1.0426818302647567
0.9604103686545145
1.0368673848288414
0.9699047983280862
1.0192889649010914
0.9994229382000094
0.980765009110782
1.0286460741219736
0.9871765581055176
0.9837347550966306
1.0214129048648315
1.0099321672896397
0.9816523674233775
0.9851423591513585
1.006427482065452
1.0179503293662355
1.0146246095918814
1.0050745689613767
0.996740413492477
0.9919376262848683
0.9900770701167654
0.9900952092205448
0.9915015940865671
0.9944510575009099
0.9992406084348705
1.005278674907893
1.0098929492982818
1.0086960411086583
1.0000162349112727
0.9912862724157144
0.9949201460838386
1.0070723462480358