8.579019491298281
7.303547121006017
7.253782379041322
7.2072598043561
7.128699230558705
7.027442015220348
6.972702493816973
7.037756322060509
7.143350765782207
7.085064971157154
6.949740243114937
7.035536756188995
7.057544092696588
6.9130025471970615
7.025206422551479
6.912664381283506
6.94703431051427
6.887115266939337
6.902407254307842
6.821518855710946
6.8701014777860525
6.763370901263833
6.7829938533161425
6.761849135147122
6.680840498500025
6.672822632918182
6.6672277029719424
6.611539708044975
6.548657256876323
6.509948493836766
6.487029882784851
6.463596922793484
6.433000963809865
6.3959452929934795
6.3542677403780905
6.307278891940023
6.250788686953204
6.180244755810537
6.10135600716932
6.0417548435219395
6.031032257195436
6.031788252603408
5.946126182231302
5.823680165313963
5.834992000950287
5.803586665194179
5.6520092675359495
5.695888302533143
5.563903307383882
5.544679615202033
5.459740553078656
5.42501626969918
5.311801278451016
5.3327767101052395
5.160454054587756
5.1767901497042885
5.116097179446466
4.961969326626048
4.9414726609611
4.936246808986233
4.833662029538781
4.701032773634013
4.609430930575782
4.557234379866418
4.5153802395122575
4.465613114694907
4.403511909675941
4.329344328205667
4.241703910748315
4.137411288237213
4.019612480614561
3.912989916300201
3.864178310451854
3.8815713017228477
3.848142227688588
3.6488042403195964
3.502545859776246
3.599866272209007
3.453701326730805
3.2470453209355146
3.404828795728441
3.0557126661309404
3.2237711525401744
2.892284660626764
3.0883920176017146
2.6565286288399155
2.9699961034733673
2.5683238131678126
2.481350086244803
2.8178905112339083
2.355915370111048
1.96817596733122
2.345376645988223
2.808041796257721
2.7365723780717257
2.207838434487426
1.5664268674663426
1.0392440254400164
0.6868297261989457
0.4881761947961121
0.40945395147275176
0.4310753857581214
0.5479489879044765
0.7522783738637261
1.0015244895778799
1.19094666274898
1.191681795782603
1.0042277796673247
0.8714189495388476
0.9940751039277028
1.1010618180195113
0.95458268875913
0.9717718497836395
1.0652493646532135
0.9391673156477656
1.048675986339665
0.9636902254087863
1.0339224976893835
0.9648695185088004
1.0394378646383933
0.9646640171517114
1.0178649754297673
1.0126690294172425
0.9704448936585299
1.0088668790579538
1.024097821406847
0.9934517413796615
0.9774823984443867
0.9897813883909862
1.0076398669774347
1.016806138504255
1.0178264169184161
1.0157241374320831
1.0139465857406509
1.0136288535620086
1.0142488421098943
1.0138805489582148
1.0095628094878477
0.9997046061831986
0.9891756381428881
0.9900516259591358
1.005224198991987
1.0107377173089669
0.9931850110752841
0.9940494590806349
1.0111435030278813
0.9923260308916639
1.0018707460545613
1.002576709746382
0.9953536430694695
1.0049209486134327