19.887453072233402
17.761067945833158
18.195786297238886
17.93887034012129
17.944915601885835
17.94741054989295
17.844224773185175
17.776741778749752
17.747549233830338
17.738740191498668
17.732923165244074
17.665541482358755
17.60695612521202
17.65476595415803
17.462263672123058
17.439355416810244
17.362360257910797
17.235964425463724
17.22226936597912
17.11574640979642
16.93429903961226
16.85490753057453
16.791505598024642
16.701733410936757
16.60391728192093
16.49274240392368
16.329475628278885
16.150174645424382
16.019876098282467
15.912368843216784
15.795425712128248
15.579936781198503
15.497832850119062
15.316723071331388
15.150398034673012
15.03975565536334
14.833610352004357
14.624460821636308
14.449671463818898
14.287487473685594
14.116611905586538
13.92710355721162
13.768529431375768
13.65476824261065
13.40623586591311
13.190576443419472
13.06443181409984
12.784577100509946
12.68600630217348
12.406012948216471
12.187328988274489
12.052123482005964
11.853646810610153
11.619484994796247
11.397030936223702
11.199337755412467
11.013078566411583
10.804115197194353
10.546659615219747
10.262986465847066
10.141577565293419
9.868510978517152
9.671714589029396
9.418305764304122
9.269927750452846
8.93927529234115
8.735925445139562
8.590738400326194
8.397400364944417
8.174402976112198
7.9538622087260284
7.732723602947122
7.456894337657678
7.131666108585516
6.966923957841596
6.852493357752088
6.457110988535376
6.416666228820399
5.996939024063099
5.983491514150592
5.68123676106512
5.328446232996371
5.181579151486433
5.0694759700265815
4.904487797879217
4.686228477427496
4.396414559133142
4.0260706648550535
3.7811294575308945
3.9357544658430306
3.588349568990129
3.1614591062120794
3.403276916325506
2.8195154194624132
2.5275985046110834
3.4501644673341336
2.9443567088314104
1.6953376967548044
0.8088840955056174
0.4062106831171026
0.31104820630617175
0.4312487280718583
0.7492007923286355
1.1389114165325465
1.222632977796719
0.9088168858788813
0.9734451569735882
1.071549947043916
0.9429010696016121
1.027356128811289
1.0280744301661784
0.942333983894444
0.9959398533586824
1.0401273642998956
1.0413237766871613
1.0335252625871991
1.0319245779068444
1.0313030826890233
1.0119437342426614
0.97737156738286
0.991580599579817
1.021595289863939
0.9803723152463342
1.0184090096613267
0.9805644863318854
1.0149027537927757
1.002924328724248
0.9851977997739938
0.9940733231906236
1.005086938332603
1.0088425020798844
1.0070537118618275
1.0011874762646937
0.9929371755428967
0.9899651249589386
1.0055868531211454
1.0046006299266983
0.9917134273697102
1.008212817617502
0.9928644194860677
1.0039377861341021
1.0049400237231925
0.9926790421470595
0.9937047596765272
0.9996371698528258
1.0030769023275343
1.0037657555668207
1.0010928201892706
0.9951885050746708
0.9943222120250514
1.0025461123657537