12.026937402508752
14.120803680493472
13.911746865589912
13.940545502751144
13.96118912219965
13.935849602650164
13.928739286334787
13.899868568472137
13.854254815643394
13.813244391387373
13.788935969731947
13.786419384304626
13.782783048562193
13.703560316013485
13.549671728148986
13.542678739762408
13.568638152870808
13.381759397496864
13.438405149316214
13.266383393051921
13.28547058436382
13.168796988479443
13.07123044463426
13.020289131805205
12.954120540098106
12.875053955749548
12.78995806460727
12.70259653462007
12.614836633773697
12.518534855066369
12.390770551967895
12.229964533201953
12.125883921703814
12.105187256136375
11.930811188180256
11.806733315730753
11.738333815066452
11.567245721257247
11.462929193080077
11.374906678399235
11.180993524132205
11.05945656733727
10.964963989188982
10.847889258346353
10.714594847644426
10.577728530957597
10.440797403445316
10.295160350620918
10.120525592667304
9.920813329338637
9.782344168131752
9.719264701250474
9.499876314115243
9.33964817708812
9.240030954803833
9.020483381265295
8.894991305331274
8.77172098052465
8.52061297842356
8.39373713392592
8.291723691304162
8.137680232614716
7.95943680433489
7.786433263550602
7.6282772908671985
7.480819114034244
7.315852694911637
7.087161011151169
6.844006432375044
6.761664814219994
6.638207244927804
6.32556701647748
6.326024279410645
5.978661090195807
5.985083989275873
5.687808969300236
5.49302617712006
5.469108097503737
5.297455381668791
5.037520731546637
4.802069167573951
4.605468487026594
4.436901540879208
4.312040584352924
4.258865088830919
4.197580062264119
3.876221902544779
3.4885221888971505
3.6932959716344445
3.3023995153405403
3.196427935176895
2.993072742189775
3.1192325193877433
2.240634626039693
2.874401923412404
3.283153739193453
2.5054436441851298
1.4608428419284882
0.7597067140142824
0.424204781954285
0.3333442890814706
0.4225740407202228
0.6792135910450477
1.0368469340572473
1.2446315361073377
1.057062869656575
0.8606999531484577
1.0833752966619221
0.9843734952382344
0.9989622975030701
0.9946937792092055
1.0351044032694239
0.944673757366778
1.0309460292313588
1.0358775883385227
0.9821996075094832
0.9623525524173078
0.9688556463674819
0.9765148275604886
0.977156872908164
0.9740641301549166
0.9785206388028775
1.0013323989075182
1.0212380510506367
0.9965251268402217
0.9867753041864454
1.0174326225258226
0.9836322449678309
1.0159456531334552
0.9850924122352177
1.0085020063346133
1.0064513598242617
0.9865607138094499
0.9942199132401844
1.0076381119952442
1.0121855679152798
1.0117349462462095
1.0110264473123969
1.010478537180122
1.00697743441137
0.9978738688559982
0.9913955361033181
1.001537538210559
1.005912839064375
0.9926576358026391
1.006618336985139
0.9936010162231246
1.0069392962653247
0.9939870285524613
1.0005154224562456
1.0066036930085702