17.26163138101852
19.426674898527022
19.524343582386503
19.601937629900107
19.584814892963855
19.515007749217915
19.50930179325182
19.441969520938446
19.434309797806172
19.375269462376306
19.259726469344457
19.27490168362106
19.253748113389143
19.16620070030893
19.071946802240955
18.997462182868098
18.935040899842488
18.83178961484888
18.63879568025051
18.52292284915581
18.521637260361864
18.289610080358116
18.275059778243982
18.057079100137706
17.976236639648498
17.86850316537149
17.7030788308302
17.542274779601726
17.39045403824837
17.243521063310286
17.105032280893038
16.964773382225722
16.771889797512483
16.5488200990612
16.45120415094249
16.223548834771435
16.073171178488522
15.833477845824332
15.738067443259288
15.473113127439735
15.233123940022107
15.060686044918508
14.884069313004188
14.680306413944992
14.450965025456716
14.212319110086664
14.01781021593668
13.865443182106027
13.592749709995317
13.374498738430677
13.164506064390338
12.939451983026553
12.660912365114473
12.501940623741316
12.276405123834541
11.997860075010918
11.73167597427918
11.485930984607094
11.259134313603484
11.06272885387395
10.873286161642337
10.578545008135968
10.259046433547029
10.146403921727176
9.778055500351304
9.660114003338043
9.283273254722753
9.108369798357753
8.930851205531967
8.644238871933803
8.352671157864352
8.092682249245085
7.864219085545872
7.673004204370082
7.481823114771457
7.1611523220289435
6.825465268834804
6.767233060675763
6.350763062593341
6.296741439460784
5.841592439670708
5.775088205269745
5.611826804356682
5.242862620039874
4.909255952139553
4.643731573183551
4.415348766007898
4.2633842863977085
4.250496054898945
4.107753798628216
3.4543471246819464
3.536770047893949
3.273676721362099
3.1229400015701634
2.4469933162887827
3.446234073086801
3.090401187506694
1.783289611933242
0.8276827346402713
0.4008168808927032
0.30550012066988025
0.4366645314068036
0.773516692888981
1.1685630841375534
1.1982639460898532
0.8733982425092743
1.0335620493682913
1.009409071247425
1.0091515138623275
0.9549863634586967
1.0664265165135736
0.9999965400642736
0.95185881528138
0.9606743666423635
0.974506531634061
0.9752072334988053
0.9684347951097597
0.9753171009156298
1.0117731724186696
1.0199773704876531
0.9771674299684988
1.0175526071414476
0.983868708124695
1.0184319142597298
0.9868454888087383
0.9926436121582741
1.0124096019119082
1.0144147112829613
1.0101905031704528
1.0090946098056637
1.01178288295519
1.0123303852059238
1.000489337304771
0.9880675772372689
1.0064476400679443
1.0001747230658373
0.9981577144401476
0.999064941840315
1.0069084614681694
0.9917449499454056
0.996540209079684
1.0049562333621456
1.0072356643318143
1.0070137886206354
1.0063776389247432
1.003607012444295
0.9970043645640687
0.9948982185926145
1.0046759514412593
0.9986521012170826
0.9998172013382719