24.883345929926673
27.750112055930337
27.47501725973135
27.582312362415912
27.434269886375613
27.355813860917213
27.396122247092574
27.33406336132657
27.205541842097002
27.18932025647515
26.975440828997538
26.962588513343523
26.888136023381577
26.675177947221055
26.66931354842908
26.461409466196397
26.39350666081048
26.25565280436387
26.048378382770856
25.89077958745041
25.756544568626264
25.5610344462161
25.421258601439842
25.121231118366925
24.957098832781842
24.773091488218085
24.57246142829631
24.298582442537768
24.13478744721275
23.903669203979693
23.62480306238906
23.387990049732068
23.156160027324997
22.87417731681898
22.558534600491782
22.288086367531378
22.053731522812
21.685760502778546
21.45881245349107
21.17585795223647
20.81013889163011
20.49620586112345
20.208862818541057
19.878958323402927
19.567126402414033
19.299446563946386
19.02046903122464
18.582876724237735
18.344702041579076
17.92422652336194
17.68263560124031
17.321348575741908
16.91449520252486
16.555007720325843
16.22133076495105
15.869527008341123
15.577749171879846
15.274007070575319
14.848132630532769
14.52494963088945
14.157928652763928
13.848012724275613
13.394096608290964
13.080984870733852
12.792018913891466
12.458247227410245
12.088307639465588
11.699563839155651
11.27203570852467
11.009680715156394
10.704522577650502
10.240306903840755
10.001801103922249
9.645023510563039
9.188604328324272
8.885112699803711
8.607049106610965
8.277332780844361
7.892101626282419
7.508605174017272
7.289570718929477
7.073276636234089
6.525827670433041
6.477867966526012
5.939550511223726
5.635617747470487
5.545186996729273
5.311060495660617
5.024891403414989
4.7707579180053425
4.407533409676927
3.7462846827523926
3.5625401618851655
3.772968735001349
2.7418160848658433
3.1724821560816783
3.6397147613078964
2.1862276723131537
0.9158948663566189
0.3804847574721379
0.28152487112716085
0.4579135228725575
0.877516085425469
1.252670677206985
1.0428785860642256
0.8951776040284571
1.1014424540200247
0.9480031847153078
0.9753528926997939
1.0663197487468314
1.0384020488855787
1.0071224032026451
1.0035453733957749
1.0234690921257426
1.0359248709853905
0.9970194681898892
0.9767144060377219
1.0262163906841804
0.9768339358699704
1.0135013068547163
1.0128194924086467
0.985682668345934
0.9808546379857289
0.9839306771480092
0.9846561012646021
0.9862936965220185
1.0050716004442
1.0111527646062646
0.986673718479535
1.0119249743677559
0.9889422777856691
1.0076924312766666
1.0078844001192615
0.996130754295751
0.9911642812836782
0.991936878452596
0.9951677220549064
1.003025246581423
1.0075512947646807
0.9942802235342756
1.0028619852197695
0.9960057051441872
1.005653513341767
0.9941869061838549
0.9949005548459428
1.0006813322169914
1.003462809323817
1.001566234706654
0.9978879809032982
0.9943995838258981
1.002250443965401