13.459483986044797
15.271782835611651
15.387851288062656
15.233501471608259
15.194827562375568
15.231961930202457
15.051515856062462
15.096348911034461
15.091952792135201
15.016085468850981
14.997023824119145
15.03620876812041
14.878124685200333
14.861647303618456
14.75517585782991
14.694300605666053
14.690820885913636
14.65958596631711
14.589439322214048
14.451615946753716
14.341092138543864
14.342254215658759
14.196856174488033
14.181695073140038
14.022282962366042
13.97472742671875
13.822495767700387
13.727387065330674
13.644076991357675
13.586306072680276
13.434589570994905
13.324337784976743
13.216552926509955
13.084179715599191
12.958923992774594
12.803646470135687
12.632726980127105
12.552579108055253
12.430438705724086
12.217314928594956
12.148839370682712
11.924490107010607
11.850887055328334
11.700390739891903
11.468375319793767
11.356395463690237
11.226807567756802
11.105319056370439
10.93382947274044
10.769720754588201
10.61489486741064
10.420442907925494
10.190265076135846
10.01057322392608
9.922062270940575
9.699333337412714
9.512515855064457
9.393750252718968
9.170840937403307
8.988709858676405
8.87497626289074
8.615883882142752
8.403400569976418
8.286841090809089
8.13457687657708
7.97699037176677
7.788344558184711
7.581132600584336
7.349625195112483
7.106204073292272
6.963831606360449
6.885394979629344
6.572428614236892
6.438353802834245
6.249293641156809
6.063586933884928
5.8026051915655446
5.787957810388466
5.479097563592894
5.199191444873909
5.0675395153177485
4.968522742245866
4.821068861910631
4.641334902473638
4.40014473469372
4.090776451283327
3.8488953119516824
3.9078533236859907
3.8381854565557045
3.233376648189302
3.5475982595045688
2.874114201049082
3.345521227979243
2.3523913090761654
2.754708708006806
3.366423344407926
2.6486300442938897
1.5360007818059904
0.7735157012447418
0.4175613543848898
0.32632175540316244
0.42504412084314824
0.7006355041600287
1.0725376669993336
1.2474565203572932
1.0050743340545396
0.8801546995769413
1.1151141378608262
0.9267990091621096
1.0634345162672831
0.9343043150563685
1.060477680236555
0.9916231905385758
0.9531992872252402
1.0046033619677217
1.0341575846093225
1.037014635940343
1.0321703606649215
1.0292482652603847
1.0273869892273633
1.0118033371701367
0.9832917591229506
0.9851328052983428
1.0204025925395526
0.9927543808011404
1.0000121899281504
1.0031881661606796
1.0023777140397703
0.9878233898677142
1.0153130527447876
1.0008021851043574
0.9867172926575873
0.990988194488801
0.9986047640063108
1.001214277763766
1.0016965079922215
0.9966014445689119
0.989919384374239
0.99212016492263
1.0058687424581887
1.003895283926926
0.9908509508041823
1.0073916364152835
0.991974528758342
1.0080382958906844
0.9937032771215984
1.0008745867100046
1.0065426509277924
0.9981289000467712
0.9932652162286103
0.9944214129661729