24.232573257581933
25.228435224155483
25.19548000602288
25.078158767834054
25.18705832599474
25.14157836405561
25.14648396184338
25.102013105713635
25.024021816338013
25.02605593238624
24.88176694176885
24.79738920197169
24.753331220113623
24.587864002755552
24.48754238104724
24.36109784242049
24.241446347981345
24.142320775878243
24.036654563972913
23.78343815567907
23.66805730300566
23.488281162506198
23.345957844106838
23.112221332569167
23.016253673075234
22.87286158992394
22.633388420229636
22.42208042166317
22.239308926669747
22.04329973521365
21.784832588273158
21.518437703573202
21.363593532957353
21.08998852739501
20.881092194003454
20.572274542600123
20.387824921722686
20.129259767096375
19.842790108191572
19.581642333521277
19.29771156026434
19.07187516231832
18.783638928051136
18.414549376878295
18.17236510312744
17.905871401150474
17.590139225614678
17.271771488357263
17.04041158384942
16.707157599169722
16.373718335667526
16.039624419413812
15.741333626853951
15.454688457389683
15.207624571222409
14.849946790560955
14.45741682889571
14.251535135113238
13.817699943761607
13.599209693254863
13.253297563360592
12.864058823704015
12.547063510086835
12.22944812188584
11.912942507674522
11.558579801098215
11.273503654073565
11.0526682639863
10.657532286624035
10.317244680997026
10.045048140684434
9.734004488670509
9.310673539386503
9.086957613501859
8.846405780105293
8.54525650985166
8.247311502731954
7.909116597547016
7.504903163033866
7.133273025257856
7.0287818299140605
6.570969330290196
6.411110924732836
5.916326232127214
5.87111910142238
5.593978099699979
5.164248847682263
4.800016383231028
4.533939777067928
4.38803295976148
4.355602916966071
3.891289312491757
3.2474746916498693
3.7695293932775833
2.5543349070524535
3.2731577736519992
3.5130034793374483
2.077985310216471
0.8909057067380319
0.3855605497620109
0.28627835791813416
0.45262770138623665
0.8495725486727378
1.2378107868082373
1.0889002734686557
0.8647554072578169
1.1226737569465457
0.9088175051180484
1.0444602862125856
1.0460282157874472
0.9633734460807989
0.9476238563761328
0.9574016462503334
0.959257382592561
0.9689817352602862
1.0048643694609167
1.0292479809869277
0.977637803779839
1.0153811961632084
0.9850725162127356
1.0225663713404658
0.9889722408709247
0.9827435153713853
0.9971703332275575
1.0055774691212358
1.0024106101690458
0.9947542318270179
0.9856203542975555
1.0000415773812754
1.0105806336649816
0.9888201479037785
1.0118904655386327
0.9929557430087873
0.9972528461988327
1.0089073339704464
1.007028057441987
1.0039768006700684
1.002654721126824
1.0072678837989935
1.0070458506190227
0.9967959656266476
0.9957791207921645
1.007349421844089
0.9940297460835301
1.005204222531809
1.0020539539575235
0.9938739514535249
0.995792628761362
1.0000627949298286
0.9996970856519554
0.9980131358162507