33.01422616821151
30.23961676605638
29.999722180400447
29.866411931460295
29.860425266443524
29.731264876734723
29.83668321602724
29.67500970887101
29.64354330693578
29.510900312914607
29.34138099290972
29.259581624988797
29.199950677327035
29.08488969095311
28.871926149404754
28.813042516230308
28.68399519647591
28.484035015662425
28.353038979334652
28.068057476653408
27.963785883569933
27.768143555596335
27.51769371269863
27.296825770282076
27.114091084364407
26.895955827430225
26.67483188344378
26.3574958633192
26.147430184993702
25.853646610902043
25.606335012184854
25.26831549648511
25.026058179584574
24.76682108372663
24.47554594154337
24.18667384617807
23.84245368120011
23.462289401003837
23.211952703219055
22.893862377247967
22.504480632810637
22.188538812803944
21.90521190089283
21.502440938765297
21.111863246369158
20.746468183824486
20.40579973111054
20.08032759422238
19.760801949130283
19.35275915062589
18.957712441163707
18.620506078049075
18.2305757434085
17.796643891546722
17.474883290609085
17.12760578634036
16.749129164633647
16.36627119292223
15.932689277814887
15.481506297117063
15.186203050642227
14.781627328282994
14.377377229771414
13.954576277706009
13.672898194661085
13.25292428442545
12.813855854304276
12.418830338327936
12.070197152482082
11.747775681864777
11.372589310789325
10.857490537759697
10.631907481733101
10.12041950453657
9.907758584799572
9.433012504140022
8.991178975570023
8.647002812337881
8.299575817068236
7.916383318176533
7.578046789019229
7.411118196947273
7.005289697249634
6.565803769093269
6.36581423958866
6.047072139382328
5.484128082015255
5.223645753798834
5.014356888225089
4.701918537827372
4.246188936640694
3.801505048825922
3.9517888345342658
3.6753342729485587
2.991997993932561
3.0535964793534855
3.7504814169503566
2.298917742087901
0.9429077533933936
0.376420190649263
0.27628145705414825
0.4645500169139696
0.904574598960201
1.2635935073995528
0.9978970458152956
0.9362290683718121
1.056134976877764
1.011323751774016
0.9294101246168304
1.0140454166649429
1.0503362380276962
1.0485218281971378
1.0370834806132025
1.0070071106190734
0.9659715784416871
1.0060188838318118
1.010652210768367
0.9902184587163106
0.9955228673342673
1.0230835156595863
1.0002976033612037
0.9858573437737428
0.9834598191597655
0.9872077855445852
1.0020964650056887
1.0145004571064764
0.9947367716722594
0.9981671765667169
1.0004933028708782
1.0066009720374978
0.9893196478906642
0.9969598810311768
1.0050002667150637
1.0060411787682564
1.003204536826734
0.9961545481648546
0.9915474978893817
1.0071066788131773
0.9968120023660493
1.0027135532016815
0.9935916360078575
1.005704578156573
1.0055340561611827
1.0005166899007722
0.9986427346664347
1.0013677346326346
1.005719432164468
1.002321612003474
0.9948211146028729
1.0048066264952875
0.9948518130978271