32.790232458518204
35.28130421659466
35.5044110420974
35.59392265540803
35.25150498673069
35.369632617352636
35.1901085507128
35.193320429295206
35.04978805641612
34.96451975670445
34.87524820670902
34.732588456795256
34.51077038899241
34.33611312273435
34.32544688321381
34.006028561699054
33.9254670141528
33.63778481267545
33.465894721044414
33.25948196218588
33.01680928519974
32.786828582104405
32.56475089182161
32.23448729125862
31.89380029013029
31.728731586257144
31.32196227304256
31.0740130460059
30.772829886728523
30.407282600073415
30.053127719626115
29.703222439013402
29.382545453112748
29.098141785676695
28.645978150131512
28.301179268764443
27.89539694326867
27.571235170325473
27.11128944278969
26.69547747260377
26.297827193429175
25.876034791386044
25.437472182094755
25.072093239610517
24.684292565130647
24.147457872794554
23.809095549366273
23.32903500493948
22.83035023337083
22.409687064693603
21.97956160455302
21.51688609535728
21.019288521705764
20.571367884171316
20.209375199387043
19.617176014346473
19.28267079040013
18.7243788261436
18.23614110636465
17.81795071610945
17.37405005049944
16.895539053871012
16.379619638059292
15.918239152937586
15.573217141929241
14.96658365450958
14.656500937040585
14.090602839846685
13.598917611913533
13.195818671987393
12.767689989190847
12.295598933254938
11.79890963576553
11.423866402131706
11.082038891991951
10.481196885354501
10.215231642132098
9.756155435942635
9.20926033000154
8.789338523137483
8.386686889219805
7.963007585582414
7.61911537882471
7.4237724381423105
6.845095182110488
6.585765879239208
6.019491072923917
5.957685038344747
5.5765005953617575
5.100173790053467
4.7512092336857545
4.587038405600746
4.375700437157184
3.421233985680939
3.595734060221797
2.834768439945957
3.9380456798806405
2.5450302474967463
1.0019472112861536
0.36818936504441924
0.26675801845064845
0.4802119051454001
0.9571936249724183
1.2717981954766366
0.9138318112808507
1.0392313623969607
0.9429166469297179
1.0901573605855683
1.000487430238568
0.9510421179684064
0.9503800808524714
0.9636396562842755
1.0024325842626842
1.037756323011592
0.977155948514357
1.0146116854530305
0.9789418906413203
1.0248280847427242
1.0076440460711
0.9887742185743689
0.9856458514014864
0.9915129518546578
1.0080502470333732
1.0140093074916634
0.9851993549936215
1.0128512442052384
0.9860435051637718
1.0080902130497975
1.010269330855795
1.001595039962595
0.9988812323977833
1.0024906830653908
1.0090119675872928
1.0021932785355459
0.9918927606692729
1.008681236702551
0.9936952262476418
0.9976718232657479
1.007055949023706
1.0065364181118281
1.0053136720808806
1.0059962110184764
1.0042951540639709
0.9953882835212942
1.0003491947475538
1.000624114419524
1.0023675806220729
0.9941390861482352
0.9992306045710645
1.003001663190929
1.0033626087140939