60.831451384802996
64.34709135902798
64.16445041505673
64.09997177344236
64.03592274784046
63.877187701846815
63.839763135516854
63.43713945236268
63.313768431898964
63.18400137186761
62.940911369732305
62.545748948709644
62.182609004389384
61.92834697931574
61.563653561053634
61.33806618853493
60.80364097701571
60.48323938809646
59.99708973310972
59.48988202778445
58.942953583673784
58.523793155072006
57.99399929330217
57.35337011712601
56.89963990998909
56.21203345141925
55.55155821177953
54.93487494530016
54.29820203733803
53.66789727199862
53.00537205387899
52.23527833315114
51.55309311184347
50.86667696731853
50.12954099048609
49.38915064785501
48.55352093515511
47.69782003223288
47.02587053477922
46.11637615524243
45.31043285618
44.506241043742804
43.67694438122108
42.777068787692016
41.940972643778814
41.149186503134246
40.18932210743312
39.327638762807524
38.521916821196776
37.65050280687553
36.71642083014317
35.78080636424297
35.0087709365072
34.01794500879619
33.23974775415411
32.33962300485597
31.42003025352458
30.55997585199792
29.695571390051295
28.70661083458866
27.941042351152973
26.94479950392187
26.139902012308635
25.326569677319462
24.449433826993168
23.542630238532883
22.716746972839953
21.96992547460108
21.073095857058103
20.207810927371956
19.464414088757813
18.680784185841475
17.82970753005509
17.10222862755508
16.46394660809177
15.568117622201513
14.859728618736964
14.249031518442141
13.556491375885393
12.813843702515273
11.981509863816738
11.465146363712668
10.72410348377223
10.272023412481095
9.510750543832135
8.827115741756412
8.299740501352371
7.906114456276993
7.114855594482861
6.660418720921389
5.880972425262162
5.720139245805415
5.379145239152508
4.881841010336957
3.926091627175466
3.354939784449593
3.9174676928872607
3.53535453420128
1.2719052459940217
0.34617129764546517
0.23826657546646487
0.545409800790046
1.1382445147137052
1.1417491204014922
0.9000544851417819
1.0056646840582888
1.0945625244622381
1.057490251290193
1.0546005951820243
1.0484513743835806
0.9698387148189802
1.0140129741785722
0.9755384141544785
1.0285574482169562
1.0264874496977447
1.0215077634699639
1.0239921077498146
0.994981830242009
0.9910985498683437
1.005542590353147
1.0121936242433103
0.9925333551918459
0.9884476447500048
0.9955037478472035
1.0103931224262908
0.9994965989267727
0.9996706223109528
0.993146167862053
1.0073313352753213
1.0092281139508195
1.0091449338672636
1.0008377925662975
0.9922179734214026
1.008349004399282
0.9930521530705715
0.9990382853876972
1.0051237555491253
1.0043447743986307
1.0002755404772752
0.9933791788468354
1.0051387767423587
0.9946441405979894
1.0037989411339425
1.00471966479002
1.0038814010771053
1.0052742626977704
1.0012133194738713
0.9953653684817774
1.004173361575484
0.9984918132021118
0.9956480945862499