58.16916654663198
53.89716363889075
54.07991626486616
54.20956415802072
54.06327361307591
53.894572627359125
53.84337824692399
53.7444216772682
53.38233462526089
53.376812125633464
53.11589240520089
52.88248313902955
52.685092355796655
52.405178842723444
52.019207692330376
51.76461383301287
51.498300445271035
51.09855341647672
50.82115147324884
50.41440362830989
49.98275772722058
49.5869374446725
49.166109820323136
48.7067365298475
48.16269421305221
47.79847125413707
47.18341583409953
46.65065887662676
46.15679483717798
45.62976137157182
45.03780654307598
44.465814337155024
43.97153450482928
43.27918930371861
42.69171660513972
42.11704606600639
41.47848278073915
40.85446771097756
40.205737038591494
39.43724145269258
38.819922594427474
38.12442292027846
37.478664389183045
36.71564013741917
35.98855510674251
35.300176672789156
34.63828129869526
33.937176193348
33.12012330944685
32.508578640247684
31.68666436102297
30.91597219175997
30.197679450494768
29.460903847839358
28.716830537736854
28.074997694016652
27.26755020893556
26.599211142629596
25.757993006696736
25.057477628179424
24.358307632543006
23.606702540185857
22.820354982906487
22.19045225591506
21.467597484163253
20.74846777869188
19.968419941488524
19.334334316068706
18.667083871821976
17.941056483208012
17.18866336153359
16.59844237546652
15.953643029091191
15.276644996917414
14.52380035527517
13.95069444811225
13.350246524934326
12.685496869404629
12.011683117441917
11.581249780832435
10.883810472339093
10.449144174875338
9.678374319703707
9.094315980864266
8.554830310502656
7.98565176108988
7.601638543871432
7.2818221960786875
6.428252826002046
6.24592150679119
5.8745038268405585
5.244073767590719
4.802213419824758
4.663946197810118
4.191329815804545
2.9119164584012305
4.037366294337267
3.2351676929905957
1.1822902748167758
0.35119935587816475
0.24582743654651124
0.5247566562750695
1.0893077855805118
1.201982180767091
0.8487760067873047
1.098106310488022
1.0323366700739496
0.9430522483477018
0.9394311472111547
0.9612794121634404
1.021966495390802
1.0265866545563462
0.9689512062244225
1.0187680209038068
1.0183262229312975
0.9880958563346204
0.9831203922893854
0.9941834054270711
1.0168053520320086
1.0028006533139773
0.9922981532822841
0.9987484655933333
1.0156828094783474
1.0048007939723556
1.0004630834142745
1.0060923032238702
1.0119932248105377
0.9914530876275636
1.00625609859816
0.9908905898262191
1.006027768116438
1.0087279277691512
1.0080956860117196
1.0088340331403218
1.0001742525298734
0.9936801308092891
1.0065439928213116
0.9954087084600224
0.9960576694102642
1.0021932189678031
1.002803597231142
0.9989487547221237
0.994701208121337
1.0024075397715595
0.9984162264795893
1.0046633891145549
0.9966993693568624
0.9952921853207946
0.9958699048963342
0.9959777947669941
1.0007514664443418