35.786382067748484
32.29659202815858
32.63429824843227
32.67489227327783
32.500229263922066
32.43495037795256
32.37750936118005
32.24039614576476
32.12755233991254
32.20882277410492
32.007603667782405
31.90275789493155
31.798769525338884
31.608319522078776
31.415242872224415
31.296843532051522
31.144365464469118
30.95280919522227
30.765147320722985
30.551302228495175
30.37247369139549
30.175562417143478
29.910736099783254
29.642296528660623
29.466811566393226
29.17231484243589
28.867788918543376
28.57414296826028
28.306127293299593
28.090752592953184
27.785007945696083
27.410348933551536
27.14799186101282
26.77360789658431
26.532637683176535
26.1599584691689
25.767135396009913
25.409824215542457
25.059924825937678
24.708141381482854
24.396708810149725
23.992209671312732
23.57404621028959
23.240200445307956
22.845609733023206
22.402594530435138
22.052591726860793
21.686543170935938
21.285167762932755
20.841756964067596
20.376400767031882
19.991448880781054
19.64187490921266
19.12474198619714
18.818705050658192
18.328522050933714
17.85361827403173
17.45964271159921
17.05819905262606
16.624854155035855
16.161123704664654
15.77057763559578
15.440829790194513
14.880799344420181
14.588899673941366
14.053533523214377
13.656754393309265
13.316199134193853
12.92346366772959
12.506599713960833
12.057524530996496
11.55842629331492
11.155304311362555
10.880544510087592
10.304894948193056
10.068450300502667
9.640788951636882
9.129088603500648
8.728011550426665
8.347380259304586
7.949963706517698
7.630024839150481
7.4475742161548455
6.921437411505434
6.604947707398866
6.194165039514859
6.0663658416851804
5.506076942420761
5.0200050753498
4.650358072274243
4.309934433286697
4.143175715887831
4.262449871588896
3.5303842352158092
3.2863764893005856
2.938948880701112
3.8545567703130663
2.4215512935960275
0.9726302130181015
0.3719878153640778
0.2706236525703861
0.47241892988382195
0.9317215310725232
1.269451655923271
0.9540568112418603
0.9865638303921404
0.9990491940441065
1.067797423806737
0.9393855439444379
0.9475424892438713
0.9788301621694669
0.9807621971221968
0.9631155040361138
0.9711222916736834
1.0297675030278577
0.9908990540508544
1.0054383699971214
0.9846375253864657
1.0235056481925233
1.0068650023014
0.9897950661650351
0.9873199177625653
0.9941267932316619
1.0089899400027975
1.0129194009853209
0.9866902733921753
1.0102462331416093
0.9881057221421334
1.0117936177966338
1.0024084590213436
0.9915324257177558
0.989762745602427
0.9898218861212289
0.9938291982587097
1.0062945454787144
1.004243797368358
0.9927352816114515
1.0072268925088794
0.9947965504526228
0.9966644660116979
1.0058845275846784
1.0071652912416635
1.0063126541420524
1.0057112187383601
1.0022978451239832
0.9943561460876628
1.0021814074806612
0.9991913429131359
1.0025870920323845
0.9952762893727678
1.0015833751839338