45.835613098553665
45.619956238463956
45.93142664305892
45.68584944686116
45.5182689442956
45.46555196007682
45.477643589514415
45.39892213064382
45.11472941915779
45.06733173406807
44.8444667342216
44.70478687924575
44.4750487068693
44.233575223401324
44.00033138887997
43.81516717856318
43.61014103724106
43.17582747411849
43.049603450087695
42.59416055822908
42.289011624119055
42.013466519089555
41.66961453545014
41.27967933950797
40.86873576696676
40.48746749533665
40.12671314737095
39.6392269476756
39.269398112861204
38.85080558337157
38.37160527377701
37.90970367863946
37.46545489700504
36.933233142500704
36.34993348774474
35.96334556958755
35.34050159328656
34.84710204348605
34.359465354138116
33.81667909030341
33.2652120058476
32.69993359388941
32.07148129385393
31.529023527587615
30.9541806876732
30.41133376939347
29.729787867125644
29.12400876658965
28.53176165352551
27.927101924193657
27.370667416928143
26.835118664298914
26.121239841050137
25.608425703905525
24.905932671225415
24.298778484478657
23.722381927067783
23.10948815972506
22.45195439746742
21.82042648940873
21.331977755197823
20.593024750126645
20.12098421519124
19.418866600882865
18.765339928369762
18.170363810275834
17.571058674653603
17.006487802711955
16.524665515044223
15.855652757404865
15.328248671811101
14.656923796993564
14.20527899064896
13.691010443876445
13.142559427578007
12.584530504339437
11.930640737658548
11.350195838884645
11.004365915046673
10.299516020850144
9.848315888731078
9.483927225384724
9.008732130517808
8.53391226007735
8.02058322607544
7.336491977013689
7.0094151858043094
6.552503288299505
6.245063750977947
5.486601353126778
5.030666973332902
4.623088484739965
4.117249286918772
3.9133720280601025
4.236234888076569
2.715120520420736
4.065914863104212
2.948618275355817
1.1049623053479263
0.35764407388900743
0.25298357558040385
0.5053212212209468
1.0387107226733931
1.244557751031733
0.8417984304864401
1.1315715514596225
0.9257431542458415
0.9493625750163693
1.0122805327250997
1.0179415011962192
0.9866651856978478
0.9568577985688502
1.018753065576895
0.996185074185861
1.014698171946579
0.9712558631127541
0.9941988882256116
1.0090252580593515
1.0056625968528332
0.9887772415880552
0.9846362816112091
1.0164373788321002
0.9857278950020426
1.014394989694922
0.998611227764103
0.987869615871609
0.9876188151841052
0.9886420934067633
0.9980589659124041
1.0111728369004824
0.9907208745753149
1.0094823098269263
0.9914632825242025
0.9958429037126871
1.0030091159177343
1.0037428818627356
0.9994500687890806
0.9933172670912187
1.0015350056569163
1.0010919600004482
1.0009909104692598
0.9941320365080134
1.0007005160640774
1.0040248664632847
1.0032790542341843
0.9982706459868316
0.9946632000617344
1.0046604690182865
0.9959653723756632
1.0046125075741545
0.9987461383340549