46.88654108362041
49.62308385479188
49.893106709962545
49.80978188292181
49.489366950951066
49.61949988276514
49.431160296855225
49.296865246435075
49.20135394572722
49.06858290059712
48.86202755781351
48.52077092974368
48.43044420389061
48.1254368395812
47.964730292129865
47.59476601361342
47.311205624741056
47.029900583735326
46.698825510636404
46.2963344925037
46.01899147868363
45.622760981995626
45.27012487256675
44.759324083828545
44.37798805753689
43.9718591800462
43.526326380197055
43.042995796991626
42.521367826205385
42.13887895796982
41.50352401823852
41.09687981300688
40.58469837682649
40.00816141758967
39.4492783734222
38.89814299103789
38.32786212330985
37.67111842781732
37.167674551485064
36.4557048972827
35.903962170301014
35.33865832051185
34.71567030712662
34.056305171436705
33.367261506861546
32.7362519903442
32.14656018500974
31.423737842472782
30.75897306828184
30.16527312326142
29.51945765394618
28.82975454953319
28.096060878941664
27.428432391461282
26.83920636402671
26.066145697705135
25.45846557570492
24.83324147927004
24.148889475089387
23.48697322752446
22.822162500461907
22.05564615662011
21.40680811097231
20.780047780077137
20.130741458175983
19.385648834595642
18.736898562582468
18.09045463209676
17.43395780404091
16.88439198167244
16.319880565260068
15.559835200690106
15.056978649809022
14.474190952810181
13.791190907278564
13.17284064716743
12.632983146503943
12.160724794383864
11.476456425865116
10.914764867384703
10.359171169765396
9.970978143322712
9.346054343260876
8.768056329346303
8.304228065520805
7.9413130580202544
7.3189493872082085
6.726446515677619
6.418658452238529
6.0696412459670555
5.3328117578218315
4.773411694940715
4.363538164377294
4.306234885351372
4.261423428878077
2.780805757012899
4.066069995077103
3.0906936795933233
1.1424319537066652
0.3544514299704511
0.24963759014901826
0.5151077683418493
1.063687776712765
1.2256511994604142
0.8390833091584767
1.1257064944912512
0.9753061371155058
0.9216214696606209
0.9498385128524223
0.9528735209077634
0.9546762253427777
1.018089987719435
1.0117770682939418
0.9914066743608102
0.9840215697844368
1.024363904683663
1.0243694196229323
1.0213234028532518
1.0198728935498649
0.9973743279211359
0.9869437148069268
1.0145762544097054
0.9932836846330234
0.987766143875622
1.0016132679565934
1.0050775437525508
0.9992068776801467
0.9894087280250439
1.0006747468045958
1.003777973292438
0.9995549186708578
0.9914563863229112
1.0017489874983168
1.0056345463613456
1.0033141025801875
0.9956055120333351
0.9948716689202614
1.006663626987431
0.9936091447934937
1.0034588195506235
1.0057962979857809
1.0023551898042902
1.0026391165147077
1.0057078106277646
1.0019001527354359
0.9952719267549142
1.0045762017858246
0.9968679010704532
0.9974669856153255
1.0017853004511832
1.0026095682398684