69.79807670186388
69.97386773561779
69.65203372586944
69.87742268813437
69.71977300502991
69.35220584701032
69.37926026656768
69.13677526693658
68.89931467104546
68.554362693068
68.37332539615528
68.17826354454851
67.76424932671613
67.43474102539315
66.98617164766878
66.56000360432336
66.13017672272312
65.61513631251273
65.18699850647944
64.75263105424436
64.10676076707885
63.56004009098792
62.9784981133213
62.41685368865203
61.70054399948432
60.99930925243196
60.422882561259605
59.6387436019225
58.98982511552306
58.234746654684386
57.5059415257138
56.7117291369118
55.86311749606666
55.02948078516031
54.257877781311706
53.41851251714503
52.51968271103027
51.64853037719841
50.80132109727813
49.93775448059953
48.930324526975554
48.122259187232295
47.107572791799235
46.173228364101846
45.220581607233875
44.28884410530606
43.39457405001097
42.42652538257824
41.44582936441096
40.43381918410506
39.53034062513548
38.55057799724539
37.55424749627673
36.55061894456057
35.68788509516151
34.5892002944544
33.70869476457058
32.78806172505336
31.81471533185678
30.848092644001294
29.79797602351164
28.89651563298973
27.922887441904397
27.086454962239703
26.105572702442714
25.173061981062443
24.30342075588124
23.39233328804676
22.378401251960042
21.641664918184052
20.716339420697082
19.7661731727179
18.91749685243839
18.122981147631933
17.429883214106276
16.473702980461063
15.824852473064556
14.87067852928161
14.098112086068902
13.361142500977497
12.598020955517828
12.026679551139047
11.350302749118788
10.612681162962055
9.811116038215298
9.274895437860492
8.653633551281406
7.908770701760865
7.358714188016685
7.0659825170728014
6.174178290790554
5.566859978316472
5.279010517696799
4.753217674968986
3.843491206884148
3.6479437575503852
3.830496837262371
3.688231999974532
1.318191003769691
0.3440530909640101
0.23475883105784215
0.5563315530818687
1.1611571000905743
1.1079011002239894
0.9379950476911578
0.9551787327071163
1.0763535572386622
1.073938192858236
1.0536208901476098
0.9844940423818905
0.9732465471002256
1.0243909345409694
1.006278678581823
0.9713011929317125
0.972350536105656
0.9756878911378498
0.9995478850397184
1.0173039888797186
0.9834898063521487
1.0026996074832832
1.0164868216681961
1.0141723581727555
1.0140210143740198
1.0056220536656464
0.9878805932569523
1.012494244499017
0.9934305466963458
0.9901605809366528
0.9950497478620235
0.9921248701126012
0.9929233219418948
1.0083912065400618
0.9929693517063989
1.0079896070533438
1.0033862524019925
0.9988318944463945
1.0019667144619988
1.0067669922432863
0.9968001486629592
1.0017486812933312
0.994527369306512
1.0022332479392286
1.0039886579596082
1.003116818645749
0.9964866260757789
0.9979540937546801
1.0020793125020948
1.0007805544907047
0.9956453475015722
0.9963026018965002
0.9955094309446495