1.0044237449915023
1.1051637460573314
1.3738556931703438
1.6882928765085157
1.8688600675085185
1.8216231856065974
1.6252369936853306
1.4432398770868604
1.3893599015872509
1.4788199849320787
1.6394068622248341
1.7524127296876728
1.7390980749173537
1.627445652166184
1.5140605027446303
1.4715003812255887
1.5058075326324425
1.574046301350862
1.6230628770993831
1.6321530335597632
1.6253417292626098
1.628136221017571
1.6259764650304742
1.5881915781085156
1.519314239393311
1.4654938326527103
1.4747617953428678
1.5527054867578467
1.6477939391813932
1.6899639175532755
1.657819250779671
1.5952632080297513
1.5525838581240001
1.5326216917245836
1.5082470985864025
1.4734082108297477
1.4588447431356468
1.497769569665469
1.5795864989428337
1.6477952614633666
1.6579310896713042
1.6266198523078224
1.5994571334465584
1.583261381357994
1.5453313494966996
1.4758535707719196
1.4146376735419814
1.4048618632775345
1.4413582830415617
1.481838758122911
1.5048356753890266
1.534601690041007
1.593158008296649
1.650510345896837
1.6595646635754713
1.6262482602627566
1.5962703977552246
1.5784316054097962
1.5364600186161832
1.4609470086112128
1.3938538366175655
1.3654016229723902
1.3533501301704718
1.3300145276232653
1.3136646543134431
1.3378179201843274
1.3913234528429124
1.4339317820115751
1.4640163648538678
1.516849157700661
1.59138743547151
1.6433542424095717
1.6647231246673675
1.6957840701578886
1.7405645873771987
1.7547961217420345
1.7348903013253654
1.725239024044463
1.7261375245766148
1.695058897247576
1.6390953100273005
1.6013291556494023
1.5708575589875458
1.5107052134595718
1.4410425917545169
1.3958611344326635
1.3508930634814749
1.281462353583502
1.2185825158243098
1.1791831892091784
1.130458466678862
1.0669339060344516
1.0222341007584133
0.9913857116426797
0.9446105405943478
0.8974865229955235
0.8728432975154748
0.8471794186869658
0.8082315394655525
0.7837088460819209
0.7733429505498154
0.7505968135134895
0.7282510854292776
0.7258415536786837
0.7211040513815069
0.7066430031191533
0.7083587743736901
0.7191694902844324
0.7175426882564071
0.7232296631911975
0.7456944257598932
0.7591159330890216
0.7701841286782811
0.8002259593158718
0.8276857211639489
0.8447965648941173
0.8778893527334041
0.9150010815046199
0.9363153293404851
0.9667256054047304
1.0058402023895108
1.0262483277312626
1.0469086021231961
1.0782975639050927
1.0903953771591917
1.0944364360780043
1.1094274721771527
1.1069262928349926
1.0912913966379976
1.0871680183630252
1.069999224819946
1.0397498189088321
1.0239111002827466
1.0015890295026513
0.9708974918094249
0.9595227430111388
0.9476147543057488
0.9329146731289923
0.9407594926887625
0.9487636851420241
0.9551959009029279
0.9813248246364114
1.000411645822375
1.0135458014776846
1.038106069624117
1.0451581901105584
1.0431280075399576
1.046636601055368
1.0293501196027603
1.010362260619978
0.9994966684866267