1.0889381334455404
1.307180746291399
1.78024437734765
2.015583696675755
1.8142202878727942
1.5582464018746798
1.567319990673936
1.7714582785049413
1.874382833930923
1.759762122286339
1.631968888146161
1.6416966804779678
1.7281605842729975
1.764688907033058
1.7449640915681077
1.7354678658905163
1.707557851535154
1.64903817948995
1.6436738389727783
1.7405960503423654
1.8237359743944508
1.7537401171914397
1.6226071090573753
1.6052020373807379
1.692194989394722
1.7477250031676572
1.741504307898272
1.7410901366379854
1.7139947928670765
1.6257956966489036
1.5830682596653833
1.661114001400829
1.7539236336451136
1.7511969445413114
1.71642170861201
1.6948830948688915
1.6292404630266852
1.5634453723853035
1.599937620907177
1.68955814748432
1.7200187347255853
1.7242623430766497
1.7349990789054266
1.6730373592800567
1.5745494345744613
1.5518097013876058
1.5721635310443125
1.5827286943709773
1.6411370628136093
1.7242804464148895
1.7270133891611634
1.6954410761160064
1.6749800086770923
1.5978199316852517
1.5145990952254291
1.501663974038236
1.4983338754316844
1.5047098373031829
1.5790513383866875
1.6457284852502827
1.671246939765181
1.7188325623502687
1.7221621861167264
1.6648835718759352
1.6283193337845496
1.5608257005377308
1.4693729586260444
1.4294033380119258
1.3876096460985492
1.3554901681771971
1.3865194582383606
1.4144791294678891
1.4553222475508292
1.541661525803448
1.5969214304252002
1.6607897645358725
1.7379893259693928
1.762353779540007
1.8027708634792123
1.8215655504123058
1.797370606115803
1.7963723722648475
1.7492259565557295
1.6964537829767077
1.6536558068340323
1.5683583013249665
1.5105936177907024
1.4350404346979464
1.3508739017756626
1.292818836354845
1.2059519007059052
1.1455732158280318
1.081448437878968
1.0118864306925919
0.9690065863076799
0.9055856431261183
0.8672744789356828
0.8253855081327459
0.784169847973796
0.7632439909587649
0.7266594251325226
0.7154769131656172
0.6948130534663519
0.6849238523254868
0.6843455221578606
0.676492543217362
0.6916308555740363
0.6928160175801608
0.7159408216484141
0.7328685040524655
0.758343512684475
0.792562892016086
0.81901874627195
0.8656605828786142
0.8946078497761976
0.9441942706223432
0.976643017029374
1.0184446491042778
1.0518408439065448
1.0771191666672577
1.10472179464979
1.1088068058313616
1.1223513818645734
1.105559538040717
1.1000866693631346
1.0680745016387225
1.046198859601203
1.009762381513477
0.9823789828572582
0.955487812039992
0.9372982913232408
0.9320160368588828
0.9330686707003538
0.9523235735703586
0.9701350603188618
1.0031040506916125
1.0218389659612546
1.0481513636107722
1.048707507656103
1.052626001642056
1.0289629550294486
1.0141382771035004
0.9818016088075616
0.9707883147988374
0.9549049096465209
0.9676550006438386
0.976600815205794
1.0065572203320396
1.019620039897586
1.0381398730293405
1.028827240729952