2.287046708543903
2.0062726157669952
1.7553570633066717
1.8276862386744264
1.9459176681446355
1.8730190166583378
1.8330941789818729
1.8506680470612793
1.8656343053261073
1.9030407635804614
1.8720576106102589
1.7814348142422975
1.858543521040575
1.9683707327491589
1.8239090467516204
1.7427719238570196
1.9083063775424631
1.9353821883440294
1.8021366470214988
1.8003671276856463
1.8436937771966468
1.8721664896525436
1.9054121692280963
1.79710525686842
1.7452533830091805
1.8785819894114009
1.8992590136925411
1.826478442960771
1.7949427972951542
1.7527376704811841
1.8308066410217076
1.9126500496366048
1.8200682188117931
1.7685680220109987
1.7480352377956097
1.7722833007895984
1.883083297594864
1.8505987680211278
1.7801880229347298
1.7356124872991279
1.6992947308682969
1.7980197320621543
1.8434004988576247
1.8319069299670023
1.789950252298085
1.6794230131738528
1.687102855517112
1.7137451330367
1.7849502960033259
1.8428246546761347
1.7915693561269628
1.7499151560729551
1.6450831561240058
1.6299813262247491
1.6503986017967096
1.7109062629994622
1.7930882101819319
1.7933787612705812
1.7897883139856323
1.6888485333715146
1.6294415868925918
1.553613909769699
1.5548000610731767
1.5888422482164006
1.655400406950918
1.7355206822082718
1.7702652913256818
1.7932914080801248
1.7364381338810961
1.6838581698331903
1.5738669029205425
1.5098109396950756
1.4273467709239334
1.4193756831809294
1.410467742789748
1.4743687526340816
1.5263490999063583
1.6294312399955004
1.696212736598223
1.7912528301574266
1.829325692419164
1.8831056824924455
1.8715089666373685
1.87379504922083
1.8148277913108484
1.772735804386402
1.6825346372965455
1.6105607157433597
1.5087417767836395
1.421282414846537
1.3240744706615435
1.23229851976545
1.1496066216908747
1.0615635538883548
0.9967784482160228
0.9187842312339988
0.8701971039803309
0.8078444738097295
0.7710919702943023
0.7289569645631531
0.7001668666595143
0.6802469456679797
0.6591020249167198
0.6591890390585198
0.6502292190947219
0.6642651819378221
0.6745109731212248
0.6962426311231791
0.7291416044616624
0.757192614283657
0.8069338902167985
0.8456567411829866
0.8982850441091853
0.9499789177951843
0.9927819134958104
1.046639074890502
1.0762254533896758
1.1091688818110745
1.1261903170827714
1.1222504891113227
1.1193561897423934
1.0875319539444317
1.0556448982589135
1.0199678070897977
0.9740744512323095
0.9496034886148274
0.9287249569947685
0.9224934902282662
0.9436325325077566
0.9655040797298302
0.9993213870673281
1.0365774366205696
1.0501432920375202
1.056691516136808
1.0455458262087032
1.0111780310362664
0.9846360960868561
0.9636626819516217
0.9518426311202576
0.969636166500238
0.9979348446278542
1.019377797273773
1.0385940330194936
1.0361207537588144
1.0083643103063957
0.9844624936094775
0.9713327511564271
0.9697098306550275
0.991668117117072
1.021325180572187
1.0288485444728561