2.6562292011831126
2.119468275589255
2.219767789710322
2.2011175163693566
2.1733371548882525
2.2155066905411065
2.1853506975037935
2.1769621257876937
2.239522452518923
2.1120473605504757
2.2908148828113197
2.0786517506545152
2.279741980733787
2.119732055585779
2.2020571712731813
2.1896758508993623
2.1499997571062246
2.181566059848184
2.1963329657088524
2.105492325840528
2.232583725455766
2.1244965120561243
2.134007297349737
2.2276845603656508
2.069406429077543
2.181766339777601
2.1654183241042952
2.0870289679338736
2.1536527236472103
2.1536636324566234
2.089616399616482
2.10367831027962
2.1738088035743055
2.0701669056295904
2.0617422364753817
2.1775906187204273
2.069310281414726
2.022535038846644
2.1377492835091
2.0976184457435934
2.0107888361647417
2.048976467278563
2.1017309632546715
2.0625490738807466
1.9809586822468688
2.0099280212501154
2.099228210699634
2.038756068529914
1.9245989590238952
1.9779443006483035
2.0757160050186574
2.020769719088336
1.9122243365603568
1.9116614387471857
1.9877830385056237
2.023198171987195
1.9657375274369513
1.8677122955978815
1.842462343394736
1.9268047628260931
2.006847442433614
1.9616631417671935
1.8316569501801998
1.7596827692158508
1.8079190177434936
1.9063086967284857
1.9541875632603205
1.9129427861421517
1.8112305160257998
1.7095198836157968
1.6672622676469175
1.7116616414555428
1.815414745609744
1.9090128729488558
1.9274006250252205
1.853156680085689
1.7216258557421542
1.5912134659466688
1.5088446964555116
1.4940860474334203
1.5427454739833035
1.6374351063177097
1.7552893498115933
1.8717238145848591
1.9634650577600776
2.012558346403694
2.010035100972882
1.9570693523499043
1.8629357755132516
1.7409832206875924
1.6045987768885224
1.4645943713482574
1.328363426415517
1.2003188477864215
1.082853640807867
0.9772393088569938
0.8842070891710553
0.8042203510138819
0.7375635528064096
0.6843715059680491
0.6446672211870189
0.6184200499253332
0.6056022559692668
0.6062127255192503
0.620242196534855
0.6475658872610589
0.6877617652934509
0.7398654952115963
0.8020885381282529
0.8715462792599883
0.9440684340925978
1.0141898032270575
1.0754350072059822
1.1209990760295716
1.1448661810499838
1.1432852762717463
1.1163359449149204
1.0691075595907242
1.0118651976639157
0.9586139323252336
0.9238272543699435
0.9178199161404986
0.9421730481506407
0.9873513476038807
1.0345868971523706
1.06273675477148
1.0582210458661605
1.0233732817525376
0.9775338367966144
0.94782850771634
0.9527886286160967
0.9885940884859538
1.0291985511163133
1.043923332393391
1.0219896112034033
0.9837234515412496
0.9648202291285094
0.9832520817151255
1.0194245959898791
1.0338520473829322
1.009719506248918
0.9746294258799679
0.9708042861409907
1.002880787351301
1.0291528771453962
1.0152924718174483
0.9828411165524527
0.979741011559667
1.0082876054410235
1.0204687816659117
0.9961956568859167