3.939084075537664
4.761846406438579
4.673290053200542
4.597217944068747
4.801067692078112
4.514110386855732
4.7729172299965335
4.632521982668642
4.606466707041303
4.681296373998603
4.6607729413082915
4.607056032072954
4.560851669004506
4.706131210692988
4.622095285207884
4.512853086410941
4.57809191138829
4.593464208635532
4.589321672198585
4.594082659311857
4.51791460528884
4.435681432631185
4.4476009800911855
4.497059174153256
4.503191473008081
4.478268784390769
4.466615761086205
4.472477383709254
4.471711965443718
4.45034940034083
4.414860981527343
4.379008266446641
4.350994248330008
4.330288201243346
4.310557463742082
4.283668367158109
4.24331852508135
4.189145442539611
4.130967164164122
4.088865306434762
4.082096693210721
4.106341543497899
4.119066557882607
4.068035171182525
3.962569158155522
3.8975583861217107
3.9349959402493284
3.9714742652316124
3.882600888256776
3.7908826329330876
3.8466860631061968
3.839808822113123
3.676467277940813
3.6952596762599312
3.750431405587363
3.5828038001119684
3.622287985210362
3.5936525605348533
3.460717408520215
3.584055478656517
3.3717802087926403
3.4661163802122608
3.349687190634126
3.3456821830672534
3.2828365466500333
3.2687306538639853
3.1827107660677223
3.2132379811989504
3.056112352114097
3.1787867781330355
2.9222562570932884
3.1014015755611952
2.8943556441789893
2.8636153376044096
2.9903743824670634
2.670340915009519
2.790300379164652
2.8551210046875988
2.525146650904739
2.5665115124226086
2.7707029643348804
2.5434211811050425
2.244008165949849
2.397345512811068
2.6507528077038542
2.5053253064056196
2.1060547472005786
1.88470911259586
2.0261188040325413
2.381703754377806
2.6696053471766876
2.7049795539501322
2.4836154360042677
2.110421582668601
1.6974933006760167
1.3172210791025478
1.003160208851011
0.7643224468727203
0.5968443199023102
0.49186938234872424
0.440826143099286
0.43820344193751504
0.48181721468159694
0.5708296684050003
0.7017575565505729
0.8629010437839355
1.028909208890842
1.1597930770049618
1.210948155200392
1.158111431614584
1.0282868129201945
0.9073996462348896
0.8909628158411623
0.9899949518304715
1.089343863624735
1.0618800688466015
0.9515036264799529
0.9369983408310066
1.0362049071094153
1.049602259525313
0.9580527299078743
0.9800457869788178
1.0518146321188755
0.9807508734050523
0.972491373457894
1.043536688281521
0.9758552900260924
0.9985235378821343
1.0209880917364365
0.9696720474708
1.0327580028098158
0.9726360037595622
1.0195203986938874
0.988473104089143
1.0077794331044618
0.9928910039633384
1.0096900104554878
0.9867979572866579
1.0176373912178687
0.9792174277473669
1.0220622638873151
0.9814755774582362
1.0098892104429826
1.0030426434598405
0.9859194767440149
1.0159808115126105
0.9953522043114973
0.9885805826314786
1.016318518588481
0.9975361750354139
0.9877958884400068