2.8120564886002843
2.3541446973144793
2.3922309954931045
2.42654171904952
2.3727117053164726
2.403818865231691
2.428803548771076
2.331509252990349
2.482268261953551
2.3060723330697925
2.4436151524239316
2.384840174308395
2.3307043075999023
2.471884822749763
2.2960504640309014
2.4179673770559607
2.3988941233682297
2.300188887537682
2.4395988378316678
2.336056281188281
2.33027665743715
2.404165335243113
2.3443923765618178
2.28236640282803
2.4495093378606048
2.265568167576443
2.324912083444645
2.385564518169466
2.2939049716992796
2.2773901214640673
2.3594629706293895
2.331259671082295
2.203416468121317
2.353187242144449
2.330741633212138
2.199232090011126
2.2750270429955264
2.3199049108658216
2.2630534710873644
2.174507691924889
2.2518967866021224
2.33070707006013
2.179662688353377
2.1397010506080334
2.26044388972529
2.263055558200288
2.170792901922234
2.1060812236213553
2.1624764744947047
2.264264548098751
2.188981618793838
2.043745318649357
2.0753116226771966
2.187755814783612
2.1978997827797437
2.1111485791659517
2.006918947536468
1.9911467667587628
2.102472641838238
2.1886114117601627
2.1115946385904882
1.9634390340656338
1.9015658878746131
1.9490279356002533
2.043911003072445
2.1165305821529103
2.0944569185973867
1.9626272596146561
1.8155564260741304
1.7689277188780614
1.8393913679124654
1.9551692229544604
2.0446987653482105
2.071377345541232
2.017053383225622
1.885768935550808
1.7229883155325407
1.5992429396504828
1.5627170548297473
1.6134326988595904
1.7205037742779414
1.8521523028221538
1.9859603328774533
2.101291644013848
2.174883719542646
2.188446553075495
2.1386876683460696
2.0381334664342248
1.9063240173961804
1.7597710282770358
1.6078250526180862
1.4548136498612938
1.3041699256333692
1.1606295217381823
1.029636431650456
0.9154835878968897
0.8200226200356802
0.7427082206836909
0.68161818453304
0.6346551508860119
0.6003451660816967
0.5780818018181668
0.567973107119185
0.5705262035846963
0.5863266156333545
0.6157585557787715
0.6587460917927349
0.7144881849533038
0.7811899867869293
0.8558296376585193
0.9340273264624366
1.0100980261860963
1.077372318362436
1.1288573902756345
1.1582698413846242
1.1613857398662477
1.1375118794772157
1.0907022732439107
1.030185184772851
0.9694330077119617
0.9235233894638477
0.9049832952886046
0.9191182505809575
0.9606276599332311
1.013601559344477
1.0562534580905913
1.069761494386608
1.0479046593247991
1.002236301812785
0.9581934336748016
0.9418070073078296
0.9632125443605387
1.0078289209168578
1.0439243053909495
1.0448171356275575
1.0108275955067492
0.9716902854136337
0.9627711806957998
0.9923033240634053
1.0308211853821538
1.038388913790396
1.0068958715522016
0.971610604489448
0.9727673093689967
1.006651302128245
1.0278901015203548
1.0077548044661775
0.9751787808754373
0.9783864840922027
1.0137326762653172
1.0280658193398535