2.9711638811140957
2.512854647348098
2.711121787911736
2.5057271320625105
2.718781878661444
2.489649020924754
2.7150369561664305
2.5004571119895607
2.67539037551663
2.545992239833928
2.6145081733659508
2.587123069408008
2.590155210149358
2.5635761725574695
2.6384012541812596
2.487132160223274
2.6865920127961203
2.4724725584980907
2.623797985103314
2.5652119465814165
2.5075817342765316
2.622887609321492
2.488289870629908
2.580702676277183
2.512143263094222
2.5489977533585937
2.5253538281053376
2.4792881449841295
2.588856065587208
2.440371294191565
2.496122654985206
2.570843693445613
2.3967115953017313
2.49617601021279
2.526864052292242
2.3891760846094545
2.47662677715536
2.4717140475651536
2.3819545461031777
2.46578962331678
2.4301290610777833
2.3356041474246125
2.4422433841703786
2.4460867519371825
2.2916587676357354
2.339976724057334
2.454257080889052
2.3417642190287964
2.2434700665802314
2.3470246231384952
2.3840812842951205
2.2574637056404265
2.2262643622323446
2.330238351383441
2.3235709907851194
2.184297656027426
2.151423197357256
2.2727892965775327
2.3243967869794364
2.1967115347903667
2.062967351396899
2.0981403079375474
2.227832735294295
2.2546668494413806
2.1298233501322703
1.9976639668053213
2.0008314027100593
2.1171101058320816
2.2016129638993043
2.1492058385263224
1.9920293349627038
1.8549853158059861
1.8391757321072908
1.9453179925561475
2.0865713057789606
2.1596754339587414
2.1119549304976695
1.9635945049235273
1.784701870376423
1.6525290555436447
1.616124331629869
1.6824203064750702
1.8227612885606257
1.9904019437583522
2.138707510720348
2.2335711732381043
2.2582373590275497
2.2119952175632855
2.1055018992584618
1.955295013399246
1.7791545046556139
1.593012675380909
1.4094148495596013
1.2371724702647593
1.081754666775131
0.9460223003586528
0.8310254156878456
0.7367018681643305
0.6624056563082853
0.6072540370842171
0.5703190695176983
0.5507095643759227
0.5475972210371884
0.5602335874336808
0.5879760689859669
0.6302888702622688
0.6866212880159989
0.756029422630119
0.8364573810702318
0.9237783610792859
1.0109915109452858
1.0882288549272894
1.144194096991034
1.1691264939903458
1.1584524911783591
1.1154936348454776
1.0516786428788145
0.9839179411487118
0.9303317843040381
0.9059154268490758
0.9185069295359679
0.9644541294417137
1.025329489378563
1.0710328047671842
1.0742656373312398
1.0313464431249169
0.9714998406204142
0.939036363767378
0.9573695578600739
1.0076954729674175
1.0456100977564193
1.0404488406097079
1.0001805495952094
0.9632289941121228
0.9662197548288171
1.0076990469526332
1.0402311571556218
1.0202758064390856
0.9730058029134607
0.9676547599914649
1.0119450990123386
1.033948023008572
1.0004000560011208
0.9712951153375438
0.9930419297712276
1.0236662245449528
1.011071172317943
0.9795025209404938
0.9880542863675099
1.021736669250157
1.0092175079306953