3.5726121163601814
3.333889507550168
3.338651733692311
3.376065678305978
3.386290015412057
3.3283611591536744
3.2339472802674307
3.196978529585374
3.271053266011645
3.378613511423532
3.387274478160829
3.3019188942905124
3.2777129644021783
3.364728132685718
3.3976219590088665
3.301523396844398
3.2655667043490473
3.3527678052485546
3.3371587667746203
3.2271553497631364
3.267689641752304
3.3098854845691217
3.1898822259958166
3.1995958139800393
3.2610498725908483
3.147899196756513
3.193360927340695
3.2466643413605665
3.144013006604058
3.2432325232372397
3.18423883894558
3.1225013422053367
3.1847154845204204
3.0480662883494585
3.163125258820105
3.0838083585660088
3.122598757985341
3.0848705324729813
3.0234579497627863
3.069031499929109
3.001404090659028
3.0779443787292267
2.9466938417434885
3.0156523999036997
2.929519140523699
3.0005241106221012
2.9029603376840827
2.9088034789523753
2.9255167261889476
2.8418739902594834
2.911635567367147
2.765493360245161
2.9035790656659177
2.746116623769424
2.775136486469589
2.8289855625952316
2.639055820184821
2.7888244680867658
2.7028129159530105
2.5859745815657322
2.7525873996901304
2.603021826900254
2.526128083184601
2.677262466659258
2.563978455787345
2.4301530901071966
2.552919283391141
2.587963495022025
2.356055979535893
2.3620553674436793
2.513785012884223
2.470082842542983
2.2321762070007716
2.220225520592965
2.38462285340262
2.445303804420376
2.2312116358652454
2.0411504334836588
2.0490894682460254
2.2531545895694234
2.3672912358651215
2.2734253783171274
2.0258030261965883
1.7857701528419763
1.7347587981487387
1.8523634222598706
2.088237558082467
2.3207698903421115
2.4359280325055495
2.4339962044424346
2.3056604698674614
2.0737707680201973
1.8113987171241197
1.5446218271725913
1.2837380377805823
1.060755887837056
0.8839109417250165
0.7393405027974103
0.6269794878663851
0.5530252455410396
0.5118618728596849
0.49480775840988145
0.502359194116019
0.5399961361588029
0.6079343784550124
0.699211461256585
0.8060112955105552
0.9227263346385653
1.0394946225811401
1.135782402086424
1.18622790975731
1.1753865376363966
1.1082046535238423
1.010940168729772
0.9249690219893141
0.892143519850573
0.9304913952792607
1.013712565725193
1.0790471964538444
1.0723174895601555
1.0004672074300076
0.9361807167268176
0.9488130706540524
1.0204091170860996
1.0564547584696728
1.0085325757969275
0.952592396511318
0.9795589740538608
1.0406596903636762
1.0242936902138235
0.9658843713472426
0.9855884487913801
1.0372449392904568
1.0036924890861856
0.9672484561587221
1.0153816616766462
1.0196756681162642
0.9701587963950592
1.0032137911838144
1.0186286104745201
0.9727410996842132
1.0079451480519048
1.0124163855607786
0.9786874591600339
1.0218751744674586
0.9950907829191558
0.9930993339348662
1.01522516116063
0.97821319684106
1.0166863669959145
0.9893341908480147