7.380877533646079
6.141349969680231
6.039917883622846
5.994987626566282
5.999372033059694
6.049681368306007
6.1085123293622745
6.1046307475421635
6.000662298760035
5.879716601157439
5.883234012059741
5.981900303494907
5.9812083100702855
5.904727147999811
5.928925709125115
5.899754197499341
5.822367528472029
5.9288042212685435
5.832284138257846
5.773346703425765
5.880567898322874
5.714033895571312
5.807598625446928
5.701803577689172
5.7404826877128325
5.655674348698003
5.687131108461693
5.614839173966425
5.593832980824014
5.61821049184669
5.471473277180817
5.573650188337974
5.4693151106172415
5.403111589326336
5.441037236476451
5.40487860101811
5.31900127049689
5.2541760448510955
5.274430702991779
5.294746427674851
5.2170990638221175
5.100354196038146
5.0348795023484
5.02065821530109
5.012824684240281
4.989098646616065
4.953801320466026
4.91566518974608
4.8771544699237035
4.8359137126946585
4.788137531905773
4.729922885440709
4.658195804000178
4.573831163853575
4.487344566899963
4.421827186651551
4.400938880921429
4.41559854120477
4.400162993335059
4.288193361223947
4.139437780571675
4.117140794578981
4.18806622567572
4.085140073600415
3.895233729194953
3.9569781160602857
3.931584554975524
3.717626094419985
3.82270672011295
3.665764735098099
3.594332932250953
3.64270667120486
3.393045821184779
3.561717503951824
3.2429358292632964
3.4375258008211276
3.128140120806256
3.255483503617692
3.1042531622646843
2.951572414883591
3.1555407940383295
2.747133119767935
2.839000191749525
2.988150935836483
2.5252241413003538
2.4913378698176234
2.8426145095335063
2.682715010433641
2.1657478297331116
2.013592532014947
2.3671250540862903
2.7966618135272996
2.9038929718436655
2.6231218741696773
2.1190489775165937
1.5838742327264186
1.132697183199968
0.801413558756177
0.5823882077890291
0.4552177523962145
0.40253277331106535
0.4148762491891356
0.4894655482030376
0.6246367334925665
0.8099032816924548
1.0132892571191416
1.1744768100096796
1.2212712521447855
1.1227557264480077
0.952364573515268
0.87129677176098
0.9662066274486439
1.0931164193340082
1.0456484663579586
0.9265839935035027
0.9880106132141991
1.0694242790358477
0.9643294156591022
0.9774107726083454
1.054448868547541
0.9553359010800759
1.0204789101206102
1.0034476459282364
0.9836897135726713
1.0230283357756702
0.9761007462279092
1.0233609619179103
0.9805995279095894
1.013492334798034
0.9970287416561296
0.9905630500748475
1.0216197768505557
0.9750594874620548
1.0147002256642346
1.006543418034066
0.9802914489788829
1.0083273750969766
1.0155099807245782
0.9869087479916142
0.9860164471141878
1.0118479793843038
1.0166084379681963
0.9980934517487253
0.9852139434956702
0.9879141666602084
0.9972596174709373
1.0052719366561123
1.0101786656446028
1.0125839360737023
1.0131655427782789
1.0126230051733982