6.959364540321127
5.340664925857103
5.3634349172603795
5.575917910351776
5.557416877879435
5.510690620649385
5.628869011778858
5.530481136648618
5.4225939046222615
5.52196702219287
5.393436009176054
5.443059771702924
5.432241030464269
5.381636339984067
5.438640977117691
5.348404823457728
5.420240199953513
5.343416266371097
5.396193983070048
5.37848593241753
5.346743329433474
5.397048452731477
5.251456149935093
5.290441026624814
5.263936626517136
5.197996450255811
5.270002728859525
5.220510807555538
5.09930114283587
5.132607946935595
5.178882325408166
5.09773145484535
5.026147427012527
4.9906196029684455
4.976913156870288
5.027241111945534
4.986828814150513
4.935240359863621
4.87729763875435
4.794986187589545
4.765115831401081
4.696940283592016
4.680679080887362
4.622591637500911
4.5973708881715805
4.554454659113551
4.510609278758345
4.502111243190606
4.463328181605075
4.474601007050378
4.4737638025226305
4.421467923079457
4.351478295494447
4.2452315295526795
4.155905388224981
4.171317266009637
4.217249177969325
4.128298522378546
3.96877925045245
3.9728463974585093
4.0210725248590355
3.85746829674671
3.799868754724106
3.8930273741557353
3.6905521390613343
3.68867790685293
3.7020500861039203
3.486956365776952
3.6338866949298687
3.369025535025066
3.5174216554248527
3.264520534251056
3.415888334489583
3.133651329146241
3.3334464288286774
3.0014035815395372
3.1826739939397526
2.985360190219561
2.860806786398849
3.071077135352861
2.70818978851968
2.7193064803091773
2.931570349621027
2.5717442830082393
2.369253144642089
2.6783702383952726
2.7531627112291095
2.3367663949936492
1.9745591865533119
2.0871960713537665
2.5160933503802556
2.8194763778458456
2.7860341043734254
2.4523541376012483
1.9665311836958412
1.4892518133142458
1.0838573429947949
0.7887875643416561
0.5864624910824142
0.46700368470754894
0.41567292072215917
0.41981473111761625
0.4862533115200593
0.601994986791294
0.7694777904925799
0.9626385612989168
1.1276567679899514
1.216446898295897
1.1725297599787832
1.0219214369043395
0.8914773020497675
0.902442043719169
1.0323479829686213
1.0967509312211337
0.9987197392950458
0.9241619381748958
1.01971874623556
1.0592558888791137
0.9522792481465123
0.9870253620064778
1.0480973100631474
0.9570095408118101
1.0168904426268566
1.0141146224081734
0.9727460762728318
1.0377960968530213
0.9664406160261506
1.0352135918902985
0.9707538951848393
1.0308180231041866
0.9718813716950339
1.026435677672951
0.9764205906455012
1.0114213971068775
1.0001318709465972
0.9856802524250491
1.0235619867431207
0.9876687526450011
0.9918668299644812
1.0180443901437395
0.9941753071178492
0.9864762010971905
1.009582161909468
1.012570798965129
0.9934445647224586
0.9844525079426208
0.9988071164778772
1.0138913326238745
1.0108907235196918
1.0038019245837182
0.9927735545353474