8.687544645687462
7.577021971785229
7.926751401357025
7.555190154994553
7.88647487154143
7.658961322840188
7.716928099351744
7.715559467968209
7.702754837417963
7.737590385971562
7.609332306433631
7.574062167473474
7.680394967886998
7.7104241574753
7.627264625219586
7.54231034307294
7.51286202201351
7.518636883468681
7.526383062406855
7.522310652480173
7.5072590045747845
7.483778490716665
7.4492510026336705
7.397748856634124
7.329995348995393
7.261665538741928
7.209112207387152
7.159627811947344
7.097493161332663
7.075754166245531
7.112021706956795
7.0434582407483335
6.892172982123118
6.916356716486489
6.911025590040918
6.774305025834966
6.754586573761456
6.742509875242522
6.59935469299446
6.647601499898669
6.481920598312748
6.537531485168738
6.353212095589339
6.421554872394383
6.242235595316388
6.264085249883709
6.160418047745255
6.070610287844291
6.096556982437956
5.9503537728797795
5.828001713445617
5.8508184501064395
5.832859816004582
5.704597860924853
5.564184899990433
5.481416245632784
5.443563731707844
5.413152379027599
5.36950184517208
5.310248932866127
5.239311347775085
5.15863832223622
5.066556242589236
4.960425527070015
4.839973161178507
4.7096286527391
4.587667055753548
4.520840314578193
4.539254103810003
4.528760375837078
4.327545157766691
4.133491173597811
4.211786231180602
4.155313830537051
3.8675870603987845
3.9591446980713525
3.8372595627581867
3.622780922464396
3.7692412326622673
3.379598043749385
3.62073580009186
3.188821731784052
3.4093618033871063
3.108912151978058
3.01328952751557
3.217729427555579
2.6558133755157187
2.791726219234842
3.07048857851215
2.5238684699538627
2.1014924407202304
2.458776611470303
2.9988928067109666
3.060526041907811
2.602784522811779
1.9319276289432186
1.3149734350674676
0.8617778647831682
0.5750113742184731
0.42073292023705017
0.36762690528500924
0.39887725484773445
0.5095566241128381
0.695139708527026
0.9309086742258018
1.1476961990032786
1.2350847692240212
1.12428707689908
0.9229132296006026
0.8793519038654668
1.03898578172758
1.0941521754290715
0.9458815181465173
0.9653515046390904
1.074397284025023
0.9488927324201957
1.015682248873624
1.014366083603889
0.9730532219772415
1.0320264137805872
0.9707993272573362
1.0243786438419937
0.9864991488611298
0.9979876322462184
1.0222632350220686
0.9673956793221897
1.0194589593767913
1.0133172486131146
0.9740612810813132
0.9995855809551569
1.0225745259929409
1.0030211270233336
0.9810756849953659
0.9833134234007578
0.9993636230882563
1.012845800479266
1.0182719846190527
1.0179542511767532
1.0155632375837427
1.0134325889838942
1.0125786240085313
1.0131456095838192
1.0140446384563813
1.0121815750507706
1.004026364127443
0.9917758027320677
0.9868695703645246
0.9971326263311825
1.0097160478543192
1.0058402251824827
0.9921599337656472