0.8703174671021537
0.8716236411800702
0.8755451779873378
0.8820905975343623
0.8912723764127504
0.9031044398141185
0.9175988018035761
0.9347614987046553
0.9545879926802223
0.9770582483889484
1.0021316974221697
1.029742363835454
1.0597942739090542
1.0921575314575367
1.126665147614949
1.1631108639486225
1.2012481168797322
1.2407902633020598
1.2814121571052859
1.3227530358088622
1.3644208855680706
1.4059979832548863
1.4470475966210412
1.4871219666512934
1.5257706961686595
1.5625499985936615
1.5970323712635888
1.628816140449872
1.6575346824887047
1.682865537761252
1.7045383064856094
1.7223416757150078
1.7361291031555304
1.7458229904518567
1.7514171825704337
1.7529776773990544
1.750641481757678
1.744613605097786
1.7351622385673164
1.7226122230818066
1.7073369638120757
1.6897489983599698
1.670289470232832
1.6494167965775959
1.627594761643211
1.6052809070598808
1.5829142001802567
1.5609041913442199
1.5396204940584848
1.5193838926888439
1.5004585150776517
1.483045271981192
1.4672788615472832
1.4532252072620129
1.4408813757223957
1.430177945809244
1.4209834771480787
1.413110295585232
1.406322680046878
1.4003462274042633
1.3948784766245572
1.389600389170715
1.3841883110536586
1.3783260205523433
1.371716456834337
1.364092729214259
1.3552280248598014
1.3449440642423407
1.3331177979290696
1.3196860943685307
1.3046482346290722
1.2880661046862072
1.270062056515391
1.2508144933015015
1.2305513186417154
1.20954147164247
1.188084837363732
1.1665009436542102
1.145116818334532
1.1242542901710473
1.1042178790432309
1.0852828203024254
1.0676844162331487
1.0516089188339566
1.0371864077417159
1.0244858038309
1.0135125493297577
1.0042088816354149
0.9964568160596816
0.9900837418904322
0.9848704333485399
0.9805611652357793
0.9768755206842697
0.9735213905298377
0.9702085951955854
0.9666625147491781
0.9626370943133966
0.9579266025279629
0.9523755612929211
0.9458863351825254
0.9384239668308056
0.9300179668785002
0.9207609089128351
0.9108038335051224
0.9003486379461618
0.8896377528008061
0.8789416429768473
0.8685445805362535
0.8587297207298119
0.849763865158839
0.8418829898690539
0.8352793283910708
0.8300905877572705
0.8263921382631149
0.8241925571560292
0.8234328997455576
0.8239898179651871
0.8256824355232586
0.8282826668391066
0.8315284539290374
0.8351392045288071
0.8388325587399205
0.8423415017394482
0.8454307858088794
0.8479116324216917
0.849653757170107
0.8505938957498639
0.8507402027333513
0.8501721370261199
0.849035725514992
0.8475343931205509
0.845915844619641
0.8444557568347181
0.8434393122965586
0.843141677134276
0.8438088497419377
0.8456400078184335
0.8487728735249133
0.8532728516177435
0.8591271357556469
0.8662440427336576
0.8744579709396172
0.8835396479843626
0.89321111035365
0.9031644396189668
0.9130829771663341
0.9226635116805543
0.9316378093118984
0.9397918502703774
0.9469812540067013
0.9531416153024457