8.171932143955113
9.721747495944612
10.068550066468546
10.041130705600004
9.98993556332601
10.103381971439331
9.948825236870709
10.000834511194787
9.942069956366142
9.965893800675374
9.907124902634644
9.930822740467935
9.773720027357989
9.758030514099014
9.736219025243251
9.732213489458294
9.72367681052638
9.631832804205306
9.643340409721098
9.581388692369767
9.451177421050325
9.515634148413671
9.36983535232003
9.43348736723172
9.27586180019624
9.319931919935097
9.184563817596066
9.127106289505235
9.139676969569438
9.014202248494142
8.95671016273423
8.95922186379188
8.88372177440213
8.776504567102444
8.686817190108384
8.569787071670577
8.50433523393216
8.44838103513047
8.34806885388405
8.291145540254123
8.173820735579621
8.11410500743422
8.039125270309684
8.005199111880428
7.971733464608427
7.815170728329449
7.653978111468469
7.634018390107933
7.59862154369213
7.379695661632281
7.340897221172849
7.261379455224253
7.098711448025421
7.10056359555252
6.896564135349699
6.883966637685223
6.730757771554088
6.592930451834963
6.593314075407513
6.363621562487555
6.259136680584482
6.274534048289201
6.150329466378005
5.931673834377208
5.778151861862631
5.707837887248193
5.635518024830125
5.561536260166207
5.47406342325976
5.350955441463142
5.231275288967274
5.062945157520925
4.891003904225057
4.718344174549661
4.6342161071547405
4.66857706665021
4.602468144400112
4.293937732793276
4.13217283427902
4.273894806421412
3.9478453210967652
3.81740600567068
3.8941564036191076
3.455912738646
3.716199058356255
3.199380973201489
3.4213271372700267
3.160652403807342
2.799620107708962
3.2879966714267908
2.7749242754964025
2.2215362230899114
2.702658798207869
3.268469317510487
3.095505853799979
2.3584982977166664
1.5482774923038165
0.9476090891901402
0.5762760792403754
0.39274806225620823
0.3371181101994382
0.39041400435777535
0.5407005884165784
0.7864373084543888
1.0584505903476293
1.2357987408187534
1.1716743566648182
0.9396302205435083
0.8753388694988808
1.0648005848346405
1.0673827037396648
0.9103955076472385
1.0489180917479537
1.0006998511338614
0.9784010970318422
1.0349038101366428
0.9724584052207051
1.0202562500115868
1.003011388244717
0.9771790521605096
1.0402429874950325
0.9779034837022174
0.9821617897837742
1.0281529483522642
1.0129606379100775
0.9801137434038381
0.9756846298831559
0.9930419173666271
1.0119482579343009
1.0177736787427372
1.020367487960143
1.0203271510187129
1.0177660274455427
1.0155185211286462
1.0071713863447993
0.9949908376321139
0.9860681130500388
0.9876243485688174
1.007552744626391
1.013807524406459
0.9913310065931897
0.9917649012799004
1.0129586054200144
0.9928256914974586
1.0028124490292354
1.0031916159038585
0.9952964182904891
1.0040675940288426
0.9974465234237604
0.997817029423022
1.007241211517535