10.539329586719576
9.350485935979346
9.318173642552662
9.293067460282561
9.236019221460639
9.142814357232774
9.063528775176122
9.074369464937597
9.149973484530419
9.132061755166813
9.026199010139338
9.048991762260576
9.063057114268705
8.962681183410746
9.006330879037648
8.925353290912055
8.93243164055527
8.86489210923021
8.870852477491102
8.78352683105302
8.797762051013603
8.724566612371511
8.67094660941564
8.671679146317224
8.605865668406526
8.522903656796451
8.489754771217347
8.473117157393185
8.429704393901606
8.359405832597522
8.281047953056465
8.206527950814113
8.137692969710583
8.072563102726043
8.010294873336298
7.953099385656607
7.905092581950619
7.86601355589597
7.819951578237923
7.735083903799783
7.605334841476052
7.504577521957321
7.497169829226723
7.449412361462801
7.276460474517406
7.242283961787768
7.206293810819107
7.018424145877553
7.057733852305815
6.852772809464951
6.883158583234933
6.672619520096056
6.718644945940932
6.4966503543034175
6.490005055864816
6.418569710138658
6.206077345020008
6.198555066008862
6.172202857488333
5.988251327515577
5.816750485003858
5.747565049671228
5.7222254952106155
5.676106218084439
5.595954384090363
5.496681055341059
5.394236746594649
5.295919072083922
5.198554162429437
5.086820504615863
4.936555598679262
4.740128757700981
4.555778963392575
4.499492637021136
4.555421160096863
4.440449765474341
4.119852903205347
4.122041324521145
4.162368938888593
3.7588633114462557
3.9223971819102594
3.638066060263788
3.6139728628668504
3.450207875310553
3.4401183986065846
3.0950496244330266
3.4111111885849525
2.7731294274843843
2.9639795589236804
3.1641226279162384
2.4432829403887006
2.232683413204542
2.837674293352059
3.238448101586767
2.9337904290665127
2.2045112614215845
1.4641459385984081
0.9144436668456546
0.5753702785875173
0.40063833821310885
0.3461814465044743
0.3901873274069816
0.5281352208750777
0.7524100667376225
1.0179869398361703
1.2143292260825853
1.2074839457714754
1.0026646493496545
0.8602374574541491
0.9925855959305732
1.1107013099618723
0.9541796902379943
0.9648122442266516
1.0730501243394566
0.9358453667645629
1.0479999743475386
0.967367769092189
1.029451631952794
0.9687042482723819
1.0387943942070552
0.9600402303461056
1.0281929526738498
1.0024653915366861
0.9705146453351263
1.0202977574457048
1.0196362878818193
0.9819940834020114
0.9776292570387719
1.0004782915126738
1.01828593297662
1.0213021674479004
1.0161799044006532
1.0103303679562132
1.0070861806263691
1.0070435914962466
1.00966144777426
1.0133942355347134
1.0149519803313185
1.0098479190918705
0.9972903283979443
0.9873284233037671
0.9946795844899244
1.0106048568996737
1.0038385196538917
0.9890044096581417
1.0053272920072036
1.0033788396474939
0.9917146084508348
1.0095041019319162
0.9910093816226161
1.0085113762822608