5.162095035947525
6.238461405556526
6.438052048015573
6.569184452514601
6.54553740254407
6.469937296799499
6.517958293949007
6.5929534643305665
6.504767525782841
6.449575594830612
6.499726706936429
6.396319887495652
6.389131473621618
6.429385874039926
6.405269399483619
6.499668047045344
6.390213161308983
6.367426521332417
6.270813437191208
6.384552460228968
6.3237761991036425
6.235118854111395
6.262624021415115
6.247795201064127
6.166118463263732
6.199654255519992
6.120712581909848
6.086075942285729
6.13579206660993
5.986959271516111
6.03439316952812
5.921225346248939
5.988093685386184
5.890514512942269
5.860528491350359
5.847203063887392
5.707761407408087
5.757501976735145
5.689277755719572
5.574984952497438
5.60936746390632
5.591407856145382
5.465680308316117
5.393468751078314
5.410743316004545
5.422185019846136
5.370047109527454
5.271883338845114
5.166207107947255
5.080311607983499
5.027413217505426
4.995614738031429
4.948271042769045
4.87714471540293
4.819668567458698
4.764509577482715
4.6776384534348034
4.6208908940494755
4.591943556503154
4.5675425976095365
4.584456922302856
4.517269929102817
4.391245563896784
4.229706203675539
4.222583049495916
4.265588717846015
4.156575155289794
3.9480620191608793
4.029494979227431
3.9819523940261763
3.7319115689380538
3.8727394986897976
3.6786086360555363
3.6055756886750148
3.6338998630836326
3.4076005039048773
3.5262209096830768
3.242571284657135
3.3489532269320206
3.1743862471007116
3.071195503488858
3.217469889431659
2.7751252666770188
3.0124221599050043
2.9573121242599347
2.4883862296447368
2.699449660184977
2.9301703962744545
2.487437557090981
2.0486287950985456
2.228218299413721
2.7285982483546447
2.9798561182759076
2.777138146707414
2.2718514248717057
1.6948643906222143
1.1925208530928124
0.8197109025821498
0.5790492547656725
0.4449079939374265
0.3894309871470442
0.4063609860180123
0.49495703410140035
0.6442921729493754
0.8477002338537345
1.0619715128144243
1.2022766397021187
1.2062752808379413
1.0557795333007969
0.895513655482814
0.8970563092820589
1.050044236788294
1.0919736865401
0.9596558707689182
0.9423282768567341
1.0689075217995598
0.9943941691822349
0.9553006362359154
1.0582705012492173
0.9605674037159572
1.0157832229684918
1.0027231959326903
0.9907201151748634
1.0139014057464864
0.9857631533794958
1.0071578584934422
1.0044425575208635
0.9868447925831398
1.0265377960907798
0.9730941032571192
1.0126761593496219
1.009032480282978
0.9750301142882243
1.0070220999616355
1.0166067421736222
0.9862727422172851
0.98255098264589
1.0066259306072376
1.0186683079450138
1.0086635124988417
0.9929931404763684
0.984711335694875
0.985231647700955
0.9912215331000669
0.9989736273513663
1.0039640699920183
1.0040252766805358
1.0034515136123756
1.00418935035228
1.0001406213394932
0.9943490244772767