5.552759149641047
7.049070706274753
7.3478415525503955
6.971910898088533
7.09949324829527
7.093903343303087
7.206743569554103
7.068153209050838
7.054544891871632
6.958640317402676
7.0615858133071585
6.995935313714115
7.0693728007183285
7.060303127712633
6.995485003639781
7.032585191143048
7.007980013401637
6.922604953985664
6.883636413398467
6.8664615879050475
6.820796996248421
6.773238942746311
6.767615058029759
6.781593517913816
6.740481133769456
6.646163425471203
6.623770111495672
6.674102888274242
6.600794833200136
6.500531046245234
6.551146901598095
6.449488908665012
6.386808029886925
6.409296958596018
6.277723710384705
6.356145592936923
6.209625626993305
6.260573177007725
6.086439926683559
6.1331286058412635
6.055460966630593
5.969810074638846
5.990618335928382
5.8628953976541
5.811075255763143
5.835419698281461
5.73200783225514
5.5904981871006605
5.607166598621305
5.590324178722967
5.549178991312819
5.411260791850301
5.319212737762719
5.222220415995034
5.1634250787042495
5.121506252607317
5.047927526365559
4.992796035582581
4.926686489268236
4.829807327288299
4.739888750042925
4.675444571223037
4.636428314571139
4.6247228683983
4.611932474108352
4.525736320487886
4.345552782044178
4.21540087064206
4.263225307524917
4.2585929208044275
4.014284725375446
3.965061947153442
4.043793668518887
3.7462121214262654
3.8045376220285583
3.712186203812474
3.5293792132366493
3.635330094907335
3.3349600520496683
3.484389042432014
3.1919879458790996
3.2211609629944897
3.2057332362697455
2.838869427968719
3.169144856206932
2.826332431998435
2.5484288454519257
2.9446545704777343
2.8354510145597738
2.220055350504395
2.123859263735858
2.6017395398589693
3.018778567906553
2.9268751760034193
2.4396533877577546
1.8086119145320307
1.2487762703329648
0.8433071326883828
0.5776637826631847
0.43093446692512183
0.3789704503870195
0.40313468023223437
0.49932089299577437
0.668035879696225
0.8908938948536943
1.1083108668077737
1.225773356008833
1.1700309154053663
0.9857429017261203
0.8666166717750573
0.9608185921660325
1.1024657526518327
1.0273331497972036
0.9183885275352295
1.0343462855179395
1.0399858806512159
0.9388368771639887
1.0485179652841623
0.9777047130602563
0.9987927602499252
1.011843348043369
0.9847059570888665
1.016775632533735
0.9928152125446197
0.9949609459364263
1.0177747025652253
0.9732218319192889
1.026811965064799
0.9911677124745358
0.983744025840516
1.0220948308015017
1.0043366801413671
0.977919745882907
0.9959641427569352
1.0203138550491402
1.0123871454403006
0.9950403882724338
0.982524289324388
0.9841310960889333
0.9923892219004566
0.9976250433405192
1.0051088617476696
1.0063020773048441
1.0050664106001879
1.0054115340943768
1.0019034125025008
0.9947266190102804
0.9890794236084336
0.9883239463700669
0.9941208262006743
1.0047695607817728