12.918996480837578
12.824040255850578
12.776398046488884
12.746036113666005
12.768578327713922
12.834782118157847
12.84923432276625
12.770643839075298
12.743548119588691
12.747397704102587
12.681089682064558
12.686889762173728
12.600288461402055
12.619652491003777
12.51058809700591
12.515027413009399
12.465585102512758
12.340111070855228
12.360371115945178
12.335340918424727
12.20394492628185
12.086039411056703
12.023856700678937
11.98334615179646
11.933267128961013
11.86315238127721
11.771250804047243
11.659345828961667
11.543196565835675
11.464369836088464
11.451649106887235
11.418004401659486
11.235794308763754
11.089139233490982
11.113672183933973
10.914968166275825
10.84430503822865
10.74080576912481
10.620507991037753
10.492719689096877
10.440779738281616
10.224809913317742
10.173652617980665
10.086149748618155
9.897342934036791
9.741137672726424
9.639472824646024
9.546482430893878
9.438207869329474
9.315204686745826
9.182253464176645
9.038271684211606
8.876193799141939
8.695131395803667
8.526580889777215
8.429047312348068
8.369258499563523
8.175739077712436
7.944380658394776
7.931148024223724
7.703809244853829
7.563151509419763
7.451196504696282
7.259846939853695
7.109545680297275
7.040914177153562
6.724380185945907
6.704456927089008
6.60218838662659
6.3097220371895215
6.099091104706279
6.009420207859099
5.936954898379703
5.829955470711262
5.693224499883552
5.539639097215044
5.365584517696984
5.149779232936299
4.884501510541946
4.649934024739277
4.605244891699845
4.65377476979796
4.336620227317181
4.004916517665445
4.221803724713502
3.720587353628953
3.811174199748156
3.4601263609156754
3.5822909709396087
2.947346404040143
3.503823728333173
2.833929485390009
2.36682496175623
3.122689952672521
3.4812246860567773
2.840392399429556
1.8464939904388609
1.0543387319164013
0.5858137419121774
0.3663648730505551
0.31344105514837634
0.38928241276023895
0.5876608744650463
0.8857124660844078
1.1718455450002216
1.2384307179953862
1.01424144840652
0.8554311937045751
1.04759245598563
1.0691473839218548
0.9091987707261813
1.0790608418955014
0.9418414249600202
1.0538685280616478
0.9461654294022089
1.0549039099830817
0.9662131358443653
0.9906464584206295
1.042243184107352
0.9923658194803789
0.9642112387491338
0.9881664483274472
1.016308436629858
1.0274054435003126
1.0274955947946174
1.0252962262432421
1.0239929822293372
1.021790187681033
1.0137734668059435
0.9971994958111673
0.9824223515483478
0.9912078984072608
1.0146304453095156
1.0031458830293445
0.9861526559301523
1.0128143786866366
0.9922633090398336
1.0044460743239112
0.9960204587855545
1.006359080234824
0.9901802356511357
1.0107667640471034
0.9961399643943785
0.9921381218514163
1.0073371664946056
1.0080087268554034
0.9977282820528843
0.9912244819120486
0.9908504131075391
0.9927299394211183
0.9939352897876672