23.14487942979406
23.301877186202425
23.42197346508116
23.430956217699524
23.2282072088864
23.111579733088583
23.105300888160937
23.084041776149473
23.057338241395538
22.930376149573426
22.871604079300994
22.902021856413633
22.675172058962875
22.644166021050832
22.56292122722767
22.401425825932616
22.249728215491306
22.12073964839215
22.01246380957905
21.933039987066454
21.84709977251719
21.708898978897203
21.56660147093619
21.324290444695986
21.235684784987804
21.039387108268087
20.889055967037162
20.651532570678146
20.547835507847942
20.281569111774036
20.119360900017288
19.980043506043497
19.779077068161598
19.553020384389704
19.33128557298498
19.10903497038031
18.87590628800313
18.635872014579842
18.347752274915877
18.067296529306926
17.955844384940804
17.578293257661276
17.42708370089538
17.085033844918676
16.915390706044708
16.55702243816558
16.34094494970782
16.146799777752094
15.859883182502383
15.546681972851092
15.251573581963656
14.97464934508989
14.711505078555374
14.465674046385267
14.18465298037573
13.784241336782305
13.526829140110312
13.331018095110391
12.898825764074939
12.750459701901155
12.323101587892232
12.129929966597713
11.856902904564945
11.437277758609447
11.12848913343526
10.890144533675699
10.637495254954496
10.354142021749311
10.039368796385627
9.685183010941302
9.34637301896973
9.17107924889383
8.974500495337518
8.477751122747037
8.353407486896872
7.959937429095084
7.791746263225163
7.309134098499604
7.264794247639381
6.9584590585876125
6.48870448129945
6.157391002875729
5.916389330212878
5.66269389990412
5.3556143230071
5.024141388164007
4.831857568004587
4.900917377802758
4.634155521606711
3.8856634320528767
4.275934078515379
3.4063990817530825
3.9382113851325693
2.6500772518259543
3.3671148856103503
3.9099689276334058
2.775610804712508
1.4222407416659346
0.6321412285324649
0.31475147432098655
0.26676054297891677
0.4067192523911594
0.7246239362838012
1.120028593632498
1.2583357631275325
0.962642361954873
0.8990822402949614
1.1263011892161348
0.9003660839461127
1.0898347828071677
0.9325331688755022
1.0207756511495727
1.046387666514451
0.9700847805118747
0.9538033900569713
0.975068992752527
0.9902408932982479
0.9906002434836356
0.9805751938563156
0.9712461989671004
0.9838637082135855
1.0202387478695878
1.0090238872990016
0.9778262644429093
1.0225148973235108
0.979874212753582
1.0183452752038784
0.9878736763856625
0.9964656986419265
1.016535043247905
1.005492139579313
0.9917276096684698
0.9872087827057703
0.9875431160103106
0.9894109636023591
0.9938101293464879
1.0038129393048274
1.0116333898632417
0.9964745897584797
0.9931446459506693
1.0098003980196593
0.9908851324466229
1.0083902017680941
0.9926298072683735
1.0023768091693641
1.0074728518285037
0.9962031510207716
0.9916945636077772
0.9940216182768675
0.9966631832979719
0.9973249332121094