19.417552289860225
21.533696005383845
21.359653045566667
21.473284686275484
21.402308451087777
21.36871796856376
21.277964582604863
21.342810030671494
21.109755149793596
20.98675324738624
21.074921736422816
21.06757696646507
20.925618150612344
20.931054914784397
20.758462945023677
20.721775006118087
20.536676995148778
20.34432879529553
20.336133725222076
20.29897562162796
20.05127576791477
20.009777195739318
19.783725797497727
19.748404640263036
19.506161922890357
19.424770004952336
19.286641837586473
19.042895586873218
18.86943755727573
18.67819438639643
18.49562618196794
18.3298863779611
18.13259326409977
17.95718034025488
17.858840524007746
17.655450498180215
17.337234544140163
17.186421732529716
17.00247944235366
16.7351482713191
16.565296158991192
16.33111578487005
16.026070060370134
15.898439673582935
15.702146644514622
15.396625246345716
15.102901558117882
14.870718139807863
14.599512681123908
14.38758139891021
14.158316037338912
13.975669743538841
13.730234401672849
13.35614053370642
13.149640522109602
12.92692798208434
12.57201436080523
12.415212811058677
12.080121692063086
11.795726514788203
11.65786138974851
11.335677195688282
10.972049319759025
10.691782308729124
10.456975569174775
10.180412172063741
9.909578967457254
9.604697337070748
9.373601646900399
9.23199172363137
8.971699819689803
8.5257989765101
8.417005620280197
8.079240477161386
7.856695561873579
7.503845786533575
7.429188076311796
6.955066678519679
6.693469743178598
6.611966354534788
6.426471696620846
6.169350482393422
5.905976160259345
5.683018662900463
5.468206042116687
5.14887852831124
4.6211177688022165
4.339674338389251
4.572993777936568
3.9066481869349663
3.881025263951557
3.5390734582060728
3.6639534873420816
2.566497597557924
3.4767281922656816
3.781898644803765
2.6222328975909606
1.3562903076032529
0.6216873174800673
0.32146189992536395
0.273017471467901
0.4022797172108945
0.7027509503134518
1.0871023386667678
1.266803705443746
1.0119933950460769
0.8655882626619845
1.1198050097939238
0.9294900371718285
1.0567724211689205
0.9368890973859709
1.068403681755162
0.9697057476793542
0.9626014153335577
1.0283857291972762
1.043221102998057
1.0297948745518568
1.0155604033650276
1.0163157727200067
1.0231147445356232
1.0304399312198609
1.010771472253303
0.9776273025118271
0.994459779598709
1.022113641088386
0.9804459275730482
1.0180961814647056
0.9828751094992985
1.0182856976061931
0.9921370879069012
0.9908665011998402
1.0112268788052643
1.0120750494399657
1.0034175619482055
0.9951584228930643
0.9956528042311414
0.9968800121226724
1.005566106556363
1.010391947944224
1.0041322156510866
0.9910904024536048
1.0020810929805493
1.0055922959201196
0.9921351479176228
1.0070927751088876
0.9946585686762418
0.9999693824679671
1.0079926563700152
0.9960096841311683
0.9923226317623463
0.9987557866342068