22.431863432391346
19.511010181285
19.587309993973456
19.654497152748718
19.714686614563576
19.45056611948877
19.3946821718744
19.45654315259881
19.444081422142496
19.371056883094198
19.29898722741302
19.2764913448938
19.299050162150984
19.232444702111827
19.032778152681704
18.98005837173479
18.883183473890103
18.816084833536284
18.695906859044644
18.623413838735434
18.43130150523565
18.426652772824394
18.26964760276907
18.126400697521373
17.945351842301633
17.786894507370153
17.665238866950595
17.536288003493986
17.388211896346792
17.24807300742801
17.143822101513887
17.013698408212086
16.75268190782758
16.569811259409963
16.508913950425793
16.217669669456896
16.122332086416677
15.858437147168443
15.712721856365178
15.564123965455725
15.24699204536072
15.082166259228696
14.93338144169962
14.74023153798181
14.543170251241587
14.343086048581613
14.126896050303852
13.877967196287448
13.59399191431736
13.347866071967857
13.209240385762635
12.968954752003139
12.650524230998954
12.566567996404222
12.177738975284482
12.088879621256034
11.731311794934712
11.530705357347589
11.378802157086765
11.067361345643327
10.741322536925622
10.5056816012298
10.292958036488695
10.054470656690658
9.789259166902152
9.517167807598213
9.290689845802293
9.15360493928158
8.962164499908537
8.558516553364528
8.376291881011294
8.182784201353504
7.826303260507258
7.701888765925787
7.407127373009439
7.0672352880498694
7.029760640472648
6.750324280054678
6.3600190397741825
6.053567872130128
5.823651303202626
5.599754736035676
5.34389999743888
5.076943851668573
4.903196737004921
4.914661510329917
4.791255647132583
4.15048689117258
4.120961185730385
4.087254368926706
3.45105643763394
3.697497839331363
3.3209932154050397
2.559303148709085
3.565347931593312
3.646771873826639
2.4715813472746233
1.296595499018816
0.614877763400573
0.32876824553481954
0.2792136278604992
0.3993519136651015
0.680557022730373
1.0559250892055416
1.2666731090186993
1.0620619346896323
0.8498338775054891
1.0878596881141636
0.9888908816893106
0.9907691896974027
1.005118828246072
1.027310942231558
0.9448254119888557
1.0417555668571927
1.0291944356397225
0.970453938864589
0.9585749340363057
0.9747772637866426
0.987363971232402
0.9878785513634102
0.979634443609625
0.9729341413609092
0.9860979890253155
1.0183666717114288
1.0147030018649925
0.9788320637734965
1.0121606915071837
0.9943448143236014
1.0055422969402927
0.9900095726011805
1.016264624351763
0.9860470106578766
0.9962403565652288
1.0125267109714597
1.0095800228202503
1.0013680644083252
0.9954131357831011
0.9933910446191346
0.9954347771898089
1.001546477822758
1.008610743705692
1.0062500852056118
0.9925070045303968
0.9967409201965421
1.0095931337616049
0.9911671554448671
1.0071069638045722
0.9930489346372188
1.0069652405471143
0.9967968583234563
0.9948652028924686