0.8022983884179348
0.8103804754496781
0.8345541997638383
0.874552326183416
0.9297766766119214
0.9991105236200803
1.0807301463196213
1.1719707435104758
1.269294889408278
1.3683943214941359
1.4644312505994603
1.5523994284426625
1.6275598116989107
1.6858918613142284
1.7244945421228985
1.7418773586777894
1.7380993099280992
1.7147366628459555
1.674687087102574
1.6218417686455693
1.5606746826271198
1.4958070822859633
1.4316018241908912
1.3718347268767956
1.3194682834755995
1.2765406978668372
1.2441563902588328
1.2225610685146862
1.2112692710778
1.2092196256123549
1.214934644842243
1.2266731905531791
1.242572229248422
1.2607804485471616
1.279590115580895
1.297567199558679
1.3136780983787046
1.3273975177988673
1.3387816681707565
1.3484823376070694
1.3576858291947214
1.367966250678185
1.3810601558924334
1.398584922466343
1.4217392132282407
1.4510340524438838
1.4861050784500651
1.5256482043846986
1.567504054521124
1.6088915242355788
1.6467636215114563
1.6782347166175873
1.701010165042809
1.7137445800535969
1.7162619850405385
1.709593888654056
1.6958188587317666
1.6777256983094664
1.6583516860403313
1.640475654981256
1.6261536784175263
1.616380515500446
1.6109416007448898
1.6084826218936217
1.606787512021958
1.603215354938056
1.5952159902638887
1.5808285917710656
1.559069221137783
1.5301333532082273
1.495373897205919
1.4570582235249911
1.417949854033931
1.3807963056291408
1.3478217965889894
1.3203258042635053
1.2984654528731985
1.2812661835181922
1.2668578690061216
1.2528885519354438
1.237031187435447
1.2174790149430141
1.1933267361930175
1.1647577390679416
1.132997848623864
1.1000454687700487
1.0682358553562314
1.0397342451860263
1.0160685612820308
0.9978051458485299
0.984440709999937
0.9745355024363951
0.9660587100217564
0.9568679877400761
0.9452128775787066
0.9301445815630023
0.9117346913665062
0.8910492475532925
0.8698823430196101
0.8503117655469832
0.8341841982340521
0.8226567889750935
0.8159106888351049
0.813111151460208
0.8126276704098294
0.8124610362348516
0.8107691690186873
0.8063550054365561
0.7989862985108619
0.7894587373942438
0.7793807139806787
0.7707333049032183
0.7653224451804269
0.7642734475214402
0.7677107285276974
0.7747173786052762
0.7835922865585492
0.7923373346345934
0.7992381357058832
0.8033698948004603
0.8048765443950542
0.8049338555963831
0.8053993091017689
0.8082467452020072
0.8149530699779671
0.8260252398545446
0.8408186210519063
0.8577120420064022
0.874594287371778
0.8895157926769448
0.901300736900527
0.9099199029787512
0.9164953163412084
0.9229240255716394
0.9312342739168221
0.9428810999861639
0.9582167107806758
0.9763207179382191
0.9952593035581625
1.0126974633954327
1.0266630919505622
1.036201167437521
1.0416852642874705
1.044666572906808
1.0473014602617865
1.0515517915256964
1.0584416338082894
1.0676435222299987
1.0775559169835374
1.0858571503196817
1.0903428370360584