13.385846843728546
15.44719450527035
15.146653206173605
15.135969328165997
15.380138884436692
15.107142635890233
15.050575170439389
15.16019385786876
15.166707379957748
15.09450394382331
15.019676394481984
14.956754511221241
14.892520772756878
14.82157799784208
14.76713082860314
14.771186978455681
14.795999264115432
14.676547434168187
14.482982095677444
14.52483769438728
14.448926058965643
14.287568970974952
14.294224919986465
14.127901914906627
14.097969707706131
13.936625273189605
13.907795355993827
13.780455805754674
13.59688172000897
13.533133131575873
13.493842345911874
13.397836601152791
13.264037145585393
13.125800594300879
12.995074131698642
12.868697954503597
12.737804553741602
12.593604899079459
12.426464927432594
12.239417732359712
12.11389574706947
12.052053338197558
11.804295771450937
11.699488691867005
11.553444407089858
11.375268715572279
11.216599526241593
11.115351075661987
10.843564710595414
10.772315577746975
10.620328487869994
10.375017407707919
10.191196206375881
10.061572011989288
9.929793446535577
9.77736063586479
9.606273798137611
9.413388921117887
9.189236877885847
8.948886822215169
8.767213973188657
8.689948640261832
8.545974180031937
8.231374386771325
8.108689042996852
7.974397988961969
7.670745466599568
7.632046696909688
7.3039626807717974
7.204561750182318
7.062919555015591
6.702721334420195
6.609233113404601
6.551744455509924
6.333376334725656
6.0513476457568665
5.798252575255615
5.583474731570377
5.393068347359664
5.231295847577269
5.125163104160279
5.072715802392638
4.928661386322329
4.514099562552812
4.217966735895218
4.419154502501057
3.9665116844336517
3.8007603242946693
3.7979790194653322
3.405516705552577
3.287376526647318
3.500072225249505
2.477366720210071
2.8719340616124467
3.613824167764906
3.1694998555115874
2.0723520274038663
1.1379637841674999
0.5928025814564231
0.34911690575239995
0.2980898619485077
0.3917084668187787
0.6223407951554529
0.9532408940208121
1.2244295481710623
1.1913494639658095
0.9119252991137262
0.9144237460100417
1.122076742984892
0.934223885780093
1.028352358860198
0.9894033406853854
1.0211228324469723
0.9610435212785329
1.0542242093658174
0.9676978295610823
0.9787976817330603
1.0359453190029626
1.0255890770948923
0.9906374215586291
0.9723185614106266
0.9692517225636355
0.9706668797424434
0.972486684560236
0.9778546629205651
0.9928202962007516
1.014476104110772
1.019325309534191
0.9932675561717412
0.9854663937917547
1.0152825631641533
0.9942693156173407
0.998427076283044
1.0043155184470387
0.997705713335346
0.9960878935638
1.0122324130739662
0.9872678854747484
0.998002160024249
1.0124027511238698
1.0049311699406511
0.9940609168720247
0.9903325429825189
0.9910381359297629
0.9921066046134119
0.9919266650921752
0.991104384582031
0.9927139698877762
1.0004669473154264
1.0089478387574529
1.0019737167371792