19.10499740249401
16.46122413699426
16.31780554235502
16.500078809619474
16.506409676536453
16.361713651732053
16.53394347183386
16.397506997158988
16.56071973069048
16.351273553672616
16.297272185593723
16.379678575765535
16.22486950466672
16.099742195473805
16.14718421482496
16.070478300333583
16.050674205465484
15.988705517511399
15.854175256792189
15.790378300642136
15.687885800338032
15.531545817646027
15.43297852524374
15.403898610672183
15.253977511764612
15.095830093825144
15.092307319870406
14.880926338728848
14.890968265779646
14.656989673172617
14.59156015562039
14.439663179652044
14.267004667825388
14.1534558658008
14.091966536313047
13.913636945551469
13.759581147534114
13.558327366265976
13.430273490397152
13.284649239483828
13.134838827603314
13.003371897941035
12.82171793521343
12.582820232445991
12.44277645507219
12.352347387220851
12.064604801446757
11.96871955955339
11.725170065604672
11.590095848334183
11.31690465695922
11.269540100556618
10.994451244423836
10.748679462933168
10.662023840049462
10.497814833553969
10.306174914619548
10.06026647840639
9.861985214833837
9.668430019802612
9.485947964923906
9.329213636620873
9.128871204172535
8.832709249344834
8.577481982620709
8.510756669130553
8.266567624595808
7.979529768204132
7.932465660421196
7.550820375666845
7.50478493417746
7.196293820837127
6.955487578003469
6.928006125306294
6.642556932970141
6.31033788361969
6.083971301498625
5.950660272244822
5.7888381394255015
5.600943181522667
5.367263795122687
5.077993651526869
4.812951297153727
4.729701749851542
4.790101052196698
4.459611760252525
3.9758433715611594
4.265676809906197
3.6226480229690607
3.835026322763345
3.1506209535958805
3.717088143467086
2.68271644492484
2.7359486567076887
3.6347033559067574
3.3372579383125793
2.2011899451263024
1.1872902267563579
0.6009939582943475
0.3416722940168395
0.29079727069493033
0.3938388064504221
0.6408245747515722
0.9869689004380018
1.2443277443225398
1.1539418997106974
0.8736200554335817
0.9736095007628851
1.1065615392364347
0.905201371215781
1.0804182620347855
0.9296575883444355
1.0664312742713051
0.9552883415298771
0.9993700521929357
1.0454838449436723
0.9882283992181059
0.9590968417760993
0.981792289421817
1.0032229912756432
1.0165806598675124
1.015734692583901
1.008556803750557
0.9961065767973879
0.980235062416598
0.9810982275637247
1.0090234326059555
1.0152279495944718
0.9815599686453115
1.005083001271412
1.0017378560186174
0.9945951821734219
1.0041429846670928
1.0041127529572011
0.9876459087687309
1.012295703117336
1.003238828300146
0.9867883618364679
0.9940245952661331
1.0024658539849403
1.0096744562880329
1.0091213964711627
1.0096109896880883
1.0084162158093957
1.0018565224412266
0.9931645426718521
0.9911300065956958
1.0027682183396736
1.0076119961922816
0.9932106422689209
1.0035773793884664