24.530516195765678
25.339267225299366
25.4143784380056
25.091021874065216
25.174854148615754
25.299007840578085
25.178690624271848
25.06578462601815
24.978001193556494
24.877931184559227
24.832231199160926
24.84130045429601
24.672838129754652
24.601000201707393
24.601303160223463
24.35225335889411
24.266041867411488
24.219824925941552
23.97344581401077
23.793138464993092
23.71920039828768
23.543260516187186
23.3695685399958
23.199267174543245
22.997492650107286
22.799587408080615
22.671800707993327
22.490581045775592
22.16058713181894
22.06709368027386
21.78603452067773
21.63141068160133
21.302900108553978
21.11377498596298
20.941539021236323
20.647595550485644
20.384764103221105
20.099719688829097
19.82188194676065
19.579340805940923
19.357941899106034
19.086139096083784
18.713136700888473
18.45508737930155
18.25852900812978
17.862338572070648
17.6641895363851
17.28841793944889
16.994017235402826
16.78054599339214
16.438211119389578
16.081192782716087
15.725554902051474
15.405466877590724
15.108073212347609
14.835000598027722
14.592663436135467
14.284547534651866
13.836618642933045
13.57284162318481
13.280044296275946
12.90139199870704
12.622103322709519
12.33194325730617
11.884333705656026
11.622116638031624
11.395824924277171
11.097999896708169
10.756918918704633
10.437189722729368
10.136980043588224
9.794868241920243
9.353262337068553
8.988366224671637
8.872546009372382
8.412619368894577
8.17541511527597
7.809150948401269
7.642253555856943
7.098480781622993
6.925928949776225
6.8030427389711186
6.482160927698422
6.112954721762612
5.808300664669365
5.588025239788782
5.422585897768616
5.112232751149622
4.457220656605216
4.222820613152227
4.458631661741004
3.4170308983808497
4.106884225802563
2.8292918414513153
3.233972976503294
4.0114766435043885
2.9319095683854166
1.4873050713753562
0.6415048643998408
0.30912716859398665
0.26279138579706884
0.4120962441147076
0.7459297568359524
1.1485356022554511
1.2452214996289062
0.9168380563995674
0.9492530846307087
1.1002314406831455
0.9145051937210836
1.0621251046962326
0.9931661652698336
0.9475610680542625
1.0393767669438743
1.047195965144989
1.013101949921213
0.9944463376674262
0.9926625188803924
1.0042821737543461
1.024012512863468
1.0262895776702732
0.9883634864924083
0.9824455774471353
1.0250935558794714
0.9796665973986701
1.0188911101753118
0.980794971319523
1.011837936285303
1.0091977299551933
0.9858970681858483
0.9870942804631266
0.9942294269065506
0.9990387251518944
0.9988492792013762
0.9933614984310248
0.9884789752754697
0.997103261635126
1.012113393926684
0.9968618002093087
0.9963405161390448
1.004539505647976
0.9973327922832702
0.9977628299266109
1.0084560915763543
0.9949391635610934
0.9928437823848626
0.9974723618912681
1.0028418611608891
1.0044758204860111
1.002255182113058
0.9972347956810796
0.9929091042911063