17.798907909871026
18.053983669229307
18.124998334744426
18.03076972675392
17.930961174653742
18.095238119760996
18.02509577288169
17.892489003511198
17.81185686656609
17.882235286250655
17.759975675063924
17.72733786010625
17.725757667858538
17.516066779747693
17.534915953036805
17.496847524920696
17.34679734627721
17.33794606594702
17.293777878798885
17.155957057620515
16.991553757161856
16.84984734130593
16.762113115180753
16.693702488893745
16.567739360119973
16.495493426298633
16.399624867830287
16.163543673310354
16.04054522878513
15.987286662087287
15.741968162323397
15.682131730000757
15.487646018072919
15.36126063207908
15.114181185406176
15.061480439763784
14.877104174605881
14.635950911747225
14.474108467941974
14.34175289086755
14.196877188231275
14.044189170316692
13.867164779916626
13.6385661147794
13.412998581668282
13.189360953996104
13.009454842204308
12.920320148638249
12.634946402046483
12.40738069653311
12.316080009458155
11.971440716931873
11.882053814568074
11.584413810169622
11.401472312265332
11.279077691138356
10.975616612233203
10.704661938237649
10.521742656806014
10.34744023943777
10.149057140763828
9.93930484677329
9.709948415795782
9.427210555746177
9.14984715078219
8.956569535163354
8.851632100034623
8.596847615411619
8.248754940188427
8.20325272217249
7.808139103226779
7.7654418869464745
7.33300032919474
7.3088515806269045
7.000533020828364
6.648554944495691
6.551379260804051
6.450596992623085
6.241254687869903
5.994299265468264
5.767776422919003
5.574690011448688
5.409664179462749
5.192349875930327
4.7742318928702305
4.379876164137518
4.474822713228521
4.337098087781276
3.6883848315801857
4.106446366356772
3.1881075893190074
3.78454831867256
2.973305718014345
2.624817681605909
3.613888450274914
3.494657659663227
2.3343009316567254
1.2420464301310945
0.607132684299703
0.33430382052339036
0.28467759925819136
0.39664473620761614
0.658898326529042
1.0225213248107923
1.2600511630828621
1.1088081699735173
0.8520696499863953
1.0344505463772469
1.0557270041888378
0.9284031592147027
1.0711541792555719
0.9499620983654906
1.0136715144148036
1.0356966128151393
0.9516063662085597
0.9901815205927819
1.0379204952689651
1.0345915433569262
1.0144376814776968
1.0030261353712353
1.0039780506656237
1.0119125998243779
1.0220325198278313
1.0241434231104738
0.9966056211558235
0.9788934733785899
1.0090675757118006
1.0090320188523807
0.9839161571223725
1.0161762461355752
0.985263298668141
1.0124116086140478
0.9990074674592923
0.987791045175113
1.0097996823560298
1.009359938767681
0.9959325322757404
0.9894127409439295
0.989284476207054
0.989344534884777
0.9882954568729932
0.9904980815104037
0.9964139283565334
1.005331524652855
1.0089066162588758
0.9932098589553178
0.9976453967720734
1.0075841313053928
0.9910503350974361
1.0083238119121125
0.9933101190465298