26.75205242772957
27.685945318380266
27.688936435904726
27.34285205991896
27.534801387053978
27.323653540382363
27.44086919020338
27.466209050432706
27.224838104831125
27.047300599007567
27.080142632255107
26.906991381158218
26.872025454254455
26.67097176736321
26.6746034226518
26.62203282957754
26.36732145008387
26.170213784595926
26.12078832999062
25.85251485813003
25.759791070608014
25.583830127512748
25.343302618502715
25.20691977172162
25.013626494832675
24.847241651554683
24.63667664514265
24.39718082959429
24.110663716368038
23.8554442130043
23.623647140905632
23.433396879137643
23.06817193292868
22.90444180195621
22.545967748671703
22.376550501252776
22.001693227542496
21.72510757605738
21.520133717782052
21.228643846448254
20.9500953858722
20.637089247157935
20.33593224413707
19.96558517785553
19.597709216774067
19.291126776583553
19.051425537436415
18.59435457897973
18.368249121395063
17.92328600938483
17.71794197099642
17.30604153279054
16.919980552977165
16.61936001491102
16.321559849556454
16.007058313712456
15.63493471805855
15.266757936664318
14.838978307387757
14.455629471559849
14.236963356609564
13.850543277009631
13.43108558356199
13.183590918952259
12.745941712613524
12.379905927751436
12.15362189271448
11.72222004056092
11.287017426334828
10.912764185889495
10.55294446928838
10.21300221610231
9.887517209459244
9.653816230246905
9.408045859496836
8.884382358343176
8.583135894440346
8.34588415088056
7.879026223611512
7.612718949705881
7.426071380794315
6.860411654696692
6.507667181304188
6.319091713875589
6.108321736007048
5.8076100159187245
5.428708058857525
4.930197691979875
4.576020238331432
4.736173181182165
4.379885447977383
3.646439822366527
4.129493293038405
3.0897551542303106
3.1030324095186828
4.0927335682815205
3.093792569755944
1.5609506314141637
0.6532185485343699
0.301612459943319
0.2577161880169861
0.41680609794184503
0.7687259236402914
1.1781688458635036
1.2245510221670786
0.8791207388160862
1.0031034807879564
1.0493941179075486
0.967393773466312
0.9955891898236178
1.059021461092959
0.9508447568001022
0.95995202317452
1.0100725030223563
1.029822685245806
1.0331909516517477
1.020921990435222
0.9987860808237453
0.9707975321357314
0.9879537331852338
1.027265057519042
0.9828344370944606
1.0121584627208378
0.9889834630932284
1.0194356818975505
0.9833626241141272
0.9943544793970038
1.01457603004264
1.0158703951049484
1.0086871701280886
1.0083756576242744
1.0104521821570294
1.0141991711976852
1.0028884423308113
0.9876140336141542
1.0031769852143133
1.0056642025269746
0.9940031241190771
1.0060832685081962
1.0013899323112896
0.9920335822243799
1.0047463129826446
1.0078743991256491
1.003889911445256
0.9987989974315534
1.0000675158422947
1.0018156490825512
1.0075398182677073
1.0045032186308014
0.9935606780281304
0.9994691358754276