2.3180628495507682
2.273117188472291
2.147340297902518
1.9650726368279579
1.7587051721850608
1.560209127203006
1.3947161808527841
1.2778972693974082
1.216685796143202
1.2113602185312593
1.2569734389515654
1.343407855331875
1.4549481790716916
1.571056668925092
1.6694757429704532
1.7312549036436613
1.7458447190797792
1.7139677551895336
1.6468832223523817
1.562346249470224
1.4790367699005684
1.411686668783013
1.3684475267296288
1.350749256755846
1.3548492795113074
1.3739613129369748
1.4002504043841446
1.4265651276163562
1.4480234725483787
1.463314606436028
1.4751620305495028
1.4893006328946052
1.5118545913697776
1.5459316744203238
1.5889836036076805
1.6324409867798666
1.6641850379629715
1.6730088746242022
1.653136924086593
1.6067392781537375
1.5432991554966902
1.476165367371964
1.4178630987967547
1.3761488484680493
1.352261810975032
1.3417515866333602
1.3372200923032025
1.3317476645216777
1.321760849548303
1.3084614396366363
1.2974272974508625
1.2965042169158143
1.3126086848970677
1.3485267573097508
1.401029286344401
1.4613636103256926
1.5183061459697895
1.5627107917237621
1.591499654808208
1.608966361666972
1.624400811564721
1.6469467732443719
1.6802702423641018
1.7199947663280246
1.7555485435715472
1.775647780448163
1.774472482840632
1.75500028007981
1.7274459074436552
1.7035511825515328
1.68996248136959
1.6845822631574572
1.6781005239092983
1.659837970741962
1.6244034893731125
1.5751259764020165
1.522157787705693
1.476418156429504
1.4431319424275888
1.4189815724571795
1.3946256036787616
1.360944651341249
1.3150086785314556
1.2619510920665515
1.211590461263119
1.1720593970137183
1.144648606046087
1.1232544413787364
1.0987416981388147
1.0652382056603584
1.0240832945341516
0.9827640407683015
0.9496255126221396
0.9280681714162025
0.9143043085516408
0.9002332477257939
0.8793524039185856
0.8514327022735069
0.822565913832632
0.8005625272505457
0.7891158910429059
0.7850971183260325
0.7810285478518093
0.7708672767940775
0.7546643904314576
0.7384734177837639
0.7295416833004036
0.7305453996888119
0.737463766217633
0.7428535600392608
0.7419377112541231
0.7365521757830161
0.7336403354737188
0.7394451713644038
0.7542050993514965
0.7718760316258109
0.7852391862831679
0.7921132594010108
0.7972813302461714
0.8083151794430598
0.8288149625301293
0.8550196464288041
0.8789420422308112
0.8953965577391478
0.9066320006238927
0.9202306187691767
0.9419921317931372
0.9702668158616403
0.9971059953589735
1.0153749112803736
1.025266544686223
1.033967089209387
1.0485812377012234
1.068972913580147
1.0875140817645437
1.096200761575183
1.094318622619249
1.0890540468145948
1.0882671622621358
1.092535419990917
1.094540806271701
1.0865938916557825
1.0687149778848848
1.0489004649603129
1.035155215460346
1.0275388393131262
1.0186572026101597
1.0021843158069002
0.9803200458785382
0.9620352259011301
0.9538687031363712