29.76794524697998
30.034499543858548
30.161478050104886
30.084234820860285
29.90508230996385
29.90095828172001
29.661649772918093
29.89051706820361
29.530185648856857
29.633736177904527
29.454713721704326
29.4374760478955
29.331663055780123
29.123159852029787
28.95624674717632
28.82410517477127
28.661856938181337
28.461498955552013
28.37289640364999
28.26952382892521
27.938813793734894
27.786874028213223
27.63208566490925
27.300388055931037
27.16184372671587
26.982639342074126
26.64755252331415
26.39689132745833
26.185693520003394
25.942103224310674
25.64399592920137
25.315795950890195
25.025388142706795
24.748433611127243
24.537985670614468
24.143280893353065
23.886786081402665
23.521993576839538
23.257563924649933
22.846102486792255
22.59130145199228
22.308374860307392
21.949055650523853
21.57373009198581
21.208604654155913
20.875431341468232
20.548582806396656
20.093062445765046
19.684580422134356
19.4288335717324
18.96829009130046
18.665524562007235
18.173295148903346
17.933774996324257
17.523483402846225
17.053824614143625
16.654801912508706
16.27625734064611
15.87766098916978
15.47684251890778
15.122912317034517
14.823154438429547
14.461191119081251
13.917626284425204
13.708928389560919
13.151575018736423
12.937635919923851
12.409356053725336
12.023796545518127
11.765274594216288
11.431016251341152
11.047581469526184
10.670981135948693
10.308109298901128
9.886537279186486
9.357478688126628
9.0497195530441
8.85875455986821
8.241458402805435
8.169417587922496
7.5265806272736775
7.354619579487747
7.1499019600159235
6.634716406289888
6.154639540415244
5.771846118999656
5.432994734526546
5.179474096755874
5.121912302907644
5.018668445614876
4.205616931765731
4.046319879080512
4.034123840517418
3.4176163398017114
2.977948362275922
4.141254859242869
3.2587880615811033
1.638014435660286
0.6636828103111672
0.29685021889126095
0.2530039252666085
0.4218226577548966
0.7926393340934337
1.2034115100439102
1.1972885260811468
0.8549194269503344
1.0561027308089592
0.9880569817175746
1.0340971682792297
0.9343933981192002
1.062051201872762
1.0258898715386289
0.963496102076804
0.9512954566076637
0.956541423127938
0.9612333243886669
0.971762931922087
1.002957213201009
1.0314370152690246
0.987898846999837
0.9928567066846432
1.0132948750029396
0.9898084162369383
0.9984983997156839
1.019093332483636
0.9912327333171597
0.9825398045698993
0.9901048524549542
0.9956037790756114
0.9938762315127296
0.9869758241167002
0.9879283400104741
1.0052019993415349
1.0089282664807506
0.9885471199956436
1.0106601375638504
0.9889243601637121
1.010079867638284
0.9971180645154216
0.992406994750081
1.0025294022604259
1.0082606161314183
1.0088260298012517
1.0074864810822037
1.0049238152136468
0.999183930662609
0.9922101976711571
1.00264041413542
1.0029046968002284
0.9954863369908763
1.0044619298916841