2.276117952217916
2.1867002596312086
1.9621098004013964
1.7010386938858197
1.493889912462701
1.3870310759856501
1.3892871090647416
1.4865758531029076
1.6393983024078762
1.7808472903779629
1.8418684794027778
1.7929288244681838
1.6630198028693788
1.5181683881016481
1.4220556244402776
1.4095890365977597
1.479925433493981
1.5993518109061415
1.712826173603997
1.7692694059943892
1.75074528156187
1.6813431010257684
1.6055309706489087
1.555461996922777
1.5354550309385673
1.5308322514341897
1.5261347955585072
1.5174784320978498
1.515247175358368
1.5375801687183428
1.5949960861271446
1.67430828842384
1.7385824233801535
1.7503215263976997
1.7006338431066303
1.6167928227287924
1.5403958467274599
1.4969454300022118
1.4832576717188866
1.4791341221625567
1.4691280658776928
1.4567132080489311
1.4618188329062924
1.5033267160724986
1.5785892659366572
1.6583518705975164
1.7064389217471885
1.7094502107422191
1.6867763011011574
1.6682786657892803
1.6621157021426471
1.6476310057428651
1.6007969659109265
1.5234940801672743
1.444841671418255
1.394576576378643
1.3774488312702975
1.3737886253956082
1.363330389075618
1.3474373338143164
1.347909074618577
1.3834783280301628
1.4476092425174603
1.5121587458294152
1.5557504684680277
1.586359030621418
1.6299273329117048
1.6956420216275454
1.7602209152655282
1.7937026820731425
1.7961573076005215
1.7970452005704214
1.8158378427910782
1.835428931381007
1.825087692108585
1.78276696139195
1.7386197676470023
1.7142535641741161
1.6942587468093038
1.6498869143999586
1.5811250714812017
1.5172621347630992
1.4756990082059296
1.4387804118294096
1.3816623086074598
1.309580175462604
1.2498696555751507
1.2116841934775662
1.173905869268164
1.118453739384095
1.0577129055080206
1.0148179837934153
0.9881887038219971
0.9552022640766565
0.9082598629665832
0.86615154712593
0.8434721984701694
0.8275983584292584
0.7999124650645469
0.7661472537942726
0.7462701402269079
0.7411523862360944
0.7316023550781554
0.7110578060789313
0.69647284038192
0.6989368828934622
0.7046181420670224
0.6991226657248054
0.6928165435252917
0.7023759346112038
0.7209477544743983
0.7303784796037129
0.7340714248718784
0.7508559572972086
0.7802452528409121
0.8027880679512924
0.8158276608138821
0.838426823655975
0.8751373313083095
0.9063281865278513
0.9245352537283569
0.9482714535571184
0.9857003556534512
1.0173481550089587
1.0324588905697238
1.0490926150633637
1.0776337981648758
1.0987597081545994
1.1004559048386156
1.1011890644361615
1.1121219853903554
1.1139847668173612
1.0961801554835537
1.0787856545874612
1.071855810295914
1.0560069478333114
1.0249748717236904
1.000846855055504
0.989556672846212
0.9713409586246752
0.9464921116550413
0.9371573565449008
0.9409679472115131
0.9381656529932153
0.9364661477012229
0.9534627050331216
0.9755214573433848
0.986192892779027
1.0004246255391551
1.0263144937189332
1.0419084727553252