1.8240317727045963
1.7884342544398006
1.7516390981341055
1.772550280091999
1.7834310455892772
1.740848853393998
1.692719275053433
1.678963467323177
1.714833771200496
1.7966678383658736
1.8518249734357566
1.801134718843431
1.6768306837035412
1.5908647527950792
1.62423048970314
1.7627617342427355
1.8881367759343457
1.875875196484878
1.7378485864798787
1.6067871926618134
1.5868171842381205
1.6690970271528132
1.7637764455847518
1.7953682531454243
1.7781614353012922
1.7674522776123802
1.7576064449253836
1.7032064291116253
1.6167325680556113
1.5747877590545998
1.6315108486993508
1.7475088713193219
1.8197050491281477
1.8007709421768965
1.7476815172357523
1.7167872037878968
1.6837809958160428
1.6158808531505133
1.5530671214052099
1.5645603330034592
1.651494720436897
1.7351600858205471
1.7596984497893662
1.7605956696905047
1.77770262464289
1.7675603955385923
1.6859090397827816
1.5843297682259656
1.5376864694224543
1.5380526543765105
1.5344720674886743
1.5338304266802751
1.5865422730611194
1.6811264240084984
1.7417720841440518
1.7513474972839642
1.7668359459209606
1.7880295689190402
1.7505950560828276
1.6630345405956095
1.59734145049322
1.5541923090602798
1.4847740625843417
1.4111991484168656
1.3915621836237486
1.4094879071669426
1.4157863376991082
1.4326326733347987
1.5016665905886066
1.5834925084341263
1.632079771332987
1.6885581598486437
1.7760810995289715
1.8320740755702245
1.846436447100848
1.8805399530089393
1.9135447959508924
1.8907738622506067
1.8590832610298718
1.8512296178271903
1.8076128051770801
1.7320619461744144
1.6847772215367158
1.633190268849607
1.5434573601059254
1.4711048123872255
1.418641367284591
1.3358515835248779
1.2554601697564596
1.2058573882980246
1.1395862131859344
1.064099749389271
1.0198066366543244
0.9717666818533852
0.908296689615025
0.8712467059330924
0.8397703680329007
0.7908953878859053
0.7626697676845863
0.7456129393687937
0.7114706529239462
0.6934035078727102
0.689380268987135
0.6692903263171853
0.6625978912387427
0.6711243621666411
0.6643631470246241
0.6701234795115365
0.6911092313384056
0.6968629647016747
0.7156244548825582
0.7483741318641534
0.765006826138131
0.7958932288807583
0.8377032044869671
0.8615949631010343
0.9010404865021625
0.9457468806588247
0.9703100065602094
1.01107963531529
1.0485415714380109
1.0645868502014508
1.0963876402456165
1.1145173198460385
1.1133956206848532
1.126500379708938
1.117068718006435
1.096815893091526
1.0885109616181132
1.0552132875462332
1.0263710616648984
1.0061927233762433
0.9685531457170744
0.9521826470904461
0.9385792344664
0.9229100490034785
0.9350717618281081
0.9402191848654632
0.957384332251819
0.9885842253216037
1.0031667591272844
1.032655318654284
1.0485978806345406
1.0497690888421987
1.0573291251820034
1.0367553795775029
1.0208791671678519
1.0016937817677405
0.9726905332305474
0.9671558529384273
0.9548111925778393