2.7545395913351314
2.3707148974462853
1.770771610116463
1.601653953181714
1.8534829007561606
2.091100402736975
1.9778827869525057
1.771529089416131
1.766979339446509
1.9045586668844605
1.9613795347843157
1.9017620952249314
1.863472622825433
1.844336599796093
1.8200812589394009
1.8469883205297224
1.9490182122434279
1.9689538260327832
1.822105611969071
1.721595520919193
1.8251592113470225
1.9721548615138351
1.9450818777866037
1.8363680721454672
1.8011906646639584
1.7973933219854454
1.7964824010163234
1.8712838888940937
1.9654589667817137
1.9044231843811237
1.7652791415978717
1.7394750228784492
1.7904506044650588
1.8192143856951033
1.8761007022175833
1.9400411371868875
1.8684957847699901
1.7446204767854152
1.7218014263848638
1.7392641702376712
1.7548246890142687
1.8442900672685458
1.9224500526883563
1.8686570015356119
1.7992093705740781
1.7533136595034955
1.6671706352886346
1.644909871510895
1.7270117569913912
1.7830223244837706
1.826997157175507
1.8930873753892183
1.8557985628092852
1.7697576200286729
1.7198449757813759
1.6299416077683258
1.5720197375067544
1.6077603867987322
1.6369718370478186
1.694859529005463
1.800067577217695
1.831701084298689
1.8505207556682186
1.857426582245
1.7725894130555884
1.7052628114668624
1.6276448024481358
1.5195354428214773
1.4806317001244673
1.4454574824885187
1.4321151837960855
1.4911717457202627
1.5331182406178905
1.6120969733068102
1.7143572643167087
1.7725053602868746
1.8682755056993308
1.9183008681733278
1.945962486557849
1.983432049703937
1.950205151123019
1.9409452905579319
1.887946327396063
1.817244501431866
1.76176708799441
1.656214318049907
1.5872298053926799
1.4856730557568216
1.3948630420699601
1.3152633068274133
1.2139020184591123
1.1502516793195847
1.0592501162965002
0.9991496418441079
0.9322364120778711
0.8712954317321306
0.828907403165692
0.7721853685729341
0.7465370997508624
0.7023173165745082
0.6852451686341982
0.6593124396899684
0.6467275958845988
0.6405501816811708
0.6327344337655978
0.6445091495859148
0.6442949685223109
0.6706546225331075
0.6813660833219078
0.718456329846911
0.7423139844801749
0.7860467516327521
0.8230007277850167
0.8688016106920031
0.915712016608758
0.9581546649987336
1.008528473377718
1.0412554473263376
1.0859842511998274
1.102372304770943
1.1318659097701236
1.1268229541294636
1.1344811068198737
1.1072661772048527
1.0933503829430242
1.050288577637756
1.024181044807406
0.9790429989307858
0.957348737730306
0.9270917070579027
0.9262342575084441
0.9220334289646686
0.947650058424988
0.9656667963442137
1.0058251608065252
1.025974750093324
1.0564948825762188
1.0550822712458336
1.0579956665878096
1.028552759607349
1.0104537376358897
0.9737632127671052
0.9630204402073718
0.9496929964598344
0.9670492210048656
0.9835412583156795
1.0143622335514049
1.0322034460620886
1.0400213923247303
1.0316603332348204
1.006821948531503