1.6568016588448848
1.8856213007274503
2.2522765854712117
2.0585941077344527
1.8715495991473716
2.092200041082464
2.1873815530145833
1.9185325665309625
1.9327101345834583
2.1952549421910725
2.073200407580446
1.8676406683170133
2.044636733777904
2.1600406940910446
1.9851306910676756
1.9508222485188198
2.035989284542998
2.0519002542445515
2.070092889755435
1.9790558250925014
1.9112121892312413
2.0746095406339475
2.108233878216458
1.9421042431369508
1.9393002171814482
1.9953101011129304
2.0366509734218665
2.0775182970677886
1.9345783502411487
1.8828569376046738
2.0083158136338204
2.031820039482168
2.0342449943884007
1.9499616967754416
1.8486581501249084
1.9495134694343539
2.0105763916119415
2.0241392160052913
1.983239333516781
1.8429371597541042
1.865365971453934
1.919134124631995
1.9886347177338257
2.0314306269274933
1.9130001104432752
1.8563080821965132
1.7942484505026426
1.8433382901860338
1.9468433082898766
1.9700126196997514
1.9860536214970383
1.8620288831476917
1.7962081165446036
1.736409932879997
1.768960972169336
1.860976069492186
1.9176694041512918
1.9758108512780543
1.9033323398461122
1.8451902951696302
1.7151646164168846
1.6730312110895058
1.6468242899317442
1.7098672107489
1.7893633989403444
1.8747011274168828
1.930809700994436
1.9224456897178914
1.8791718254400733
1.7727785949685044
1.6782465795874708
1.564214990600072
1.5137698478089385
1.4739217080628635
1.5154243520323591
1.5610632624763172
1.6709587507928905
1.7561725435756217
1.8745675967298876
1.942634185627355
2.0168477675247463
2.0341568300632518
2.0401588679468907
2.003229490535849
1.944327842792929
1.8690393182940583
1.7643765448964275
1.6714258531742263
1.544842998086553
1.4499405197632345
1.3231150285738171
1.2339322312093406
1.1231357436642657
1.0413572297553821
0.9559915852996305
0.8817023432133657
0.8236757511432503
0.7593337866916644
0.7237570183635633
0.6754240021499155
0.6537743344182556
0.6284081704475211
0.6142478289651121
0.6143447132265816
0.6088092675288127
0.6288656352230942
0.6406368045854973
0.6705049812101888
0.7072282408840851
0.7416207247283276
0.7985849232095893
0.8422653780472583
0.9017193219696883
0.9593860517124021
1.0054530449526196
1.0641571923039166
1.095443401137712
1.1267015731381271
1.1450918321871537
1.1344636705606832
1.1272025875087908
1.0918328731529199
1.0490322620583057
1.012605904885685
0.9625600197544388
0.9337385705380863
0.92128334094468
0.9155662399531006
0.9417096171884809
0.9763291354115393
1.0075705919168285
1.0476878095918907
1.0643510656856754
1.056255121696421
1.042228928051379
1.0062828468401122
0.9682508454622032
0.9550123617842102
0.9541493866138743
0.9701878040426349
1.0085050868739736
1.0359221794912992
1.039211718140367
1.0310955725025244
1.004382677605514
0.9703280919362496
0.9623464526755523
0.9801214677530864
1.0029187597627514
1.0252127918573093
1.0345129183687254