2.8106630959125734
3.9003791682496654
3.742497448435554
3.5903949523562377
3.877079737778412
3.598064759290195
3.769415977363796
3.7464259290435455
3.6139937097792023
3.795389791009698
3.6599594213759277
3.6138530054415114
3.8766042154323714
3.4302450856731874
3.9018914309872614
3.55120232004289
3.648133130012394
3.735026175879299
3.59487913947614
3.565893241636497
3.7974719607870786
3.458835782209458
3.6364535499899815
3.723174431830369
3.4241320548149567
3.6304014420072157
3.635228804964624
3.4852238799128004
3.456077928980894
3.7221185167464115
3.4043334729595025
3.4093664068666634
3.6447369601271906
3.4499260987842852
3.3494351246631133
3.443566711041634
3.5846417743370993
3.318742089766031
3.244827166219797
3.5395142723386
3.419949243417843
3.208220586884721
3.2455381302568007
3.4013470364862717
3.4169565940260087
3.128426102472775
3.0837313803203843
3.359191933043249
3.351367244696266
3.113808089726596
2.9963171074526693
3.076498657206295
3.276961637349379
3.264313785922011
2.960353646710829
2.813201772706027
2.9851385138288498
3.1636194240882065
3.1560947872304252
2.974312165965653
2.724270492334963
2.649722394340908
2.8531513902185224
3.081653466860887
3.0750026631483935
2.8668072756857743
2.6189580399253667
2.4473342588410945
2.4476527217102664
2.645971861114403
2.901833230887485
3.012078188296555
2.90663908581898
2.664916142754811
2.3903961411528094
2.1535681220922123
2.0223430216077207
2.0570335633078156
2.2544600251761437
2.5344636156481597
2.798677883086963
2.990327342525347
3.096560846695427
3.1153490959692105
3.038710476777568
2.8651682473109066
2.6150650190491995
2.3263248505103307
2.035656309856077
1.7640286144358097
1.5164655386357169
1.2912592938821874
1.0882585108973046
0.9107899507853388
0.7627952947865612
0.6455604107187879
0.5567895053304511
0.49194150803262743
0.4462645587001338
0.41620153981171404
0.39979880327227696
0.3964496912463913
0.4064328498215597
0.4304846593834831
0.46941127869410965
0.5236711227297425
0.5929198974008885
0.675597123228768
0.7686604869980608
0.8675312757283707
0.9662471689048371
1.0577854550525405
1.1345467171965438
1.1890536223281338
1.2149607894386656
1.2084220630521378
1.1696850405378776
1.1045075162347067
1.0247219217396482
0.9471787169914634
0.890554393326687
0.870210684027909
0.8923442845505811
0.9497004546437865
1.0215156023449379
1.0794454000594633
1.0987699364585688
1.0707948060164683
1.0098434065026192
0.9488652739219665
0.9228192450316237
0.9471775386129309
1.0052008716531833
1.0557936340790852
1.0612634406911017
1.0173332959024655
0.9602037511310997
0.9390044660012616
0.971963629103143
1.026135926962751
1.0464259070489808
1.0122062385598998
0.9629231405918902
0.9570047267773315
1.0027011334197382
1.0440698592362576
1.0294409439521595
0.981248879492271
0.9683112242568351
1.0077247591621754
1.036461805608624