2.652819314572576
3.0340461723607133
3.5114465106008454
2.9631119996545663
3.071188191199448
3.4550796063312164
2.9628316602848694
3.028471296161308
3.4795864238233882
2.9729552246868263
2.9713631311185935
3.451634247520376
3.039637362818674
2.9612281977614034
3.2868084738503205
3.149048194112522
3.066287371062314
3.0120521128006974
3.196056140805611
3.2415191375328174
2.8630771340116214
3.088372951456867
3.241902658445545
3.0522000583698197
2.973978571169015
2.9567007568485586
3.2485058562632982
3.0684217482855134
2.8686111213031604
2.9809310448200628
3.082234055952082
3.173659979446535
2.8468355304490625
2.863779928717827
2.9801436247901663
3.124498634356026
3.0081516794213203
2.7656943853933007
2.8234209454994756
2.9268210018707554
3.11604958073462
2.8986320873052014
2.775308213285274
2.6515748628987246
2.8746911919929725
2.965571975793536
2.9932539524330304
2.742224985700437
2.6163900583549125
2.5902355958392533
2.79218989428928
2.906554152269839
2.925609005995402
2.707328538736694
2.540097090933538
2.419638749249712
2.551145653123224
2.688090132700363
2.873321625625363
2.804876261046488
2.700348456529018
2.4231743360618183
2.3062057272289525
2.2287157554479227
2.373434325751813
2.5291858574591184
2.714158033243207
2.7930674309872017
2.7184327595167823
2.586296153969485
2.3139946532095985
2.1337724750951055
1.9443349692822838
1.9142442722439246
1.965245699908636
2.102673350127623
2.3335949933871807
2.5121687788227134
2.7419672969662585
2.8599459472143214
2.925839522614494
2.949563764832796
2.8364094315282053
2.7324257133436154
2.550063322851361
2.3234994259789055
2.133701972944687
1.887134969566474
1.6713585444588985
1.485725976320343
1.2765708262041247
1.1217076410776694
0.9823966832856674
0.8399296666134597
0.7466975374284122
0.659212152161824
0.5754800389743149
0.5301286884613969
0.4867473250883196
0.44696643654104395
0.4381829187426784
0.4318852509732809
0.4265104119639419
0.44904312230821186
0.47745526992403375
0.5029703879934755
0.5547024096465132
0.6171443557880072
0.6708791709593978
0.7453277734202397
0.8338702797156344
0.9044275713393692
0.9802645908421844
1.0677356453726836
1.1261169885514264
1.1638074655046664
1.2033962623359096
1.2114561607824217
1.1785303189977894
1.1397121386889788
1.091849434718931
1.0181557490249338
0.947198221506053
0.9071532662464813
0.8894011849351318
0.8881066872313165
0.9187571470890881
0.98137969372687
1.0429633612273286
1.0766092083442815
1.0863409297119728
1.0752928546687512
1.0335928213012908
0.9727103950253537
0.9296832821361689
0.92961693581455
0.9653207139074121
1.011005981711299
1.0454291854317417
1.0576655901755594
1.0398689462001858
0.9958682242515337
0.953164887682046
0.9454047703450102
0.9809145112237297
1.0316283266043411
1.054084352188994
1.029143285779772
0.9810455074542562
0.9538786502221959
0.9715155146590652