3.0733996109775923
2.807304034697495
2.448547707676063
2.3513042762321703
2.4191770937549246
2.622190862608069
2.681902798377386
2.4566937676671268
2.258264905330344
2.328061124896874
2.6255937767704434
2.7749708562905755
2.524916281848004
2.2024991515353993
2.2108667713160206
2.535514910927445
2.7612408397514714
2.6053167926670757
2.332454168860542
2.264498420001552
2.3720086467582084
2.465916831655218
2.497895217326999
2.5668062222605266
2.579395783321972
2.390507294926866
2.1837939947912495
2.2245530452497193
2.462671256796018
2.5945714458128664
2.5298993214148813
2.4615163065298615
2.4018375303937045
2.2496497631365977
2.138649293147851
2.248911628858268
2.4666265060678327
2.5349120007099497
2.4891305569535347
2.4723065539329445
2.3710828651466564
2.161106050272389
2.07087650681755
2.165984413467799
2.2665219286297797
2.3296595413088896
2.468416399249143
2.5552949207695836
2.4384609242728525
2.296592697261578
2.2131794761225896
2.0668237130141023
1.947491205685836
1.999640068181677
2.10444252518997
2.1688248923830846
2.3124331400189453
2.466461125293198
2.462239546092951
2.432598936560878
2.4066790500599895
2.238763980699725
2.0639102441576016
1.9676432727588649
1.8267829564850053
1.7244349192855308
1.751231358275159
1.779652796608832
1.8300708806706056
1.994475022309962
2.1306283265079826
2.2384142011861003
2.421309645284435
2.5217077562186176
2.5718492003171
2.6698986770713393
2.6514563037092835
2.6092168739901966
2.5958296443474884
2.4669680864121464
2.365042446024014
2.2661195233125393
2.085235777142674
1.9695547064636179
1.82514980136325
1.6529719357026424
1.5482336786665956
1.394740875094344
1.2676156218371084
1.1752346693658715
1.0427240556198965
0.9660224642361028
0.8804718899793089
0.7904045676792851
0.7463101031582129
0.6714409043247009
0.6295386149980597
0.5952053488637997
0.5468815107615511
0.5385320754680661
0.5069136417309409
0.49829133927866426
0.49889873165572785
0.4860705393622057
0.5089107480082059
0.5093249891883033
0.5343403512938817
0.5632841845589964
0.583220512156367
0.6365559678406915
0.6630936044363244
0.7213908944181207
0.7703544547932439
0.8178797326545975
0.8892091661647574
0.927219870056458
1.000416257200779
1.0405478187779196
1.0901169681895195
1.1357898163749125
1.1501118676617148
1.1873195714279576
1.1726772890224468
1.1804385715076464
1.1504813142386783
1.1196892628950776
1.0854692274029176
1.0279821818034123
0.998072388942735
0.9401258622342414
0.9247129172032766
0.8924357431383926
0.9006328996364402
0.907096576279889
0.9372617417798855
0.9754689816534149
1.0095470730874523
1.054475122821914
1.0662080490219843
1.0891763003203758
1.0637662368083838
1.0544371630292944
1.004506411353629
0.982610110266258
0.9428957467782441
0.9421315736389827
0.940135572929835
0.9722052746283106
0.9987045449154786
1.0352801365971904
1.0505948423651728