3.1279883203455037
2.8440112154085537
2.6267773960807137
2.6341282713073735
2.7678096832127386
2.828624739125041
2.6084308317311637
2.5119137022897107
2.7284904994767563
2.9374833152228232
2.679691723912516
2.393475862545333
2.5923454913997905
2.9623342868401616
2.8199537748723524
2.439699333298548
2.4675683725104767
2.7678373397552827
2.8124676239666386
2.668421179016572
2.605978960668887
2.5293321063008296
2.5105397633205615
2.721331375154651
2.866630189172934
2.621318069088276
2.4044120273897733
2.498864868978178
2.626486213248547
2.672808997398695
2.7588020990063042
2.6446543454568965
2.3800427926101206
2.382843372545321
2.562183604682617
2.6275200871704962
2.6999408709116346
2.693076599408153
2.4427294769818344
2.3116544832987267
2.3827351357912616
2.4350770392297325
2.576083079951911
2.7253849366058933
2.600036475472623
2.456525837179442
2.3503913912115384
2.195165268402637
2.246430353863268
2.413380164769442
2.4894979028900046
2.626349177064008
2.6275802621056745
2.4570858050421616
2.352784159485776
2.1671327753847205
2.054376414040703
2.1143575832952046
2.157065945969204
2.3179719732605775
2.4885624670380797
2.5275861573259397
2.6014911294765533
2.501001831728122
2.358708206054809
2.221270800967167
1.9968304106133534
1.9001034002484563
1.8030588372739493
1.782862393321102
1.8791361881418942
1.951249927144288
2.144705488745675
2.292065777842243
2.4499563981297765
2.612303347294373
2.6667143813385747
2.7684294462100847
2.7257727798323015
2.7191129757297228
2.6179614832196876
2.5034698006345693
2.3776463432770227
2.192582789656723
2.059925752410565
1.8521935212028124
1.7198185030168074
1.5272017504144506
1.3991118061580348
1.2416261033111726
1.1221952147571954
1.004645314288459
0.8984400446383173
0.8168878897458801
0.7273958101398795
0.674966699644788
0.6039040769082527
0.5742553322220497
0.5217625688764557
0.5104369194802719
0.47575832177821253
0.4802649398746097
0.462428632868742
0.4817684231988512
0.47996596041767364
0.5139763066204492
0.5275269968462394
0.5761446367817594
0.6040392043134117
0.6664507922879839
0.7065397501791801
0.7802091579111627
0.8282056714988698
0.9079219117708393
0.9565792234041914
1.033930124875329
1.0730107554824817
1.1369575892805635
1.1547857834814101
1.194061620237535
1.1812292881174535
1.188751063197679
1.1435555206669783
1.12165286560289
1.0550065011449605
1.0183335711431802
0.9540223187796154
0.9259644132575254
0.8923019085536499
0.8928913106108626
0.9063582002075045
0.9365047178174837
0.9865042133846931
1.0214274006631996
1.071373221908108
1.0760444725708271
1.088822718555038
1.0512696430454018
1.0234749325190369
0.9757635761638327
0.9444289013310949
0.9375766079986013
0.9400989797070668
0.9844213616672509
1.010301264769136
1.0520313162715182
1.0557883627871882
1.0407374771924072
1.013599112326139
0.9673050046451085
0.9587900328325598