5.126674982500582
3.421879995305551
3.085052266122329
3.907595436509528
3.0826792407221406
3.5063086678195576
3.6192974378317935
3.067191286316168
3.7261723240870896
3.3163287497940677
3.274144695103136
3.6197807830096735
3.280744473520178
3.370981024188467
3.4367957164908147
3.4543809815083684
3.181490558131467
3.5296911575293475
3.393564978026501
3.1785166258703823
3.4672674987076135
3.38941341029076
3.255181397130426
3.2280938822374607
3.536386520304189
3.1931004205687286
3.222637946143649
3.3162708066807727
3.4386386983863284
3.0818140982217805
3.2255483445095456
3.325539511310142
3.3402246319148117
3.0175609375255426
3.1924972111586363
3.2856625258301637
3.292041566360352
2.973126790159388
3.0931053969335958
3.21683619014791
3.276808614078175
2.9945700780428677
2.9310913266388137
3.0873541716575663
3.2157883746574756
3.1323190824718026
2.8448042941940046
2.875161919989196
2.987961167825699
3.1829672313946302
3.0394319264965963
2.806926555914954
2.721804840061004
2.7950582767073326
3.0500737371087374
3.0421000249264405
2.8970469165737156
2.668351013906083
2.523723776828461
2.673531967860915
2.834370229978701
2.972737787476473
2.9382829271374065
2.6741012661241306
2.4702519235277562
2.3395185504476568
2.3673465904390882
2.5929817216710846
2.7701113353469324
2.8719730274027473
2.8673239500686627
2.6514556584035294
2.3866317928807956
2.1716553358437394
1.989256022965634
1.9604958321780457
2.0914949964473797
2.26645228207685
2.4997994732145963
2.763006069685964
2.928701692680317
3.0026269676940913
3.035165864310755
2.967244731717686
2.7875412262967534
2.582337497878466
2.3697357835483364
2.11151297430664
1.839727775767624
1.608455614233495
1.4035690956221403
1.1979974430339153
1.0136325105486257
0.8737693851370751
0.7611294826368411
0.6553514698570301
0.5655041216444744
0.5053922469786957
0.4673661606164873
0.4361788736914853
0.41156919999318453
0.4045055370535444
0.4184407142748039
0.4443571161037796
0.4741840061973695
0.5122091232053847
0.5684630097243956
0.6433086985076671
0.7250934676318105
0.8045597974928799
0.885180962153584
0.9737855354621253
1.0645631339237966
1.1396296065189917
1.185662212427195
1.2038355289555707
1.201294049661596
1.1785709045353387
1.1307940989078298
1.0596607326432923
0.9798011829394628
0.9128339890676661
0.8769690950192934
0.880578715011127
0.9202918235317301
0.9816886138285666
1.0432506944407451
1.0836876095210106
1.08950617549874
1.0597255263889165
1.0071727675049287
0.9556386728853258
0.9308111410717719
0.9463456747179433
0.9933216956683601
1.042708059205706
1.0623024068358142
1.038435064324153
0.9875364644285757
0.9471819280322912
0.9491874335411243
0.9928100704349726
1.041778045055284
1.0534403729875865
1.0183337568771218
0.9719240921620993
0.9613166532392188
0.9959108167804824
1.034969258789384
1.0317591339781704
0.9890803767893006