3.9937232683130413
5.687972422701297
5.214410111670844
4.957388074214362
5.250907404830244
5.179772265253537
5.189565400109024
5.221937875116836
4.932193002711616
5.221862095568407
5.36075296547385
4.915190499854027
5.112400770106717
5.113945204542381
5.090336384763353
5.2800922901157685
4.888094886815183
5.069758879040316
4.980197108596462
5.046128501030102
5.162363625177642
4.917997313599144
5.082798783404682
4.760715034013839
5.020137617186686
4.77165258785231
5.0476737335822115
4.8087087980390955
5.027357327811275
4.752042247513491
4.9447881262366336
4.6433954184851896
4.8636987765205735
4.550999584008029
4.800872638660705
4.508311721451343
4.716850131964952
4.5319705932449095
4.570903404597455
4.608367380833973
4.394898230344005
4.6392406860614965
4.32283565179272
4.48326277931657
4.429574354653218
4.212233210015003
4.467706269007161
4.185162717284306
4.174447668510224
4.353083213289825
4.015262442583711
4.111699983977275
4.257199267199525
3.919174031012837
4.003472420903186
4.2004867357866775
3.8684658796140616
3.7808205148950433
4.042836169727109
3.85980162564863
3.5330964041297133
3.711659186635803
3.9216190694809363
3.6401931449426725
3.3635347475406707
3.544847519002387
3.7459605093433748
3.517266857581311
3.160699630624641
3.175636620771665
3.475089999276468
3.5672610360568884
3.273396223481407
2.8920922912378138
2.7939188197832974
3.0287654763852894
3.332605209146279
3.405882839168793
3.1228193303949663
2.6512334709941623
2.311460549209209
2.2769973897690643
2.505279405123501
2.8711420766929545
3.258454405072948
3.4933841440189757
3.488003136735103
3.327046231558338
3.0099301280367365
2.583830195753257
2.175003025340501
1.764135940094974
1.3965994881082662
1.1106733367901893
0.8582254849875363
0.6776324421118691
0.5415766051654783
0.43766986036991884
0.38169269779543824
0.3388055522729887
0.3343476703691451
0.34372431605810855
0.37940906695105664
0.4385741229064218
0.5121870200680382
0.6191139022995371
0.7265686191013078
0.8655478804547421
0.9852497864101036
1.1123465585743468
1.1930627849390978
1.2414544210153875
1.224123797898253
1.1576085250515513
1.050578939868097
0.9434155063657302
0.8710462341195503
0.8727712917610634
0.9346266947494384
1.0397601044899474
1.0989264613218859
1.1003331456987842
1.012228766092424
0.9383637484877634
0.9173777998268876
0.9869167125939404
1.0652324686700785
1.0597529542954092
0.9938596967741076
0.9328836733662604
0.9768400571381158
1.050969351880338
1.0377855819300577
0.9733722543007512
0.955374655734318
1.019569384691777
1.047391094171172
0.9773247898782399
0.9611128797460938
1.031781139064928
1.025538981656594
0.9624783474574928
0.9951543498233636
1.0379213723502454
0.9819459130316461
0.9774618053782017
1.0351354411886766
0.9937144266132164
0.9730882932237964
1.0302199598552146
0.9952141145092528