2.679999982611294
4.533189840190677
3.727599099232743
4.275014916051345
3.869220152043957
4.1433553003367525
3.976905482363951
4.022983419766449
4.078129326639712
3.9111233650984167
4.154549447894355
3.840314966234619
4.162831737394281
3.8552448886237127
4.069424812584169
3.9616645702341065
3.911589886322164
4.0715529104277195
3.819341764523115
4.04364312428973
3.89432517180152
3.8715972866602546
4.014958770288082
3.7833990466228427
3.9364960500843056
3.9079675609521582
3.751084152357877
3.9414314701636344
3.8103748065559797
3.733226355435219
3.9073162240790564
3.7410870942642935
3.6941201359662306
3.859484849925311
3.6973168676253914
3.6256523261640248
3.799334132878702
3.6824152701640287
3.539444283312416
3.702507035108857
3.695013461454729
3.480290927308697
3.541526807371373
3.681529007856841
3.5147146550352506
3.371237417161762
3.525083376027543
3.5921640703573035
3.3763768493192683
3.269693192811379
3.439359361569788
3.5115712705905757
3.300467222973505
3.1375321993395593
3.263200524879389
3.424771556171892
3.31587596392834
3.059305222988559
2.995539845126795
3.1780752701687853
3.319811320818748
3.1960802029971953
2.9218617054826996
2.7865893496011562
2.910377180461175
3.1299719381092146
3.1922952851312956
3.0072707005685904
2.712407227420692
2.5301847511427806
2.5801171678375487
2.8020614858577426
3.0215804926113052
3.078801035954675
2.9224332025035
2.621675938849982
2.311455101645439
2.1181144692024025
2.1071531977009497
2.269775394969756
2.541605492243405
2.8357573344424827
3.0734336935344
3.2026253791526234
3.2033531325797866
3.0829356387670095
2.866401706589532
2.5864137482692935
2.2753237056074513
1.9602827982797026
1.6611697923440956
1.3905568635389638
1.1548432470683963
0.95584735348523
0.7923899463177937
0.6616237141124154
0.5600262291538138
0.48406952277823245
0.4306237219426904
0.39716220261453694
0.3818269697836567
0.38339635504832537
0.40117927467137804
0.43484494155876924
0.48418633612633855
0.5488118665030556
0.627764786609869
0.7190867170867864
0.819372070056971
0.9234037481137252
1.0240108609170278
1.112330692565848
1.1786623112257304
1.2140309192499337
1.2124043725038696
1.1732045808865113
1.1033829398628388
1.0180164015978816
0.9383576710726929
0.8867969624119715
0.8793953001414937
0.9183138617172784
0.9878561376223558
1.0578038585634255
1.095248649831432
1.0813130603521222
1.0241391974197043
0.9581924574763476
0.9257235670144615
0.948433412542492
1.0086459591038206
1.0584160481463807
1.056299806209216
1.005019459626343
0.953515475963551
0.9527718911248194
1.0024759900340314
1.0468067474904634
1.03453517383846
0.9817231467569275
0.9563386363959737
0.991442061164576
1.0368589693065053
1.026574928704515
0.9773900408348176
0.9672948983397371
1.0116985490951165
1.034201434072514
0.9959706120602998
0.9678007898744994
1.0021229375114606