5.471495113796707
6.144072101454616
6.351561146248153
6.396578674844883
6.229223989912903
5.937326587562626
5.753495264527128
5.855815539936586
6.123826174608272
6.222985147472731
6.060155484174808
5.961745970020953
6.138325182842352
6.263536008597217
6.071778675536066
5.9416500689650285
6.126329454092886
6.147549131020239
5.899402241547013
5.956087058840034
6.099419727935769
5.854607398851415
5.826717079806835
5.981610642838629
5.7128895937695265
5.715759531541995
5.820568611684309
5.541237002945371
5.721603682127085
5.675663806153588
5.561406202903971
5.783977692955558
5.480530246037478
5.640312740471958
5.4216700544709635
5.424685319189864
5.457044039210938
5.346761680624699
5.487793933156484
5.201866904918029
5.358280282117351
5.090634503487823
5.340745749445198
5.056597143487438
5.189877779270864
4.951001765954897
5.080736588592168
4.990941860653927
4.843349161380798
4.973689840964887
4.692253359211004
4.945708268448727
4.5728907875350515
4.725250761907186
4.720551796551191
4.368638376139984
4.705433128226394
4.4214096106902
4.26434053805406
4.5830151497094995
4.189347653047308
4.115991254772266
4.424142798645515
4.054771961185316
3.8851781599788793
4.181757348181777
4.083659955981215
3.648780137227049
3.751811928304848
4.0632583432321105
3.7607907878643276
3.3664943644544323
3.443378410352514
3.824803148576066
3.7078751572731026
3.247401831153594
2.9317344188539782
3.1679961110840207
3.531784512628372
3.6164187452655603
3.2367392794494143
2.69423739870875
2.3924147190318377
2.454860839547708
2.8701793853231807
3.3177389792537713
3.641990655944618
3.7120996841089884
3.4809892694627194
3.096370487754686
2.6080465289798513
2.085309967978406
1.633768240936849
1.2510045715593099
0.9321702494834042
0.7017289460069555
0.5406589221726416
0.4218765872742004
0.34644387174883107
0.31397372876268853
0.31068261006290365
0.328434825125905
0.37314168402241527
0.4510122444001393
0.5552570692258051
0.675512021113195
0.811935710234177
0.9630957597417397
1.1062249066624252
1.2072741437782568
1.2459467003870266
1.2192672746065902
1.1334337125926237
1.0111253626679675
0.9004873150767037
0.8570367498490293
0.9055336116365197
1.0136834234596792
1.1024879064804713
1.1001353065932418
1.010230766646766
0.9241794402267383
0.9352879555728641
1.026714265117717
1.0776113101015723
1.0170116294906133
0.9352097791695904
0.9595989490887726
1.0446016709652939
1.0369136043876532
0.9555474129081795
0.9660055458473191
1.0428020447702624
1.0150561217482583
0.9521083901811337
1.006068956049672
1.035157057943033
0.9649003310066078
0.9886305094056571
1.0330448858958
0.9692920538588784
0.9933185955255678
1.0274301429438544
0.9688632046536788
1.0164595606298514
1.011809583570262
0.9791897466422077
1.0308430448227761
0.9770664601118598
1.0083509757106024
0.9982847911965848