12.114430029924284
11.954446628872219
12.00637703632327
12.00839128413707
11.652024817885014
12.27829763283397
11.764255541765765
11.824733304720096
11.809285116354035
12.03884314669135
11.76028929119766
11.810419594640365
11.508568324292275
11.843365834276566
11.606744527578401
11.767103427530213
11.71361428288377
11.431519699520512
11.589209552323872
11.42486763494655
11.195297255657858
11.33222216174059
11.307086353585756
11.04706161109364
10.987754901657022
11.110938421695431
11.101770347526013
10.917644981323212
10.748743016287504
10.700991317230503
10.71343085709991
10.686858035609538
10.59634783965796
10.486368645104724
10.389465400556743
10.27385959801206
10.102248926885173
9.93147640442698
9.849227711383419
9.794359210925126
9.66081182856223
9.558530879551435
9.557025873360448
9.481096263664979
9.398078742581491
9.36533494577276
9.151027956532335
8.934693036985877
8.705159011558987
8.553514524088628
8.635548062585045
8.604942461105164
8.43194855939706
8.039800077592265
8.030451364538436
8.10789212683829
7.8728282979006705
7.51252038683696
7.663151283189912
7.539686374236631
7.083101676314546
7.335117251038061
6.999520316910862
6.780932924104691
6.940769405924971
6.405634796010923
6.697476696459211
6.091498883964731
6.44037192241127
5.8239599104657245
6.167333646046461
5.474248550154191
5.903966361027548
5.2657374489886575
5.452642641843261
5.326812742381033
4.744128927616743
5.253283071249758
4.687499270956664
4.297622940387606
4.871044343559593
4.448655720018126
3.6891735831807937
4.060305305370163
4.5377537131011385
3.9570532154504288
3.0360004844466917
2.9156801040047315
3.6153847380688675
4.345670859471281
4.483220998813359
3.9679957188528134
3.100640794102663
2.2082179714889794
1.4708471524796158
0.9322599932902654
0.5768572045650739
0.3703784905975891
0.2661399172668786
0.22563737972911432
0.23899625891857668
0.30431503304966007
0.4106608775860021
0.5633185138892015
0.7660254685910274
0.9797169716864071
1.167384854372042
1.2785219608553047
1.2368731029649183
1.0772820798046758
0.8976602761239612
0.844104948857569
0.9770540530040239
1.1154967645764768
1.0822067510191329
0.9221741851853495
0.937739559520722
1.0734431365431092
1.0362460600713588
0.9239475538972901
1.0242851146238623
1.0473763871563655
0.9348174824635496
1.0392140284462914
1.0054404682714344
0.9649231941269168
1.0473751240283609
0.9560505170923106
1.0410150340042352
0.9622678386263864
1.0333264868319054
0.9734034649937563
1.0300774688322445
0.9651349730496068
1.0323183901743769
0.9704699698936574
1.024867854781481
0.9973156193784647
0.9860432777423181
1.0259092704253965
0.9776757697805142
0.9939342129427499
1.0209553275039756
0.98323302691191
0.9835053920668221
1.0168593238583792
1.0078527393043148
0.9800723687417312
0.9843493463931713
1.0085797738209104
1.0174305315552596