4.1276947415813705
6.012171259657325
6.081835077729295
5.517152447510051
5.214978121379977
5.574827535600845
5.959081993101863
5.713987413341862
5.405286934587253
5.549359755135557
5.590912147879059
5.401842493488142
5.603326164500547
5.785153962205786
5.500263093290801
5.529961424513298
5.612903426697304
5.303811443860294
5.4243877123205575
5.4637279550671005
5.2454102660751625
5.500041881416142
5.341879382498139
5.342716298893231
5.480006449785184
5.2265703661748075
5.472675968935992
5.220151090439881
5.3544847590409335
5.251138763014472
5.213796295402294
5.255618354364573
5.090137403672148
5.2163922989752685
4.983671255248408
5.14171596907975
4.892566132019254
5.0486978746372575
4.835713856678967
4.954331604882562
4.842300157853852
4.85370165689869
4.897820689778525
4.709053285388293
4.904241571979356
4.539109651845593
4.769276336770905
4.519758305095309
4.538186579127301
4.681395567132682
4.348588003725793
4.583383021535379
4.383972484615145
4.196998314821097
4.502089221507271
4.223060624771476
4.109876633948534
4.34740958675608
4.052646002705648
3.9372050615356526
4.226822015987835
4.002914765413368
3.6910196159789126
3.9516302888828228
4.048823586375226
3.6359331596266893
3.504497409449959
3.81409636758351
3.843176373309661
3.458869447852103
3.221432242972324
3.4335809667333885
3.7195533763138036
3.5378551140678183
3.053077207226886
2.865903523779704
3.0770199013851047
3.422755862054178
3.5272097247959606
3.1819359102149463
2.712285973923363
2.3544644074546324
2.345804300550008
2.6588197705203833
3.0720052984321478
3.4624865924536485
3.5983108396109005
3.548577974516449
3.2400378314087597
2.8529636187438796
2.365428838713603
1.9296452971237366
1.5042036034360655
1.1760143970395438
0.8929277259190853
0.6917436235478518
0.5364468190878369
0.4300301741258433
0.3659451261233252
0.3241632294852581
0.3226338244152753
0.33365019646708616
0.37829242930803325
0.44434522781474917
0.5286162660717031
0.6483066335881376
0.769262343684498
0.9133097253863923
1.0497939818936346
1.154677265238791
1.2364915165129413
1.2405130697065752
1.1874355057166475
1.0920998457585462
0.9637731789936262
0.8774410908523471
0.8682859833728819
0.926048146657433
1.0288403114235498
1.110855020541056
1.0947780127678888
1.0018825829810476
0.9251412064426907
0.9316412552276218
1.009195837405087
1.0714509888205055
1.0435547025045366
0.9606546333218984
0.9423080872175376
1.014762400282933
1.0582152053480647
0.9998436377461666
0.950052302160103
1.0026297755406834
1.0450226654721997
0.9872451357563656
0.9612614472105581
1.0297163053466096
1.029146304987823
0.962124590060251
0.9959868631039921
1.0310818605410446
0.9722150559615763
0.993659750829278
1.0349103506855777
0.9781134575676589
1.0037591858017434
1.0246572437884804
0.9713163167255301
1.01678221367105
0.9985947563263385