7.49476471700149
7.273931418897056
7.314992917932482
7.374633843551267
7.439636762438675
7.493209665187918
7.515096074175582
7.487764834813824
7.406697450543598
7.289510117039307
7.174379739183283
7.100341994004775
7.076520228580445
7.068422568819379
7.0310698526031565
6.973564654904828
6.973497490196985
7.075623744015691
7.1706802342044105
7.077859966761744
6.83009368627237
6.731066421385236
6.917003350077628
7.052076968576091
6.851941101821533
6.631307722724226
6.727044690715815
6.84636637666214
6.704627257350312
6.5541955740478235
6.5902974292522805
6.652614263861045
6.519319345618683
6.371226059761846
6.528262543207956
6.424162303448406
6.193526342604982
6.447639606949906
6.188863681944836
6.124376172971921
6.299814591563772
5.915346122079891
6.17219298337589
5.9143609759573605
5.922000383273563
5.929002771042834
5.712123547723839
5.87137947644552
5.561127374616397
5.767567010459642
5.425367619396927
5.660902475338588
5.27366738028163
5.563094525621103
5.120507821207004
5.428985877073739
5.039094453246453
5.175230979794394
5.084819826372322
4.826628836244762
5.11276032693233
4.639225983115048
4.844719466056724
4.761075131421619
4.415070919926991
4.7326680674157
4.441745525719272
4.197234079247571
4.543290890250143
4.262441688600056
3.881040720483688
4.222029242042813
4.272791490451452
3.707497477204206
3.5893298200547266
4.018115358872119
4.022191350417101
3.4483175063463674
3.1181940189448265
3.4183509320142056
3.819191580752372
3.71312097571732
3.136630315893899
2.603679343161903
2.527398303159677
2.911157912787833
3.4572944964558125
3.8391103586232194
3.88331523059424
3.594594174746053
3.0848334031420044
2.4894150422766774
1.9147338471359903
1.4218307025431598
1.0326499196211565
0.7442391171602394
0.5419481643694659
0.40839004955677055
0.32824859025488146
0.29020032439374177
0.28720902033547113
0.3160078690749997
0.3761008201335807
0.46824558442311365
0.592206318562819
0.7436914919185837
0.9109494994169791
1.0724725596715474
1.1982413813595443
1.2569408381869718
1.229398962832237
1.1238920019012952
0.9838932191004703
0.8774978270009417
0.8643557216788976
0.9517715140518641
1.0717288347209055
1.1174810549400187
1.0411500785982535
0.9275582663800224
0.9202151720400269
1.0286086698068742
1.085305263444709
0.9988182706476433
0.9278623438637156
1.0025954082030477
1.0637770208650148
0.9868876512358487
0.951665407897188
1.032584665540037
1.0265624949762404
0.9561275865993764
1.0103264075833167
1.0323076701080671
0.959598793727463
1.0167478660850022
1.0178045045966648
0.9627108583009517
1.0378552638260305
0.9779504869708637
1.0029072777878247
1.0145479814456966
0.9756464397521678
1.0288229323272733
0.9722112274544144
1.025069219145858
0.9790943902185417
1.017702997796324
0.9850106059027665
1.014158046292139
0.9856272000801366