4.502700979547159
6.337127224114539
6.616255011242575
6.797957845044127
6.918876424002771
6.9631083696749885
6.912103802983633
6.77500152411412
6.607094833036888
6.496313120842187
6.506924567226192
6.610437127643187
6.678167830958056
6.589880049288043
6.387437496339554
6.277342795870442
6.390992155735423
6.566992170917683
6.542370597517044
6.378277761606025
6.3838763741570155
6.514406376456762
6.393636805666747
6.138031340819652
6.230790108806241
6.424927622556745
6.240398623980418
6.1240158848526365
6.252325634100955
6.075332198214404
6.027610732478141
6.2413624037359945
5.946028975488728
5.902482184321201
6.093361803064751
5.80830354521053
5.92738074733202
5.788163893171327
5.764374149877354
5.839723234267603
5.5228806217150765
5.824427893670741
5.452811039534024
5.652662420520948
5.4132642743980055
5.541889411052063
5.282692505000753
5.481961416618811
5.140667039112334
5.400464129021885
5.016726551936979
5.295204637990718
4.913996739720187
5.139626619026363
4.88855357838712
4.874614151128844
4.9610619432840375
4.573948390722648
4.928193048648069
4.529554447861705
4.552700505251411
4.702232885289453
4.291148099608693
4.392932842239011
4.544194937446916
4.0527263582573525
4.162838812971613
4.3990736259186045
3.931545913483512
3.7943881128167045
4.129134868704006
4.04913863814509
3.549501721555637
3.4960723338550737
3.908409031629329
3.8880597463538233
3.346116383253309
3.0406028468426656
3.2798999182315867
3.6637088726447193
3.685575290815797
3.2305454739659845
2.653859670626105
2.413839675874991
2.6478695506698173
3.140325549648504
3.5865083038705503
3.792731386154699
3.703111127924337
3.3569376273316416
2.848170239216271
2.2867277998025983
1.7615491373934618
1.3212434409882368
0.9778791829873296
0.7227236360044398
0.5404692599830566
0.4166309488697748
0.33971139502509334
0.30129415719891284
0.29581915457534924
0.3203365144262631
0.37397875551499543
0.4569189387529331
0.5687390277211476
0.7062703898073414
0.8611745938033083
1.0179364565763176
1.1535403810513758
1.2406003503519467
1.2554195303627607
1.1904409493083983
1.0664247419362016
0.9350069164312818
0.8616484667391988
0.888333749134844
0.9954009623100712
1.0990801542571629
1.1091689918862322
1.0161980151961367
0.9188177680855976
0.9280587417152631
1.0271613214985307
1.0757886815584066
1.0039798063973422
0.9334712868326294
0.9882306836596645
1.0655258650126145
1.0145378574639334
0.94262575533793
1.0011397195339407
1.0473295027387928
0.9750586855526749
0.9771276305197596
1.044501545170111
0.9861800419608058
0.9694561341069882
1.041710327177716
0.9867994380739814
0.9830258915950542
1.030619957683884
0.9719272673433805
1.016980336998155
1.001905512566545
0.9798229428909517
1.0311727965693607
0.9702975248247927
1.0223513933683717
0.9858683722166053
1.009640373546278
0.9930342793945155