7.881510453623943
7.7781597627451085
7.770599721044841
7.853208431410799
8.025411743082321
8.1617216266208
8.114023017966716
7.895361590641661
7.719508959715288
7.758158856307295
7.880657460605312
7.83036687470898
7.67309278777735
7.703677327668024
7.847616311604963
7.78978299635863
7.693161030934022
7.8023328133571
7.7781142849376925
7.577461433178196
7.563365730774007
7.453986647332786
7.277737529307214
7.398153211723195
7.407098926330818
7.464830656550477
7.4810913937820755
7.206147981521614
7.16190041015179
7.09920618597528
7.288108803745672
7.1887772875505185
6.990322623900043
6.893184962064442
7.0600734795505575
6.987865791369638
6.751953032816526
6.744269946747046
6.917618793066338
6.579441271561275
6.592688297469736
6.688363840782264
6.430975959902709
6.4306563309533455
6.483229389809022
6.200711424696115
6.353244898437613
6.14310043468687
6.106363167647886
6.145834475592679
5.823785529165364
6.105967792891032
5.67025673910654
5.917345502657207
5.532942606084135
5.821909465522778
5.353505185967223
5.638913410682682
5.20765950130324
5.514524620523171
5.1090947841186445
5.200879109147803
5.105353615517525
4.836638903750579
5.157858584722732
4.654856307768115
4.800763429430435
4.821954545771191
4.3057259191491495
4.608997921305389
4.554758832972509
4.027764459715949
4.286383406899018
4.450471433158371
3.878775649706959
3.72269427699325
4.163719767997314
4.109064848720858
3.478807288873875
3.2362704742379935
3.6461412186566546
3.976025315236846
3.664080024778307
2.9766700394689165
2.549223592383932
2.6978623036046314
3.2441124078021852
3.7867274497301677
4.015355752781955
3.838521185073874
3.3457946413623816
2.7055306014155693
2.0701580365723933
1.5251375894851273
1.09240426454815
0.7661031846426025
0.538328430094433
0.39647623547946387
0.3164904339802174
0.2768536420797609
0.27462766610563016
0.3133514482610404
0.38453507837982037
0.4822730301323629
0.6172905803473188
0.7852026885058042
0.955105544026467
1.1107977168529064
1.2322976236585592
1.263400970094085
1.1929220839609191
1.0636930071708146
0.9160496473536138
0.8475477514681439
0.9114012671778946
1.0348989148485035
1.1232158068095677
1.0664258106363413
0.9431424734890895
0.9152179195624014
1.0114432861909606
1.0872697269022773
1.0016549521588174
0.9326188230132884
1.0005756374180994
1.0673065278184788
0.9736008142337771
0.9593367208837803
1.0472272876785946
1.004188248309023
0.9576802469723114
1.0370684586027106
1.0004340796247415
0.967893910893494
1.0418610708137301
0.9725841791193368
1.005113280338998
1.015075934513624
0.9751226655783136
1.0290133723695876
0.9701390441543833
1.0308360091940236
0.972727605370595
1.0206718004220252
0.9846908910385842
1.017744274794134
0.9788686547450419
1.0199447702373727
0.9813299024204567
1.024296071547638
0.9753153630538368