11.754881958907209
9.286701361444784
8.335370091179897
8.053199383086751
8.48436788855039
8.782809885122802
8.603350625135862
8.560012545909359
8.63666264776106
8.35174213272777
8.217288534458971
8.387649169132166
8.252952343318904
8.278937778817545
8.421298160586728
8.258766284459771
8.394803490835196
8.301452814001129
8.271485279691364
8.28393652169382
8.135429458773254
8.180026666278945
7.984668247594767
8.025368772995302
7.844301489839045
7.913776573814426
7.823924330543581
7.941042159827878
7.935780384452185
7.926053540056379
7.841872758595233
7.5872640006390695
7.551921403106835
7.511430688345382
7.6224012226145765
7.623874166588666
7.319700453992597
7.218946792074702
7.36295014241349
7.32791507032411
7.077374531062139
7.014216794588183
7.14616052772876
6.952392852741194
6.736735825537145
6.945567752492075
6.778618303435515
6.494922382135648
6.7145174909936625
6.448521764446066
6.428053510243337
6.486377387454091
6.102088000468534
6.3397987101398
5.929710995370157
6.145933842686039
5.8373190210783665
5.963319714680678
5.702675058701203
5.803409468585919
5.494670795396092
5.6799242005280695
5.2401017592302095
5.560707447116437
5.034995838501051
5.313294515670841
5.036074820611338
4.846283684628461
5.131796985084089
4.556205604801402
4.718558455387555
4.806211632118767
4.194540589264965
4.392457496119853
4.586056775838211
3.9769454884156747
3.8633741447620746
4.335571971301657
4.143453138677409
3.4512168956895533
3.3701409045540496
3.894101831507983
4.069725666861006
3.508885762210094
2.800239149003348
2.6188099545845507
3.040738622551607
3.6566152415662563
4.06101717902304
4.041061298280656
3.5912061769606676
2.9464562895898267
2.261088104222275
1.6311582399465225
1.153084542710598
0.7891306570289497
0.5462348227305933
0.39280381936380837
0.30080633716403954
0.2673554289918927
0.2664188572282085
0.3118576522791406
0.38270756514617765
0.5017545314328973
0.6420034309468506
0.8237152096053942
0.9969381931841387
1.1643659055295752
1.2493835226368402
1.2564198741712131
1.1426812586325836
0.9918714696210829
0.8644717041272405
0.8647532644818825
0.9859940964216468
1.101632787591328
1.104082456693853
0.9754637772770408
0.9022883595967848
0.9928733585157759
1.0824267632406348
1.0175051971484144
0.932007078929814
1.0001025628269062
1.0611969654807025
0.9726604902464518
0.9668053752310619
1.053042709314792
0.9829765833893358
0.9690411069805128
1.0512017028882488
0.9717401414536115
0.9988662955966119
1.0220497503960342
0.9619198263054508
1.0389736830592027
0.9739744545210991
1.0226382032153634
0.9905089347459985
1.0030086036854873
0.997930462538887
0.9954963907276797
0.9981299290648629
0.9995683202781593
0.9915688683606897
1.0109406258524758
0.9803636165184288
1.0216039296225536
0.9757412782823175
1.0153602664562194
0.9933441885528506