11.046121583539332
11.087770689056347
10.847184348964262
11.222276540032771
10.651722892719826
11.339930112748101
10.601163420636516
11.146925286295815
10.898727827651589
10.724129305254156
11.068231299992389
10.742882774764352
10.7540353246682
10.86794484011928
10.691142377670836
10.696599084041383
10.714609963441049
10.551464175677529
10.513444814156982
10.627551005736048
10.595392346234888
10.37266048754705
10.192533370097864
10.194801757444962
10.299724716795785
10.36171228511739
10.314135542531549
10.18116766402943
10.01959161957031
9.871721949655836
9.752974525685957
9.660161046793679
9.583140998867634
9.511987823719794
9.439340555497514
9.360294977130508
9.27222390006005
9.176179560568889
9.080138485173567
9.001347654909901
8.960764485046177
8.962439918698458
8.965158501632278
8.883278911169084
8.660686269164927
8.381801741313872
8.251601618870204
8.339741525666764
8.387014703215877
8.134740809504812
7.824347097209348
7.844074243057916
7.926675501827209
7.638233239601847
7.39660490856123
7.531661423584244
7.359223621625294
7.028292221366826
7.2108567555662
6.920301774691113
6.735134110169673
6.887902989132523
6.3660133170131274
6.68153662966373
6.128587807519606
6.406131136747426
5.891248340735038
6.164886220766796
5.598266160806112
5.964967320102085
5.297252391808208
5.69697019302247
5.159701419199808
5.173081808661468
5.2713141606576635
4.6017546429655924
5.008766496427583
4.792646271486213
4.153188968687523
4.592610771886058
4.6232621986231806
3.7933919506112637
3.695156547516177
4.320043735154716
4.281880092563144
3.415580360716059
2.791669565977125
3.0502166143012084
3.814205103294261
4.359890488661858
4.304512266687528
3.718016043309918
2.8824088778417924
2.0562502615998928
1.3809461997527475
0.8931703227614574
0.5718020986077942
0.3773454343547027
0.27335110436942706
0.2340831400165321
0.24504516747534047
0.30070703878641974
0.4010890936679288
0.5471003743393958
0.7339759589736611
0.9431880090585997
1.1362455959354811
1.2580238485850903
1.2584879986169766
1.1322942034729055
0.9519637837975733
0.8477195968361925
0.9074258505571215
1.0629703747298236
1.1222894055089252
1.0050443351941973
0.9008779021797634
0.9923656583700208
1.0911515967137901
0.9845562420103249
0.9330667141461663
1.0597870197564239
1.0118667549759
0.9426227062414181
1.0555268771567974
0.9816729586125488
0.9829800321944958
1.0399265501478405
0.9558531297648334
1.0401296495778345
0.9693810037746663
1.0232204200619262
0.9829734301511618
1.0153249282240788
0.9843290222522926
1.0199487394154287
0.9750704574207986
1.030470795495007
0.9692226980728043
1.0236255050216776
0.9943337038866051
0.9845132005592886
1.0280333916394266
0.981799657397735
0.992722624558092
1.0238730015545765
0.9898711095638199
0.9846100713632875
1.0153878631787792
1.009913049932751
0.9855872310100208