13.568712479676531
9.887662725088262
9.947403451532669
10.445911855234577
9.725699199236583
10.30332777999123
10.051850494788846
9.975171483333277
9.991937544142637
10.209416292050758
9.875436186477241
9.82514308979463
10.137223931416388
9.919691564068302
9.87128290534732
9.6987250387954
9.761956454319362
9.985064633035458
9.816436215334894
9.638031200119919
9.606653890627584
9.480021779631954
9.394129957618082
9.481629978260438
9.55498382178181
9.493720900314505
9.402806792460053
9.377267939829341
9.38075290457876
9.342783184971157
9.250831662389805
9.1387177146211
9.03613153675463
8.945095970028659
8.848970724757717
8.732943749717217
8.60087859211388
8.48167298240143
8.417762838970654
8.429856632223396
8.473152074719867
8.438239210077004
8.249322848254652
7.998587608404232
7.901969414756332
7.990214787122325
7.959335933692209
7.649322476503755
7.458727044711601
7.599995842268062
7.516604765333423
7.183335902078993
7.288009255092693
7.277114363918525
6.845076339085635
6.9888895335614
6.8625378810726705
6.5893884835477285
6.801492829033421
6.295603898549014
6.53448386458309
6.200151819410295
6.21972999810188
6.006924256388604
5.999708293945853
5.770117680530345
5.802700395879183
5.471733812391136
5.683637424674471
5.121980203770461
5.507938835953926
4.9821537117009616
4.9892136193095284
5.147046538854271
4.484576266284297
4.76208398139256
4.81473118883503
4.07271750671141
4.290867524780642
4.622107452318619
3.9726038382823217
3.4993186909004357
3.9341338467488693
4.3248299855781545
3.7934858454595957
2.9630184670570614
2.7534249828367154
3.2532154030768963
3.9593060627512084
4.313209628877893
4.088495421911815
3.441005164333203
2.648756193691111
1.9047440894540675
1.2975235283298026
0.8524791653878686
0.5567739172626968
0.3778778269764759
0.2822623996695264
0.2460161236645446
0.25590780601489244
0.3064947028886906
0.39713090994947714
0.528748899185537
0.6989343941876333
0.895028634092114
1.0876256799096031
1.2301178787661653
1.2719634693721005
1.1892938884337834
1.0208216156688406
0.8738940425769004
0.8622462730447141
0.9928938687452802
1.1193214873371997
1.0833027659906234
0.9397842777901307
0.9158035585636303
1.0430267345074111
1.0678983487753724
0.9458952049379024
0.9625211951761019
1.0707196090818802
0.9912781732207503
0.9560810990117012
1.053148131267413
0.9742750257485888
0.9858716655032598
1.0449566197210371
0.9539936974191489
1.0340795204251794
0.9789526870746548
1.0122439677703667
0.9985987980250568
0.9930970218410783
1.0117769476492824
0.9908032637566364
1.0033754040331053
1.0051594302622526
0.9868822872998257
1.0212590495198548
0.9742543003049782
1.0251792384202463
0.9847517989065918
0.9980326433712584
1.0199831490198912
0.9747526044932767
1.0119321519787732
1.0108116525924753
0.9824235022833612
0.9986236094322543