11.731836405614706
9.526897530738593
8.804385546428803
9.483459013762566
9.564615987006169
8.91471988493054
9.255070587058098
9.354273749802516
9.324095379692539
9.254797817089484
8.92208559254977
9.19387548600353
9.108584013092106
9.363109905894706
9.119122355470129
9.17195977368475
8.877109179427283
8.951986025756359
8.755797589919023
8.857478856292142
8.775847691947348
8.770274041999002
8.81615844736262
8.671010120727122
8.730481744611819
8.638782785699528
8.510944114848721
8.526940860432727
8.405191537485468
8.270544455445876
8.287232163280125
8.284909736489105
8.235195603383342
8.264960001100878
8.311886502515426
8.20765616810289
7.962841037324947
7.768790445253968
7.7758321323777135
7.907456949322868
7.898226902647817
7.639898800673684
7.421280930138769
7.491412521393644
7.531672237949007
7.252059199957801
7.12514845746206
7.307534339800671
7.116419056467966
6.869193514255993
7.07137125846192
6.827565605780225
6.646537245084337
6.833454247647269
6.410031961801424
6.55993998054273
6.352042272222165
6.203247944827235
6.265549763407531
5.911550855053097
6.125854218022103
5.7038331626880305
5.966855077301326
5.538235218350648
5.718382850200785
5.392318510561936
5.342227931227203
5.394215577339802
4.956863060843599
5.332640717445669
4.762461587892596
4.816711959444054
5.012799557746921
4.350564502457553
4.553208115827801
4.734828975074988
4.049515592537246
4.026000143560068
4.504340744319947
4.102265294425795
3.4366074798590307
3.6274385344737876
4.134350261146842
4.022412484870407
3.251561474468435
2.6922472851078174
2.8440569312746797
3.470720917730052
4.058457076688697
4.188626933310178
3.8490074268309
3.1971650673053205
2.4411256080130523
1.7696950408254362
1.2115676677507503
0.8227148313818047
0.5532272214992726
0.38287682865289174
0.2948145037216569
0.2542469496294364
0.2589396952038883
0.3087533900373525
0.390715612063341
0.5106430743236299
0.675941076811581
0.8605950176827178
1.0424708056352836
1.199681798748214
1.2731565134495348
1.223868640208807
1.0817673785465496
0.9238255440010957
0.8496780792578299
0.9170977755079226
1.0595342679937758
1.1204150251416496
1.0262181672083215
0.9128437983849331
0.9572968179407124
1.0759246633246091
1.0424246657139973
0.9294947443088423
0.9817606604898066
1.064270087548886
0.972808003803873
0.9615572841244955
1.0551816635296816
0.9773699974712873
0.9801004299762541
1.0450584723017635
0.9573768986561669
1.0237205275002301
0.9962051042775409
0.9823111453750716
1.0236455700220524
0.9657116812317568
1.03171862710634
0.9677315113253561
1.0343509422185633
0.9728161919876297
1.0301717949867262
0.9733246481616074
1.017223291118222
0.9877840156163242
1.0024371632800517
1.0148743626414354
0.9768315690693082
1.0199174153649635
0.9905794156081958
0.9948875646066575
1.0182658534816444