14.173741570138054
16.185369371722732
16.50195502860195
16.691645032027512
16.602771289919005
16.363393620286168
16.337393350046046
16.542021258204095
16.50776843829381
16.273291913516726
16.41461973570559
16.56212668385566
16.422401153588766
16.566974711157194
16.33623974571245
16.0659123678315
16.094597053385325
16.087220636534077
16.183179321546795
15.74881935115789
15.802699550500073
15.848251572131836
15.54923009620502
15.533132964352278
15.48306927178321
15.216686835134729
15.342280961640144
14.936721075633473
15.055969980531193
14.821499983217931
14.760899795411897
14.43504519066779
14.577623106896649
14.208747692138129
14.306550133982297
13.990417730332258
13.738283643023461
13.815804581057
13.491720107113412
13.246655026803804
13.310529370473338
13.179583874573387
12.817758980921424
12.572751091120256
12.520867638440995
12.483898975025808
12.339459752514193
12.106977049796646
11.853266825540643
11.609735352554779
11.368102341286198
11.127123504543135
10.920016037152466
10.761139383021849
10.59215697790404
10.392193673290103
10.26668671303608
10.211604641622372
10.087202531627472
9.920672223883974
9.614059413531972
9.164628257139741
8.967445415475542
8.983131989348129
8.951675223670035
8.419741131877906
8.138952245154218
8.295090332587039
7.93887682375451
7.466979495124499
7.755609447734295
7.117073871359586
7.113761979622973
6.943261053830061
6.540543077233846
6.626302141602575
6.079440892759804
6.193535700247484
5.84415587845457
5.488079500877056
5.800409462854358
4.789751352661654
5.319162618666474
5.102222498863181
4.098244511270695
4.644127045952758
4.960095997558045
3.8508676991186173
3.0980054026984445
3.711563718256939
4.684585120539186
4.87186306719966
4.138107535088682
2.990202247488178
1.9173682700290609
1.1335030115049016
0.6403151570703949
0.36264384147870765
0.22988780066566944
0.19371911406225323
0.22219010166842545
0.3033020318708175
0.4459439420930625
0.6516601055312534
0.8930981814874779
1.1291039166249268
1.2819109043551005
1.2480596682838392
1.0524757934070839
0.8622535176491817
0.8731480816974736
1.0719298962068837
1.1175838926453385
0.95051877992448
0.9220513040139495
1.0891748404928476
0.9994362487031987
0.9373612249491601
1.07504684605334
0.9548128517654276
1.0124040311696998
1.0172811460860085
0.9683318898643892
1.0365455990143808
0.9698715552596113
1.0257810690557991
0.982169690693783
1.000394793249106
1.0228400469216696
0.9676668069911655
1.0333086487692706
0.9893808636835805
0.9750360243290821
1.0265303478933
1.0019446469928672
0.9701148990394687
0.9983329238720184
1.0243958786082696
1.0087292165674673
0.9817592757501613
0.9749591099640537
0.9878867945242468
1.0057000652580388
1.018054329813649
1.0222238563188142
1.0198507651447455
1.0153910362193035
1.014287472775479
1.0171364345159823
1.0177938474550179
1.014761254578528