1.1704206920051443
1.1711853730677215
1.1735099104544828
1.1774843291588852
1.1832538639616632
1.191011928700776
1.2009906262410779
1.2134491379385013
1.228660408436617
1.2468966047612657
1.2684138757642085
1.2934369674090824
1.3221441903732094
1.3546537265252627
1.3910107090771429
1.4311770565083017
1.4750233388239893
1.5223234918458415
1.5727525089839762
1.6258875907707815
1.6812119666593284
1.7381225098515372
1.795940217644988
1.8539230833042286
1.9112821576489718
1.9671989546986433
2.020844601658758
2.0713999655895416
2.1180760711769846
2.1601341818082402
2.1969051166467595
2.2278069718283002
2.252360842315416
2.2702039923247095
2.2811000549919234
2.284945921173518
2.2817750752037402
2.271757241565306
2.2551943175280194
2.2325126794391785
2.204252061032033
2.1710513074223123
2.1336314051103007
2.092776273271936
2.04931187222627
2.0040841276751817
1.9579370014287296
1.9116896155139453
1.8661154781658595
1.8219225342010863
1.7797358904805547
1.7400823242153851
1.703378403600861
1.669922681929276
1.6398901917716617
1.6133317109930578
1.5901769990958126
1.570240820492435
1.5532334356657922
1.5387738032825888
1.5264056017728684
1.5156154536413144
1.5058527495879181
1.496550414230428
1.4871459206753195
1.4771018488965424
1.4659252937092375
1.4531854622172486
1.4385288573760109
1.4216915224036017
1.4025079181102487
1.3809161190132104
1.3569591409251074
1.330782348548845
1.302627032018481
1.2728203814933257
1.2417622238527632
1.2099090023282666
1.177755636802715
1.145815907243162
1.1146020061090487
1.0846044417715228
1.056272629767479
1.0299971326007866
1.0060944781835839
0.9847948124054972
0.9662332808518448
0.9504453176705032
0.9373661582388356
0.9268346294251636
0.9186011028170483
0.9123393146571857
0.9076615814545402
0.9041367802497077
0.9013103250365764
0.8987252630465953
0.8959435427243693
0.892566474224793
0.8882534164883201
0.8827377838748056
0.8758395693346515
0.8674737273444016
0.8576539432739413
0.8464915292923539
0.8341894200648899
0.8210314934044386
0.8073676600414498
0.793595452644196
0.7801389389139273
0.7674260517340141
0.7558655947822889
0.7458249234739708
0.7376097321768964
0.7314470522346058
0.7274722817367875
0.7257213230268632
0.726128174508478
0.7285283037359783
0.7326677188654401
0.7382173366242779
0.744791923877023
0.7519725981256659
0.7593316287843906
0.7664581029405485
0.772982920722836
0.7786015764656153
0.7830932677234853
0.7863350543500607
0.7883100577810239
0.7891090338186287
0.7889250524393575
0.7880414524618103
0.7868136807103219
0.7856460376634986
0.7849647818494521
0.7851891438720685
0.7867023822446265
0.7898244710422487
0.79478883492711
0.8017242229502803
0.8106436588583716
0.821441020828274
0.8338959585395969
0.8476868732607337
0.8624113005028021
0.8776124181073297
0.8928099220858646
0.9075331323135023
0.9213539520641706
0.933917234407055
0.9449662184716854