20.34423280042181
24.061887242099118
23.350272135322697
23.461286679010332
23.14663190340645
23.533024825574696
23.493751755795287
23.374231657156457
23.080419978185688
23.17589743059965
22.79604270629653
23.06453381293455
22.838810225793992
22.62650872372768
22.78810097836045
22.633645516579282
22.31220167678195
22.255225957875858
22.37283839768875
22.38557726188123
22.179817387696293
21.844772242175807
21.593008253529312
21.495168432652147
21.317186599684035
21.04034545414266
20.960023241026477
20.813483186723364
20.615272500384457
20.61915585180825
20.381548508099648
20.24544190666367
19.782691452713692
19.5650422032218
19.39888984820972
19.39666230188505
18.94187277889916
18.61323905911622
18.704299742777902
18.198641134273903
17.978218792210658
17.859993858061184
17.44354095692828
17.41188828652502
16.856829368443186
16.811242093811483
16.389587261461337
16.15310409913254
16.058220673324698
15.489792326006086
15.422133396383611
15.23231220843814
14.672349069682095
14.37586020074953
14.31227338046853
14.094635879430154
13.684337156649445
13.25301017958876
12.883713310748899
12.568941260456361
12.312922919905422
12.082042793197843
11.77567995957879
11.433430796269127
11.121275662156103
10.748431920441638
10.4788137782051
10.32109169614497
10.247859975533936
10.05540505349089
9.504150326619325
8.927238917800615
8.93274014904786
8.899891763870855
8.138020331442492
7.97243518952648
8.04103750993188
7.116027257614972
7.531297284015031
6.63276826760969
6.891616585257181
6.035129222387959
6.495003845192156
5.30359959165388
6.056591536380636
5.127161289481141
4.62093442578454
5.5268269643251156
4.577902023265657
3.3724913215454664
4.023100594276478
5.166245679985052
5.133011279684573
3.9814427760746374
2.5539888549282876
1.4211473954708218
0.7220820679262493
0.3632984263194876
0.20502102949910617
0.16543484522376853
0.2078752433994976
0.3123533536683465
0.4933773210307057
0.7436645614390879
1.023995784854347
1.2536410849049189
1.2800578442845434
1.0903770315834214
0.8540194409512627
0.8914329948383267
1.1062634037099024
1.0760202306636824
0.8944799610794777
1.0272226909300959
1.056692478139966
0.9218435747680895
1.0735505464746073
0.944802344148178
1.0410516878007359
0.9694010670561272
1.039764738854161
0.9563037666624105
1.0484291449191376
0.9571116014110609
1.0108730360532112
1.0232124794150412
0.9596340755947445
1.0008685035058718
1.0328754846400956
0.9946357055811477
0.9691380251608869
0.9886949853899731
1.0173061589116623
1.0269557465450982
1.0209896862128558
1.0132848606606015
1.0071138087863505
0.9996801363580048
0.9989044858964835
1.0057142691801833
1.0083359611310652
1.01692203126155
1.0199649921409928
1.010722229708495
0.995939449332765
0.9816730223688754
0.9950691693488865
1.0148957311719138
1.00415036122509
0.9867338186040717
1.0035918300492073