12.930545090242832
14.956979124814882
15.042998808441963
15.075607972941958
15.124501156482859
15.214490726418664
15.330233996176828
15.40778132035166
15.370844855451564
15.224188822039956
15.101845653690622
15.118169640151558
15.155754792489681
15.041859476202868
14.933508886408875
14.970502421761687
14.869121742840845
14.738127467510306
14.794977766242877
14.599515876280993
14.572663246587322
14.525735181240119
14.325173848678899
14.403365220766727
14.106984648125854
14.230288085331013
13.902720867622493
14.009748012214553
13.740471756036499
13.68675687336399
13.666744515683131
13.30610790908519
13.460088658948115
13.229702692009434
12.928373475591288
13.059324273166228
12.932483421181994
12.543449611376612
12.43192368847964
12.51784338871291
12.426446613464531
12.121477738337347
11.811920820592785
11.629674639217974
11.553703485644956
11.506357740647381
11.434422279260762
11.324227614417522
11.184122617576541
11.026376943360006
10.857872927788868
10.677166515483682
10.474897452270982
10.238308200478626
9.963739125923151
9.67754977415124
9.448840845949046
9.353522670272005
9.368146856893066
9.297217981151821
8.956889396357576
8.545746340128298
8.488341052038878
8.571856922540826
8.169343148025353
7.800959185134182
7.992128452835645
7.616056673324123
7.270656015746432
7.489928429004473
6.828417427598835
7.047912292914491
6.565484665629821
6.575964687003315
6.232764109881966
6.228501419785259
5.751702160123967
6.029986375203431
5.190545165274907
5.733732614128881
5.039971026397846
4.785064633966956
5.321761227638203
4.404009704277078
4.056610091220517
4.8166251857098175
4.539434120799343
3.3767700859727148
3.084693345648629
3.9083501731706267
4.71556791042449
4.685109469240392
3.880871384392616
2.785094696558822
1.795644907112872
1.0749323373708761
0.619407222011835
0.3629398152330698
0.23875100971121824
0.20091967935195298
0.22538020612679358
0.30429163811032617
0.4387586594757594
0.6294918940527707
0.8636599532158102
1.0998300385232445
1.262785571208097
1.2708675377934975
1.1084675406519344
0.8972247898333289
0.8431221402268465
1.0038598291979621
1.1376059559992846
1.0223771756448894
0.8927645536464646
1.0223654175311232
1.08071645629057
0.9277108512199633
1.0084932329784195
1.0515187431209183
0.9328078513385082
1.0583410874728185
0.9649958774652118
1.0176528197114953
0.9958548784978369
1.0009080093727831
0.9984312833578339
1.0098190206181747
0.9801646374073468
1.0321571027779954
0.9626635685698763
1.0309535051297023
0.9926091352294415
0.9796545883210612
1.0305261910635402
0.993359035137332
0.9760527902950612
1.0163291392630642
1.0195655206751455
0.9871060694171491
0.9788216729834026
0.9999383569248141
1.018265526390321
1.0176453039853148
1.0050734760366797
0.9924349326160226
0.9853784428967522
0.983577552647279
0.9845408184092261
0.986096092307171
0.9870674126970268