13.231272717993395
14.150664116629098
14.387828797074512
14.52569684706112
14.382008515935134
14.022234490756247
13.869792536025436
14.095491517458662
14.174392385989805
13.890392813333596
13.935867338495642
14.168785318479461
13.889581471913365
13.902985960161207
13.94046146500621
13.540839565360807
13.724687722081171
13.474346700215923
13.686402773506549
13.488573385365775
13.439357752314983
13.207769897900622
13.405190360206708
13.094511063162459
13.174909604179383
12.918780276869674
12.988864836171173
12.847672673251338
12.63952197928726
12.682997771348814
12.607469420405321
12.313913335073487
12.257705035504225
12.371729286815585
12.096552343398464
11.871877883334518
11.737705566830268
11.777172860202308
11.764769009194225
11.558732792684852
11.405503852645532
11.129008306867844
10.93779918335261
10.830719593795493
10.64605985232079
10.496551355201179
10.402175526036574
10.251812644875557
10.055656942136173
9.895882490563833
9.79404735691346
9.727338251249721
9.677388616379124
9.613662544944846
9.466284157775243
9.178450708123865
8.831923493290915
8.6558955523392
8.724039846683326
8.683888861935225
8.268323543068949
7.9858638385015865
8.143902978474713
7.906921744581975
7.436965849880264
7.651395099139808
7.3351394734333475
7.017270213847164
7.2519262269317775
6.578795247653132
6.886874676487735
6.248168348047088
6.525041418399936
5.922905460366569
6.2379333845143545
5.463159965786891
5.977489028447396
5.175243961464272
5.364277286369092
5.333419790988537
4.512922317063021
5.068616860880292
4.847376306978422
3.9019339192599856
4.304730889652718
4.7688734674490725
4.001648867011432
3.0414138269892317
3.216325199750557
4.097629410397088
4.697200798607083
4.4610883496066105
3.6026868227356585
2.582891789443396
1.6758499250163899
1.017621202270752
0.6061180409844272
0.36808993372892357
0.2464399117057169
0.20709779617252402
0.22955023244607292
0.3044628724169696
0.4292563943808772
0.6043468164042546
0.8239893583817853
1.0575307828172462
1.238262482797646
1.2850497226896056
1.1635325658835882
0.9533342312853669
0.8357775532235671
0.9302335827360242
1.1035505547053577
1.0900088067221423
0.9235014035709442
0.9356530777295755
1.0827551212151474
1.0052143586690325
0.9275204130340843
1.0627447166343602
0.992598428097999
0.9687018175160133
1.0590364747180043
0.9453927489521801
1.0432391867831252
0.9639736398998751
1.0296615548153438
0.9782916924640718
1.025261221083216
0.9674390687207276
1.038010941977692
0.9649654062996131
1.0257440759828993
0.9930788581178944
0.9850368324014893
1.0282294472613378
0.98407173552513
0.985851107468986
1.0286655596816483
0.9971481961026758
0.9766518804053718
1.0014898291104057
1.0242811007300645
1.0059177017083265
0.9862385565516657
0.9781289739969335
0.9962636285118539
1.008705221183597
1.0169729424910472
1.0199176004377164
1.0116142677850606