26.479140553697842
27.58515871372894
27.640365848147326
27.73645819945199
27.849261999462616
27.80931094806526
27.499866672895465
27.232868194701727
27.484023205107825
27.752455037081358
27.24284137393832
27.035481809091934
27.334520728893647
26.910401301462496
26.935949377976943
26.706797184506957
26.715200787726303
26.33545446493042
26.475100362693567
26.029829118489
25.98363568193959
25.960371894830715
25.394841641085605
25.454583343248462
25.364628105550732
24.969732415659884
24.685026298380542
24.475959442459832
24.271154000000767
24.09505455786664
23.932216507582986
23.743091312436935
23.514694811023542
23.25523600431052
22.969065173623306
22.645397325208723
22.270482954754176
21.866569094696708
21.526123314367986
21.33599000361784
21.167220856518078
20.74021775466096
20.254358165237978
20.182353778080113
19.901090233109734
19.257922748123043
19.277333337707372
18.730729677842874
18.47553945684789
18.11553022828204
17.81742835194582
17.346812130765628
17.241627587113573
16.583466093561743
16.45082811277054
16.177629915906447
15.48679859496397
15.299095280834655
15.194108965717856
14.702241082501393
14.123914305993152
13.709424418688803
13.415616693086116
13.145833943181676
12.857122903091083
12.539493504412176
12.188280684548971
11.794170724586989
11.347609985120133
10.864122352054258
10.426898710099055
10.1790556810987
10.138655353832432
9.95041315307769
9.260812044980899
8.688777175236462
8.86452856044498
8.416523497959565
7.6257508111299055
8.040205946166923
7.00156509657709
7.238986003640518
6.465181347826576
6.652366098826955
5.627336787753204
6.352122315724597
4.905636544815488
5.238816937303182
5.604067048303398
3.9595395593175895
3.659981085093983
5.000140057011294
5.530219989095259
4.526022194569833
2.928409820295375
1.600267200130563
0.7813886198444755
0.36610265862581726
0.19362323222413347
0.1555701741069827
0.20198849326298174
0.3216127673672461
0.5203531271106382
0.794435336149298
1.0926643875932238
1.2898750215805692
1.243652229408498
0.9829399953078768
0.8242891127327581
0.9990968105401596
1.1413957187993067
0.9443115700962552
0.9526399782184737
1.0936152249386075
0.9217619538847426
1.0564154056692254
0.9650656311497912
1.0304981567081595
0.9678316849171036
1.0449989619230289
0.9468344771648998
1.0498768107117757
0.9822033505779711
0.9743121368350263
1.038917546937098
1.0061054296661642
0.9662065193821308
0.98564499965534
1.021249989550573
1.032132282079528
1.0191250652708224
1.0000926451394807
0.9867347161089524
0.9809992745486862
0.9807054491047934
0.9841777203944888
0.9914306118928516
1.0026460816808542
1.0146974655644683
1.0184957228408484
1.0050759135163534
0.984094385190127
0.9868207666012845
1.0143367514114485
1.0102876759156134
0.9823928241816365
1.0059213882909435
1.006737124899387
0.9880345523724984
1.0126840326289726
0.9878510752116721