35.47323426215312
31.17683587554745
30.80177860715095
30.33497483877918
30.076072133266166
30.285708523604875
30.44995340898406
30.096392762477223
29.968539364982558
29.880072487363204
29.399146773540938
29.689381400300775
29.576422041275055
29.47431248225282
28.976505538791216
29.327439384936287
28.834621981256678
28.709601398521016
28.787146200077256
28.200403362200387
28.3301267670714
27.97349630533707
27.923559998539083
27.572011119713512
27.173726428831177
27.221904058100268
26.852218363318805
26.487755779585036
26.42554545853987
26.26930490871844
25.880051244212947
25.435181509974907
25.065726394503468
24.783348990791634
24.55487859178994
24.31778655231869
23.9873161247853
23.57702909790977
23.23818698352712
22.95721568404379
22.62585310450349
22.464129645344713
22.226605501254884
21.676780064741063
21.203952035398814
20.976745273819063
20.77912524997738
20.079672211394897
19.93953673052378
19.554162883036785
19.02126362111056
18.84763209605968
18.288727282497288
18.059920694497386
17.582492116505353
17.070545374651545
17.013099618323803
16.33074167491068
15.948986130841389
15.857177528444662
15.37972841762307
14.729713859845978
14.290356514617947
14.037764797686986
13.79530381186844
13.484029608839837
13.127618838975309
12.76954817878219
12.404725510087392
11.987954746815113
11.516037649572285
10.990908028400147
10.382782895954014
9.944978596733723
9.904379322670861
9.804850783448446
9.101205397357282
8.417724081058239
8.710752655862146
8.01651172965869
7.450785599892783
7.746513869877327
6.5324285768295285
7.163473742808594
5.825863212788654
6.455972590883383
5.5275720895193
4.988664980733716
5.897469639111765
4.444673538053783
3.588505902078979
4.840697019130415
5.658862435449203
4.797567126070058
3.139270530178288
1.703497873317767
0.8154657525961324
0.3701590490945269
0.1871183665007331
0.14809332985902784
0.19956073429476684
0.3249334799505566
0.5298965070106889
0.8177222859959415
1.1232964540867882
1.2969190720140804
1.213280492510088
0.9355570391376318
0.8363593436609528
1.060961718202745
1.1103523422065256
0.8969241765263468
1.0278273727025828
1.043359061648518
0.9322993951196632
1.0771463698437216
0.9281128207015478
1.0658092097474108
0.9501143122447734
1.0327785893170378
1.002757331278543
0.9587809835718956
1.0408921923642727
1.0042839705574864
0.9598202384257323
0.9985282238534575
1.0346666529807138
1.0239381688893474
0.9947263025201895
0.9751574383083216
0.9700471756901832
0.9730241382664625
0.9762168886311117
0.9749876744360012
0.9737507036406642
0.9810132952238776
0.9935537100792058
1.0083238490386315
1.022378934999465
1.0063818119831662
0.9833553770288813
0.9923689368253911
1.0178279374190697
0.9945928908435449
0.9915963873314488
1.0139062678238544
0.9865378544017109
1.0125943728552353
0.9881274217740549
1.0104734600994285
0.9897611426220234