3.175482521128807
3.1583521250149698
3.10771054248295
3.025754457002189
2.9159762321875253
2.7829276984944515
2.631921387655908
2.4686968007298185
2.2990815590896405
2.1286762938002166
1.9625880673111007
1.8052305035635998
1.6602008362248686
1.530234411131502
1.4172294384066098
1.3223286174341444
1.2460363550114633
1.1883517677897264
1.1488968103733639
1.1270221381981531
1.1218795299490447
1.1324562446986868
1.1575738718974444
1.1958606665826528
1.2457113088040888
1.305249837045745
1.3723138067446679
1.444471169736184
1.519079708730667
1.5933921260233497
1.6647002856311492
1.7305060347609122
1.7887039560956404
1.8377513763006679
1.87680546687552
1.9058070032199508
1.925494645692042
1.9373443519232922
1.9434311188080076
1.9462253083905101
1.9483405391142259
1.9522587796330233
1.9600594835072997
1.973184909699926
1.9922663905106555
2.017033815587724
2.0463190208552127
2.078158267970127
2.1099815904300687
2.138872955610855
2.161872973819764
2.176292160229104
2.180000591610919
2.171661899420422
2.150885273391316
2.1182779577927953
2.0753916413113775
2.024567947140315
1.9686995779241503
1.910933164598705
1.8543471683225892
1.801639473519273
1.7548603732835604
1.715221529967199
1.6829992086988226
1.6575453046892046
1.637401431162987
1.6205039108156232
1.6044540203160071
1.5868217564182387
1.5654470643065406
1.53870295568241
1.5056893452765718
1.4663355416166286
1.4213991076088797
1.3723627899735147
1.3212429468874378
1.2703337873490363
1.2219197841593576
1.1779935007792175
1.1400131235972224
1.1087320076795482
1.0841204388831793
1.0653904017177869
1.0511189920230342
1.039454037082083
1.0283742212734561
1.0159686097643907
1.000697625361279
0.9815997955682746
0.9584157677944357
0.9316123324288882
0.9023030460859875
0.8720766604338275
0.8427578015586012
0.8161345748627272
0.7936927698270969
0.7763962038775978
0.7645462454634021
0.7577422772782997
0.7549498778861266
0.7546671178783393
0.755164011684745
0.7547582603318017
0.7520839611474034
0.7463101840476288
0.7372734536103629
0.7255013626674185
0.7121218765487293
0.698671717671393
0.6868343321415625
0.6781508468347817
0.6737527875354679
0.6741632916907135
0.6792026611500923
0.6880169458391266
0.6992269844187602
0.711173741085259
0.7222176871826953
0.731038834364796
0.7368822110193739
0.7397018822776308
0.7401740049969334
0.7395730735299821
0.7395312843738544
0.7417240098219318
0.7475401370891163
0.757801056602198
0.7725848257419492
0.7911932832358979
0.8122727771034435
0.8340687020701083
0.8547662152533799
0.8728501354667929
0.8874105699461654
0.8983292840785041
0.9063042641349757
0.912702342019185
0.9192658065379369
0.9277310976245422
0.939438822880928
0.9550192645869268
0.9742243121312225
0.9959473061834118
1.0184322936334596
1.0396320546754905
1.057639361225972
1.071096567752688
1.079490067503871
1.0832591270546303
1.0836889273882833