2.231671135872422
2.213013083942286
2.1597237711896806
2.0792690034859205
1.9822895085475831
1.8804109180914639
1.784049417169229
1.7007706427454625
1.6345769490235176
1.586217738035124
1.5543078494835152
1.5368247153573416
1.532457109494529
1.5413571055889377
1.5650582234563823
1.605599474138556
1.6641561343486595
1.7396412737716338
1.8277611255757291
1.9208776622211812
2.008799005382137
2.0803493002714726
2.1253474171115245
2.1365134015632528
2.1108451576495346
2.0501575391565576
1.9606989445192484
1.8519897572983564
1.7351972362852566
1.62143111772311
1.5203021614088295
1.4389655241399668
1.3817083114137179
1.3500010206715294
1.3428542332958424
1.3573118621488094
1.388968918738273
1.4324817923113957
1.4821044314863048
1.5323012326348673
1.5784501535872448
1.617564655278338
1.6488853202716005
1.6741414198391524
1.697308347304574
1.7237923630383694
1.7591318181603395
1.8074727482621666
1.870195742057504
1.9450900424601048
2.0263737343427466
2.1056523625521932
2.1736525698517664
2.2223317514486007
2.2468224139110564
2.246675270295891
2.2260251306494623
2.192582886433839
2.1556811083316196
2.1238717052335767
2.1027237146699376
2.0934237607583754
2.092580899429843
2.0932955888495623
2.0872044435128063
2.0669262446975454
2.0282174163195745
1.9712237621859208
1.900473191995613
1.8236179828474692
1.7492974939547838
1.6847485121018457
1.6338633705001835
1.5962565774478674
1.5676028955218035
1.541125976098976
1.5097743854839334
1.4684186975591191
1.4154035551945505
1.352992402326332
1.286588043632663
1.2229921352813846
1.168265186673492
1.1258667428604587
1.0956626042035327
1.0741023392008155
1.0554920770018241
1.0339325732764082
1.0052778011282824
0.9684662769596838
0.9257892125477074
0.8820181841002217
0.8427015704644295
0.8122226055463958
0.7922938997584007
0.7814117624532552
0.7754573300812339
0.7692251053757281
0.7583261226784955
0.7407739551454234
0.7176723006924256
0.6927489261938273
0.6709075796264129
0.6563408675006959
0.6509209685056414
0.6534893916829928
0.6603292224351304
0.6666463614882044
0.6684848481183678
0.6643164125053154
0.6556582228582637
0.6464515001265676
0.6414341118961366
0.6441620308752009
0.6554992992170793
0.6732233043917923
0.6929390387098561
0.7099422627395372
0.7212501652260284
0.7269183814588448
0.7300449566176229
0.735420479319274
0.747385370454936
0.767832849597912
0.7952668270747947
0.8253790792001843
0.8529308610691023
0.8741116914930845
0.8882915172356615
0.8983222742409667
0.9091955970900295
0.9256382581655286
0.9497609364278217
0.9798972348996308
1.011239024440464
1.0380203333939493
1.0562287409687403
1.0655198149568303
1.0693547989634795
1.0732364688857423
1.08187650944198
1.0967050562529777
1.1150111474643492
1.1312077663628741
1.1396271168109604
1.137428340351636
1.126091203950224
1.1106694650257076
1.0971502187094722
1.0892982866239889
1.0866871204173778