6.298165919174737
4.896705821074038
5.170411415460218
5.448346690814456
4.96797273267354
5.049284390932889
5.512452866585406
5.001131170078963
4.9622955252272485
5.4065407439192565
5.07590123379334
5.126614442942025
5.0687454088497965
5.034432166886906
5.348138788372873
4.944455893715794
5.083954069335165
4.979834848635825
5.074152042863348
5.176364879395499
4.9275477797439535
5.068117840961732
4.780037075157434
5.088402708026268
4.843826029481457
5.127227629589703
4.800439444334212
5.012622630070716
4.674929704575503
4.923909773111813
4.633151743339949
4.919359107002174
4.654586493974653
4.886652863254887
4.681524138412844
4.752971701727986
4.715461897138998
4.552239803214437
4.73483786387265
4.404203952652128
4.640209977927108
4.430616699563135
4.3904260826458845
4.546119920012073
4.215307585779874
4.428270032144809
4.349285723166886
4.117220423425714
4.390211666864503
4.1849562719892175
4.032278498620108
4.310641508814474
4.09295963900058
3.914110475996327
4.201576051249414
4.077219109062195
3.7697845275381385
3.975106000214436
4.07052829430853
3.695308919760539
3.590543260485667
3.8736007222199182
3.8342770576520766
3.4626905220971183
3.4191633654268934
3.7276122554094844
3.763011982711563
3.3762688024305296
3.099984421042047
3.27310112557236
3.5858100224565
3.5584881518824134
3.162471795314201
2.8097906394342176
2.8349354271731544
3.165747850137242
3.4441909312662085
3.3758832803482446
2.991040015127953
2.553365002841304
2.299492600797956
2.323057586481653
2.588780394051374
2.9901639308509838
3.360058378838999
3.5306586020548014
3.493640938451265
3.3076628760869293
2.9615373569788916
2.5312081337309804
2.123208409625231
1.7221940150273372
1.35848455121603
1.0801161000257435
0.8426640317169964
0.6569895127163095
0.5334378822832478
0.43178633623636076
0.3719194824454436
0.34162192373315725
0.3255347319698662
0.3457499476340771
0.37532991343728406
0.43274088681174083
0.5134181132856085
0.6034825014894497
0.7281477268349592
0.845644207738872
0.980897264104882
1.098345279058674
1.185380697022574
1.242952084795228
1.2254429571373362
1.1769361646874872
1.0646619155396975
0.9646384698000496
0.8766831391059086
0.8682636677620583
0.9149923478804839
1.017967939872511
1.0896758771198805
1.1096201744030858
1.0373967745674866
0.9568944342349218
0.9096812276299562
0.9659649054066706
1.0398705935464072
1.078575645449391
1.0148238103904128
0.9461337468150374
0.9534561391972879
1.0226853479829328
1.0618318411380834
0.9942229159672458
0.9505146786399548
0.9923679647427764
1.044611761516591
1.015055037497535
0.9535978279492638
0.9960704479950555
1.045327378515922
0.9882140103526885
0.9663487031866832
1.026569317254512
1.0162336972768646
0.9676144812957731
1.008249078331892
1.0240527707229838
0.9723638117691668
1.0038062995743755
1.0240048768775987