1.9373548564895227
3.371922012883704
3.938720217059607
2.8990188298046218
3.7532099708578963
3.46593595417611
3.1029760435786056
3.802638417377804
3.2325028673968292
3.3366359127291503
3.626174555783887
3.2637336738715153
3.3967446015478684
3.4512498834250174
3.448603423800906
3.2077412909955516
3.514589378493065
3.4465846000743916
3.1423841417406404
3.511447173737494
3.383973665982571
3.2837273998339183
3.226310414295769
3.5360623640077704
3.258197317481799
3.1780889810126394
3.3651122839638328
3.4132466903605754
3.184294609918867
3.13535818468078
3.401660208843989
3.3150010398367846
3.130554283938182
3.087224497217089
3.3595813396512084
3.2792517071698994
3.090929102534246
3.00559560918122
3.245643875670017
3.287448518155254
3.0973329746862204
2.931559789257624
3.027915483582863
3.2466950074793397
3.162556593847486
2.9898203831179644
2.7981945464634803
2.9985702748564176
3.1142911573907637
3.1635831365511335
2.9031204375509785
2.732875709814388
2.7751014902283364
2.937164307847413
3.1224776051011585
2.977319720333312
2.79341711875869
2.5775798956498166
2.5814018762277904
2.7855367027708025
2.922117432567034
3.0138113109689324
2.8370830031352834
2.5824892183633152
2.414718324170502
2.3247116545660975
2.4796892225579614
2.6837973432316065
2.8335195397459803
2.9305702088195713
2.8010300216540336
2.5675768906034735
2.3368349902600034
2.0843921462662585
1.974475874041215
2.0173027818247893
2.1245600521920753
2.3533561520761754
2.6198554947297295
2.8077616897407816
2.971899880629661
3.07504612095007
3.033481143288239
2.9248954219532375
2.790001719545817
2.5694798647181987
2.3039720017521583
2.067957408620534
1.8316409964215385
1.5761128593241915
1.3547330744159085
1.179156513408322
1.0110492792314247
0.8537412420346235
0.7364711869806552
0.6495372480062024
0.5679473912101485
0.49770445905337846
0.4551732553806283
0.4330617852680293
0.4150263742540052
0.40331412735852407
0.41133812505104284
0.43921807011524056
0.47379739471862675
0.51086804615071
0.5620565141552666
0.6346154425685766
0.717260883330084
0.7961605539522912
0.87477949031209
0.9635863698892799
1.0559264408940807
1.130282756189528
1.1756700149831942
1.1996215310459744
1.2083859012634421
1.19336511823187
1.1446866903543709
1.0696210847805792
0.9901342994918492
0.9268816065983685
0.8906437821644376
0.8846298370109031
0.9077469310429149
0.9545056913769469
1.0137904253135732
1.0683029501561159
1.0973609413832877
1.0861865402680002
1.0374644619318127
0.9741117555553217
0.9282643980740678
0.9236497792899705
0.9621607936885851
1.021231092705656
1.0647458585441845
1.0648627854056885
1.0222576489555057
0.9680347184843887
0.9421760602746525
0.9629855065040562
1.0114507360455236
1.0453039975019411
1.0349866168442252
0.9921416774150936
0.9610841747537691
0.9751810386808145
1.0197801864069242
1.0450619235677798
1.0212761976907765