6.5079292877194685
3.746518271171529
4.934461820800169
3.992341782870407
4.688560335616098
4.19572046927055
4.480837337065631
4.321489490717502
4.413032269075643
4.2767933091724855
4.5157031804736905
4.12359283061513
4.61462483344342
4.089713812260894
4.5046019155084025
4.243304974485426
4.309830648912962
4.31919317497324
4.287965879424611
4.258482738896845
4.2426056434403705
4.368711407619148
4.03978218365912
4.420548919093495
4.127599084936747
4.142045066993797
4.304890094537416
4.049933560845829
4.228775928133539
4.056736588805311
4.139816587577965
4.18107651068555
3.889454801650203
4.176452284537715
4.10486774304874
3.832313743682256
4.098086788058072
4.002653845394377
3.8403890789073967
4.032893992225561
3.8668926621796675
3.7536657690671786
4.015072878187592
3.8711819530682097
3.5961629229603336
3.819521066631998
3.9151146673234254
3.616061375063281
3.6023076314687654
3.8063237969509265
3.64922101702822
3.421843206629527
3.594228584384817
3.76875871921482
3.522949941821382
3.2546166049748955
3.3905376332377415
3.6165777279792395
3.4890057872101874
3.1886835658292703
3.1657575015925503
3.4085723443895652
3.4992471307445747
3.2470681715151386
2.931309741262098
2.9025207312292816
3.151158045609986
3.355891622363641
3.264513866385652
2.941302731935712
2.665724898493565
2.653922064189595
2.886257111325928
3.1558467018778087
3.245713684634316
3.0752172910467315
2.7273779804979874
2.374070942208105
2.171812599587548
2.192130730511841
2.4094249814971804
2.7326326724625467
3.0522627024616003
3.279014887796113
3.363195152278008
3.2957958113757075
3.098157003127114
2.807858396923086
2.4662408241245712
2.110020396770766
1.7671852937535204
1.4561592636081182
1.186901292951304
0.9628177217878271
0.782759682263108
0.6427566774817154
0.5374041966674368
0.4609619113322631
0.4082464852504038
0.3753491198050679
0.36011129120969315
0.36220681478043304
0.38267456534115873
0.4228863066465972
0.48321725859329634
0.5619866333076077
0.6552972627531747
0.7579842844755028
0.865027316208485
0.9720487071642109
1.0738121672361598
1.1614008410329941
1.2210114530507872
1.2376578746710476
1.2037185805797217
1.1268833390673783
1.0301517175100356
0.9422598689923485
0.8861170655577152
0.8743567030514247
0.9105301577266514
0.9854079291368223
1.0680046708262378
1.1108842236202954
1.0831306681311192
1.0044752014842795
0.9351972895309154
0.9236790324976466
0.9693322290411566
1.0336728149037075
1.0686859803147692
1.0416934899029338
0.9715102467086899
0.9347456862617873
0.9801661976737206
1.0478352867842982
1.0467911083559023
0.9877323099245042
0.9548756421152144
0.9849743419919925
1.0350815020321718
1.0331694760193308
0.9750209622912749
0.9614569461975631
1.0227515278096058
1.036534778826218
0.9789902604417398
0.9719564470735746
1.019298534596407
1.023451734752818
0.9807589184475409