3.659962294981744
5.377880316050226
4.441609576685533
4.8237293979024525
4.968753141214349
4.40347534761294
5.096941867177701
4.597597681169552
4.671037886541086
4.931554359116336
4.581143356636716
4.783136721204894
4.6624233701579305
4.867378843849618
4.449584666354825
4.887422297540611
4.595663176586612
4.724692229146276
4.490346557627812
4.845294810971183
4.506457915790468
4.672765023022755
4.444146447965853
4.789628225667788
4.436644610836394
4.618660574860666
4.381879859018607
4.633089329839329
4.502429953058471
4.4260699565387025
4.4763863416713265
4.28162368998446
4.589186512190764
4.303360969786672
4.4167017151195935
4.3329194529093185
4.150273327731153
4.430735965812331
4.1840964600234045
4.26575216575412
4.348784388569033
4.0117685604796085
4.189634746585819
4.158757892265296
3.9045107661701675
4.161710391429677
4.121017515491683
3.855557872747753
4.074857493004089
4.08030350482711
3.7446126898169383
3.8468611523923575
4.009040759702035
3.7071277004563425
3.5707804390121547
3.831486062655811
3.808085812935957
3.4665539476503824
3.455242463669439
3.7277484784564248
3.677904079780198
3.3263449998000114
3.2376140563903584
3.5000894764501904
3.6188431813748143
3.3441357313006566
3.022036121512851
3.0483187718218434
3.3355481023062423
3.4755649657049905
3.258809568884234
2.88324590716679
2.6983995680728796
2.8469843208133465
3.163158008772106
3.3536743309943584
3.2434505173552948
2.881738082705002
2.4712385358768665
2.2194367986985055
2.2291733165145486
2.475455103252226
2.8448123079063317
3.1951695752627773
3.4112573853919024
3.441361876932235
3.300554313708751
3.0392055846802326
2.704184304700675
2.3265991523268634
1.9367057427865928
1.5732150214090748
1.2670908789953184
1.0217084731619503
0.8204361649042474
0.6536061940396182
0.527429540856141
0.4447920686100053
0.39204437690110117
0.35543201450241246
0.3390986873642345
0.3516199437464189
0.3852462060546191
0.4291368427305248
0.4918964646045751
0.5835959247535535
0.6899758715696307
0.7973531702689335
0.9164976503960601
1.0433750290475232
1.1426084516725212
1.203155093891895
1.23688263384591
1.2207766441659484
1.1418573883241299
1.0442740935880255
0.9525508762264855
0.8759490159644091
0.8659727869196328
0.924679745057236
1.0034095021190859
1.0847470647463107
1.1115966340288388
1.0536440065509347
0.9777613172782731
0.9204025008631022
0.9325074516848177
1.0151088837904487
1.0653871300097533
1.0567082013634983
0.9845627951885577
0.934493591427818
0.977198295008189
1.0367327853931414
1.0540388851149578
0.9840378558654481
0.9513986244775319
0.9948319471529878
1.0460472896888877
1.0159027556730917
0.9574764802263609
0.9879536063072957
1.0359078146167247
1.0135367755992595
0.9600804020224645
1.002984351201007
1.0323390361638578
0.9890911412098528
0.9726947090775967
1.0277394029870561
1.0079209942077219