2.941285507518398
2.9403592818081306
2.9375827023891086
2.9329620571373787
2.926507808323289
2.9182345663544487
2.9081610530709816
2.8963100546483376
2.882708364178785
2.8673867140188154
2.8503796980057863
2.8317256836635374
2.811466714533257
2.7896484027826043
2.766319812263231
2.741533332204104
2.7153445417458837
2.6878120655395534
2.658997420651168
2.6289648550335083
2.5977811778450297
2.565515581916492
2.5322394586864423
2.4980262059479856
2.4629510287712733
2.427090733988856
2.3905235186544456
2.35332875290978
2.3155867135453185
2.277378534227293
2.238785708206002
2.1998900314389873
2.160773320422576
2.1215171720784425
2.082202721826311
2.0429104004947845
2.003719690751439
1.964708883762737
1.9259548368236301
1.8875327327254727
1.8495158416594832
1.8119752864805652
1.7749798121829532
1.7385955604642274
1.7028858502780644
1.6679109181437948
1.633727910224799
1.6003903793794603
1.5679483114945811
1.5364478587324366
1.5059313172940942
1.476436876256531
1.4479981791135763
1.4206448145977943
1.394401867654457
1.3692897443458003
1.3453241984311
1.3225164384403885
1.3008728003580305
1.2803949171525708
1.2610796800456776
1.2429192648744334
1.2259011802463167
1.2100083379510045
1.1952191025640169
1.1815075785770786
1.1688434964593544
1.1571925404991665
1.146516492953627
1.1367734416272204
1.1279180097110926
1.1199016073188548
1.1126727039919553
1.106177121279575
1.1003583443257277
1.0951578512208702
1.090515458698212
1.086369682577497
1.0826581111828664
1.079317789788152
1.0762856139744692
1.0734987296230203
1.0708949371127054
1.0684130971493864
1.0659935355236116
1.0635784439783895
1.0611122742703187
1.0585421224281961
1.0558181001551443
1.0528936902854409
1.0497260831973902
1.0462764789375456
1.0425104371622422
1.0383980165101028
1.0339141262616485
1.0290386618613612
1.0237566771850362
1.0180585060723706
1.0119398431880287
1.0054017823824226
0.9984508110266488
0.991098759130267
0.9833627024141469
0.9752648189014586
0.9668321990054862
0.9580966095302826
0.9490942124557988
0.9398652398491251
0.930453626723427
0.920906604151338
0.911274255424734
0.9016090353262866
0.8919652757394633
0.8823986326924352
0.8729655401847737
0.8637226525362166
0.854726289308156
0.8460316544803917
0.8376926234210085
0.8297608025988948
0.8222851805447902
0.815311481704573
0.8088816892572912
0.8030335496132818
0.7978001100774211
0.7932093741280949
0.7892838658833486
0.78604038749762
0.7834897707799829
0.7816367066317546
0.7804796430776614
0.7800107548302331
0.7802159865498967
0.7810751711233035
0.7825622233878425
0.7846454087902756
0.7872876741800438
0.7904471061229973
0.7940773436762711
0.7981281669291564
0.8025460867798703
0.8072749969595812
0.8122568697430267
0.8174324871498984
0.8227421986756392
0.8281266959189516
0.8335277939109719
0.8388892085115218
0.8441573189339974
0.8492819043036646
0.8542168431541743