5.9072970988426015
6.548746313302824
6.705471788443498
6.847961020880451
6.962475638067997
6.996399070763423
6.909808106627741
6.725671818306101
6.547025367095113
6.500388841451639
6.619437987875007
6.775556443857444
6.779011227553994
6.605977068591528
6.472775347459044
6.560101697165506
6.701948606316523
6.596231759621664
6.340601413164892
6.319854994971518
6.464611265345858
6.357713273374124
6.18017919236977
6.3598025856748155
6.479953009175177
6.223758138941918
6.203437844494222
6.298561452074584
6.033417295140542
6.10902934740704
6.280224436996887
5.970219023160688
6.050792898383769
6.001478835545478
5.851048478606515
6.097601981774578
5.739187341586756
5.8570572167280535
5.799989413587829
5.721528165483233
5.755045399295308
5.518110866921555
5.774288699315057
5.391422220447831
5.633901186829298
5.330238051420982
5.543100187301914
5.182179750497771
5.470770788259846
5.091967459415248
5.285179665435019
5.1044172727088375
5.019999882671702
5.151534083646462
4.768623826983856
5.102707390033059
4.6959301882793625
4.798331280203929
4.849735612817447
4.434991613399802
4.770321309128968
4.534334204366345
4.283138940321785
4.583779982087533
4.373563243279568
4.020663765923056
4.372310120284639
4.290046494213163
3.812356856635748
3.9419739576614377
4.2166951398766885
3.908344618758084
3.454937266521351
3.674392266707231
4.001202028516297
3.7596897525868846
3.2437202477244886
3.0633234215206167
3.4195445388333745
3.7779603798536328
3.619623183543326
3.0832570484032846
2.588288507347885
2.446601886665915
2.7439506172276436
3.268623152235097
3.690432576303922
3.830445928825445
3.683789130993392
3.307814925971157
2.7849332183744666
2.2211176393221677
1.7076816145183702
1.286187972459744
0.9568318372543768
0.7066699869003422
0.5247330707068977
0.40192250924956774
0.3285271071655923
0.2951236197804621
0.2945981084164709
0.3227596869751357
0.37769064654082557
0.4588319485939025
0.5659171572947816
0.6971643443609007
0.8465138874419779
1.0007642056909527
1.1384172468724
1.2323314619660168
1.2575408501208898
1.203488659701695
1.0863160007270798
0.9528305074286442
0.8668323396422654
0.8757007174854364
0.9722563807400153
1.0842468318924487
1.1188009772500098
1.0450654125709284
0.9395253541542274
0.9201674735232017
1.0081447986278333
1.0840117787519412
1.0395834775497805
0.9465132713916293
0.9578981547271832
1.046352781125005
1.0397066204248457
0.9522366181366816
0.9685572372519821
1.0479763142814849
1.0078936060989587
0.9574460233256715
1.0274233134892492
1.0252464924180347
0.9557436430021116
1.0131705597021916
1.021677116188509
0.9668895114572315
1.0274491694570211
0.9984099853763704
0.9744097325339823
1.0336135626364007
0.9765859595175818
1.0127570958025915
0.9980549220086073
0.9885964471630642
1.0239936525498394
0.9729340108966648
1.0240779567746465