4.73925957144465
6.625020300871673
6.794651011506539
6.885837109656261
6.964406400497177
7.051127637130654
7.152778738540135
7.263867472070977
7.364519238904411
7.421711962395202
7.399613080777055
7.281465237440767
7.0958292042415545
6.9259687334348286
6.875664497290765
6.988428120907141
7.174518756177254
7.244118399867143
7.0841505412130825
6.829990014747089
6.768983215753214
6.966657028653573
7.096894667092741
6.890088576421926
6.637713001734753
6.755870019039835
6.955404117149598
6.736657749391651
6.499593105302699
6.720398676879243
6.758761309462241
6.407389726699188
6.510717637083917
6.655497507883002
6.287694803985876
6.39646705489983
6.48715921246595
6.116811294494712
6.365621560385178
6.199184164073062
6.039444399340639
6.2637767600168965
5.860736819453643
6.138215174882465
5.824433799042259
5.927815226396783
5.80478591283324
5.7323870125907925
5.742024406126878
5.578737706827681
5.629276990051909
5.46680343894451
5.466145813647879
5.400463876452726
5.24916933766129
5.373947474241779
5.008714144617761
5.316653595412268
4.863919897767987
5.079176079449182
4.935109103788255
4.671931839211646
4.985935591655474
4.548411426021783
4.563249868237912
4.769584635126031
4.2750159640169345
4.341564151894315
4.580095505235531
4.103146968987894
3.9664419854140096
4.341859325236641
4.141742579970825
3.627775584025478
3.73855334527559
4.110221028959261
3.8971636808407344
3.3222162910098296
3.1833117658684973
3.5795268187012956
3.8797398907422065
3.624870011281968
3.008712452438017
2.55581879573989
2.588747584711409
3.0301364916730082
3.5639805799059334
3.891631295158736
3.8768820891541815
3.5472626653018224
3.0198843314100574
2.4246960367443773
1.8597688877910716
1.379419414458007
1.0017334533945168
0.7222859674325603
0.5263795570154178
0.3971959259174006
0.3200998462974458
0.2842996811322841
0.28301706029550544
0.3129146529878186
0.3731146460310196
0.4638344374652534
0.5845098246240412
0.7313152289845604
0.8943060057050144
1.0550671120537087
1.1866566300851307
1.2582737157629056
1.2463768925187735
1.1506193767761512
1.0068004458968371
0.8833488460775364
0.85042834318757
0.9292218251301881
1.0582231618857578
1.1245477561637303
1.063977430081296
0.9436617437605841
0.9078750617040345
1.000657434680878
1.0854954041054106
1.0314260209878894
0.933380036354158
0.9676457775411146
1.062468857919377
1.0227318628713855
0.9407662938840674
1.0039260567802255
1.0527198247488994
0.9667009868539486
0.9788835855151832
1.0483791610768773
0.9754884033427945
0.9842164916769376
1.0404265255375231
0.9662490801316461
1.0099429775308733
1.0164747525746305
0.968979567510539
1.0337170502898014
0.9742875033695942
1.0144694596112023
0.9977695997547863
0.993158693429524
1.0137751501928383
0.9827094482293321
1.0194823291999995
0.980365625574787
1.0194018198378922