3.537063280280778
6.233802467933176
6.12531924019466
5.328332395947114
5.246389361009221
5.810963424543802
5.889494627412165
5.497787480007701
5.518903360521067
5.625029428164899
5.426669262448333
5.582269753683622
5.828617970312063
5.510520382829545
5.472642723524481
5.583524260990846
5.296260123283708
5.473532450163319
5.55737721254359
5.366865437136116
5.6412937853421345
5.420626286071077
5.448759951268534
5.4924423336803665
5.244329740366197
5.46493749871312
5.155374429312035
5.359315278248103
5.143807202362913
5.237459926476439
5.144537081409723
5.134280755176645
5.125402747521073
5.058553220502755
5.080306180904032
5.012514883058961
5.0110595170765375
5.000779260250542
4.918672365365784
5.020495394838702
4.806757279755724
5.033948662368982
4.698250480699323
4.953198769384337
4.650443780037785
4.713226946955222
4.703916065744804
4.4448924672160475
4.733899144651894
4.442876826792644
4.504277024883924
4.621846790120887
4.228989404369796
4.4129701931195555
4.3984013373243425
4.0798354376806545
4.3423649184360595
4.312542060210182
3.908575011111876
4.083309724189191
4.240684586290313
3.8608364231235868
3.7787566099612944
4.064625713193805
3.9344752997756154
3.555365999639307
3.6221117081491467
3.9045494235839886
3.768235956594901
3.336660354527331
3.2593240945704083
3.6033583657219124
3.7517073832220733
3.386866351426422
2.96516028737501
2.9181804974756247
3.204119886137128
3.5235689799349204
3.496128507283927
3.071581699191264
2.6118372025987484
2.333810213481205
2.4036262140413482
2.7761722056092397
3.1846696367982386
3.5392138380200304
3.638012788447588
3.5256276293437785
3.2143238670484715
2.783401348427386
2.3255664904616125
1.8649942220140039
1.4761598272264616
1.1335152993486768
0.877886242644784
0.6695920502943316
0.5278502508057947
0.4221268254254154
0.3586300163406397
0.324647378417712
0.31498512766378467
0.3364622259410037
0.37130567451084256
0.44322718653076326
0.5228035910939701
0.6400027825102478
0.7615892990038797
0.9012572546671087
1.0383055685344438
1.1459397340417963
1.2323970697523834
1.2400358418448731
1.204756678326659
1.1057879371730697
0.9817980446930608
0.8949452430572066
0.857393304545929
0.907265694291284
1.015292149661911
1.0927493370442318
1.1043986504524428
1.0368457231940142
0.9367691195597451
0.9133088104622213
0.988005917392774
1.0652207083172116
1.0584029759404816
0.9837123168480028
0.9381049771807325
0.9863654541690963
1.054016756739559
1.0299738221451824
0.957041905417289
0.9704926371655129
1.0397148874954436
1.023132818183496
0.961255123412507
0.9941563952264593
1.0395040750304074
0.984673601787937
0.9688258285940681
1.035537299488919
1.0100037075362867
0.9660344337598668
1.0207376311296157
1.004689899670014
0.9692084012391464
1.0277601035018513
1.0000241637810297
0.9849611034849295
1.0299554341602628