8.02255022456121
11.561944629385154
10.621760966948486
11.263986283260628
10.79367865312508
11.055061744938321
10.957826608098427
10.86453052532094
10.990920840319102
10.87052845672875
10.829768952930225
10.876527269461558
10.843138674176013
10.718726481702605
10.719295513445122
10.79502117628397
10.686425812355884
10.513350241104156
10.532799269359987
10.642580649372006
10.595490729570551
10.39165258421305
10.221346244230428
10.197317097395644
10.27026841475459
10.330603896343236
10.313233589232157
10.218960513540246
10.082487479848579
9.938399738264378
9.806495342484805
9.692715955954592
9.595702737246514
9.51265607458912
9.442572556694428
9.386943229248631
9.34810571096339
9.325067964424246
9.30722946045132
9.269256831637957
9.175044400692856
9.000114826950204
8.769231056442631
8.574450373299475
8.517496899932748
8.579206775736337
8.569557635183296
8.340376968647462
8.070997847215716
8.060206559025453
8.135137106669628
7.889889452304465
7.626599225803193
7.741861642019748
7.621464058796307
7.267996210093834
7.413150865209581
7.222039033069725
6.932580081616728
7.139436398316343
6.668279115818542
6.815701953362109
6.551227399815813
6.440567208581515
6.405272344568246
6.124512896608706
6.180308385267041
5.889145545712954
5.8574789898212565
5.762985804766284
5.414695237763926
5.717694178071192
5.003042668579716
5.430382225044734
5.051509380929527
4.6594054710310475
5.171124411140215
4.574712757673941
4.205858101726389
4.776411027036457
4.483446200102556
3.6796783962473314
3.856632478434322
4.442575335264007
4.168904655334354
3.2602057583166117
2.8030639569108886
3.2070307325064573
3.9710937991855526
4.419776811070623
4.265227228146017
3.62673364043194
2.7849948370842017
1.9771755182902377
1.3260165240516222
0.8587892769513691
0.5520001411269858
0.36701422109347154
0.26896733503743725
0.2333407270542466
0.2462024099622836
0.3019887713019673
0.40032987106209394
0.5418716722817777
0.7224966040555444
0.9260539289331349
1.1181451767310324
1.247398762819728
1.2630267814427307
1.1512767187373034
0.9722081170719479
0.8515568034512865
0.8907738197556574
1.0447544953331016
1.1264160399198804
1.026864097293927
0.905246855721613
0.968886228966813
1.0867068323472464
1.0126082018598248
0.9246690223039373
1.033837683567797
1.0438732744873467
0.936766109511237
1.029310448630875
1.0224997280147128
0.9500791408258864
1.052183081704548
0.9663222769463564
1.012882581792002
1.0068572315837385
0.9817337420995323
1.0258666239739547
0.9725890213606797
1.027531693553699
0.9763286533628374
1.0185473927553848
0.9907528288283418
0.9982394726472077
1.0150031699242517
0.9752445808095404
1.0272608305442406
0.983175057497356
0.9973483957017596
1.020289865463165
0.9805223752700636
0.9993439070904284
1.0191688938633976
0.9895850874263035
0.9866387166525541
1.0127876876393689