5.810885551064603
7.753594522699734
8.527520147599077
8.958245716057291
8.787991794843332
8.489465051404137
8.499078195986511
8.53383886223985
8.29782519354836
8.194613328244214
8.414155430769869
8.419351008461044
8.289121931821342
8.4604128965757
8.443406283322819
8.303572267818806
8.438202418725293
8.29415896064896
8.245742607732502
8.26297525706022
8.059436946047652
8.120451519967867
7.92837873386414
7.986645488315317
7.911656933719381
8.010598693191804
8.014320507939281
8.061468303144729
7.916304448340608
7.8009639115388065
7.578658202763159
7.661733465422898
7.6701256066157155
7.765148243657051
7.512834550013611
7.324905012554743
7.427818287534378
7.4561111118731676
7.320387213670784
7.097963700589563
7.176132850742208
7.233444781916656
6.912908946752082
6.919146085549639
7.022442603625575
6.703922109458589
6.773657506298908
6.718907089482941
6.443745523872896
6.7010643878310505
6.331058451062725
6.362586202255009
6.299641036119213
6.110277513349532
6.273799833989949
5.886182418590012
6.110643944726997
5.660835854086703
5.930999144491131
5.5022043310149655
5.751103126335055
5.41039475806619
5.480659491829768
5.402321493766334
5.102278341516636
5.399281437971583
4.8416844122434775
5.088265111647412
4.979563948632006
4.526169082821218
4.926059461212679
4.635252458714084
4.207871632945774
4.619006528331707
4.485992865774179
3.858456908301621
4.016532296986369
4.391180540852029
3.9702182185329193
3.375813972267602
3.525235855684245
4.042303617098165
4.017646317195829
3.3538989680369498
2.724028323761656
2.681345627227539
3.1835065021918183
3.7897539867080585
4.115860841692022
4.0244548090985965
3.547118136388445
2.8648522078883443
2.188083831223961
1.5895391494768083
1.1046284406067564
0.7670858591106879
0.5324276660773666
0.3786233680668276
0.29984933382477263
0.26021690125946956
0.2669192868432714
0.30806250683856984
0.38027121089023286
0.496844689198199
0.6345476326401207
0.8126984421422866
0.9875881003754591
1.149873918449421
1.251085648221485
1.2554743860483217
1.1667875703686839
1.0063981558546728
0.8793605043186998
0.854521442931159
0.9593086924799262
1.0917975946902483
1.1119141814106877
1.007107422946622
0.9028219979318967
0.9636748432897234
1.0717583043144518
1.0481862514318232
0.9428099750861682
0.9639354129526242
1.0649387525178753
1.0080107585575702
0.9402041299334551
1.0352639438061617
1.0265029754453598
0.9484696872252661
1.030520739924081
1.008982061123188
0.9678501038063628
1.039675088128944
0.9676496748187043
1.012460321187385
1.0115225229522045
0.9798567122400692
1.0258418930284798
0.9663561583629908
1.031095101633883
0.9722372965434712
1.0324956917967945
0.9741099936199468
1.02739357358716
0.9729971373843075
1.0198321437202593
0.9802580335766794
1.0058928089017234
1.0004941635704458
0.9849434183296546