9.7357167419251
10.134059941467532
10.241361409516784
9.826687680969105
10.404104389311932
9.968218454874158
9.908490448266466
10.29199340464492
10.014430379599286
9.902849403028428
9.939088786389233
10.148761617612937
10.017181558793052
9.742529485577556
9.841558732651109
9.788622515045292
10.02897893175585
9.87644302957006
9.71056792073545
9.682260675688637
9.468774492059552
9.457125169903263
9.546874897942674
9.460682430290143
9.4271755871577
9.498800356751296
9.46188855004844
9.33198160763854
9.266025354013696
9.258629592746027
9.199613737312582
9.057896873537814
8.891757700466647
8.757676350625124
8.67103865255366
8.629550259728582
8.632793341835413
8.665209704881969
8.669581160013859
8.56580273648114
8.337694704608763
8.109681306891177
8.057586373134882
8.154086310703807
8.113710126503264
7.8256582783404856
7.655565209067323
7.795630301420955
7.745505692169539
7.398645274163271
7.430897257775437
7.526710589124474
7.126844829669854
7.135645626922639
7.16046954036114
6.7201457423261175
6.949878872958053
6.672780809098944
6.594591004969579
6.619847327715564
6.212928111016742
6.461665345742878
5.9846557266326785
6.283521357729256
5.714448940908791
6.041773792315839
5.5573384680532465
5.718235462371072
5.4613706746754636
5.284239775903187
5.483152258194771
4.853997160573913
5.227766422416895
4.952050769074384
4.501495844467267
4.949634124851897
4.629491429483443
4.04474748316616
4.496483767959443
4.566800926898708
3.806116678049352
3.556404600095089
4.13244759726343
4.300931403232413
3.6512373058876397
2.868840747439861
2.820486027238819
3.4163213388477884
4.083801940808271
4.353318891935904
4.044986169045666
3.365317335082097
2.5798816250765393
1.8388416766433062
1.24109165776
0.8207893464585853
0.5450532410045597
0.37164410245850116
0.27516898838443876
0.23910434191258179
0.2513026254649015
0.30451380194594485
0.39548740158616347
0.5240803483729121
0.690193150858927
0.884869759373331
1.0801548399063539
1.2283863165877806
1.2778953399480066
1.2033203376914443
1.0380252498500218
0.8813157204681239
0.8473629566840764
0.9619620676158882
1.1015398753302785
1.0985915792631014
0.9617341793062061
0.9023289319002968
1.0146709824276907
1.0820948679234594
0.9723250614098117
0.9340242769222653
1.049678864551491
1.0218510332906532
0.9399959641580573
1.03940606684192
1.0180494490051017
0.9568290893874424
1.0475415851046934
0.9700892669241918
1.0001568276196908
1.0196833402441143
0.973143297393642
1.0365701632848703
0.960850205272244
1.0348521524978218
0.9692019834160525
1.0332532221940967
0.9661242001753059
1.0301887975990769
0.9783506566640469
1.01259815724032
0.9982587693115126
0.990541967378725
1.01953522540413
0.9789690124879765
1.0107107702741494
1.0082171105100384
0.9800833061249766
1.0116148872349515
1.0118417415846739