11.241078697869478
13.486764209256998
13.14037564102099
12.542456138384214
13.099045986986033
13.303348917195944
12.78310024738558
12.982859113350356
12.669886177558478
12.88550177320376
12.918818218602238
12.88732239735813
12.92675473762262
12.778031399964606
12.749814979980306
12.694142810797471
12.522693807199222
12.670443917252904
12.347103309095495
12.55098547764357
12.398027439525428
12.241727930979463
12.425973534423946
12.1959406029554
11.97043730922883
12.05498968052436
11.960883670068032
11.703791006202001
11.66571080280007
11.774723176377506
11.708252619801232
11.465255325218802
11.278546499431757
11.183394722373617
11.076138139626297
11.041924926401244
11.088702298067957
10.984130404872948
10.859666946462838
10.813113997961395
10.623606037022501
10.541247773361457
10.423184097682503
10.283493740592592
10.20720189112523
10.016099327153055
9.894025247008047
9.623821176793154
9.427956893539509
9.198796801892746
9.12863665073459
9.169664891353122
9.113579212631649
8.924199395735911
8.527127390027687
8.404193644977102
8.56129039380109
8.349913970434999
7.903346138621121
7.966666038098241
8.007581250886316
7.465934097978983
7.508566231664297
7.509205868339184
6.996707661061377
7.2731697843529775
6.725220776993157
6.81322762712254
6.540017711794122
6.4263330608771385
6.285862550498279
6.150307885099529
5.8944049557235445
5.9950752659251245
5.385044195300749
5.851150652640896
5.058217636894268
5.259722144478902
5.292083552974346
4.448166784657669
4.87219859138426
4.921703516549862
3.9727097923289634
3.9933361334623285
4.674182090935766
4.352835817644477
3.307815978553948
2.934647241520321
3.565653956928216
4.401696501971862
4.638557517219687
4.15271070802449
3.2694862283330095
2.3035263442615235
1.5013287443009686
0.9391613071757132
0.5663832183418195
0.3579289116584877
0.24901338763410039
0.21402471630589542
0.23379137909440278
0.2991496360687487
0.4165786702974259
0.5769339568449602
0.7877100233963141
1.0043946633704595
1.1993362471359474
1.27929029300337
1.2220513343762283
1.0356659804086783
0.865901568495322
0.8655868714797761
1.019045397300786
1.134634769209249
1.0307204320779042
0.8964333099217863
0.9893069890410153
1.0935763288198808
0.9704297255803526
0.9446863038222535
1.073155556900477
0.9803671522305635
0.9680602694121457
1.0538318622171337
0.9483609618720913
1.040038343121144
0.985588765430183
1.004010708694547
1.0045859607111998
0.9887675709132477
1.0051115238383206
0.9953346853921023
0.9918761660933931
1.0157969723523035
0.9711629319106511
1.0304489241430357
0.9734647532731909
1.0027430500346195
1.0159795407395429
0.9707485838105192
1.0072573561527516
1.0194191802861519
0.9820882491229462
0.9924294780095085
1.0219009908014933
1.0083576498289173
0.9808834157142644
0.9841533415623718
1.0077417693077688
1.0188080789379073
1.0113724697848925