17.74571819378188
21.969401559957557
21.455986986795008
21.529888493830732
21.532638833761066
21.633394699885077
21.200289449683076
21.540810859224354
21.599137415530176
21.036690214825178
21.095099319055254
21.407405777036765
21.295483592392426
20.99368490958136
20.825078448532864
20.76036374710882
20.678168376457926
20.546406780502092
20.390157414597713
20.232162906632738
20.080328743828186
19.94059718081935
19.82830824025627
19.76411854913123
19.746065270889645
19.71031443303177
19.54670717201329
19.239921977975236
18.991167002559155
18.949050880220565
18.81369400766434
18.423006124550675
18.345214056035946
18.334245410119703
17.797144505960212
17.826318326211005
17.617629159538353
17.231479735477976
17.267293872402085
16.80010045745032
16.782132115481474
16.429770165949456
16.208002039854897
16.12082648327788
15.61225605151817
15.62548983461969
15.372955760920188
14.845188135703788
14.844689264925536
14.731279068921436
14.24560065086523
13.863467376570982
13.705983035931565
13.58895894856018
13.40860216247653
13.164197975395297
12.878593474719477
12.574936198191137
12.27482252200616
11.994863832319265
11.74473406061943
11.525170234694942
11.319839909347532
11.082879528979074
10.745497601657059
10.282935430433632
9.8271235986766
9.630202767345002
9.671083502395392
9.416781556811191
8.738917708038382
8.571334544474995
8.730285351886641
7.96549411675449
7.814833011777121
7.879226217456167
7.011537284824377
7.454460603339537
6.462097279520089
6.964156602958454
5.887890656013631
6.505441438263955
5.453027811573883
5.645200544320449
5.68136417856315
4.4316425238262855
5.10568580941717
5.25280171397827
3.8162819793236316
3.391307883702981
4.44777373913878
5.255334248810397
4.84547522637643
3.606986599711832
2.2803564193336294
1.2801920131755558
0.6670980311785966
0.34482762176317544
0.2033526941542245
0.16915751791795325
0.20684295767523103
0.30725192542273816
0.474005745489863
0.7069380785225157
0.9788315637168452
1.2129680645598708
1.2938874585611073
1.1551699557461519
0.9130601804379388
0.8431773588664654
1.0317399884858425
1.1349415599027333
0.9530058526550224
0.9249924753843772
1.098536579005288
0.9698285207550852
0.9692019977828342
1.064978069377707
0.9335231511505282
1.0622108844240312
0.9459146261838423
1.0524442581863414
0.9504460448980766
1.0461748036958223
0.9687098939111369
1.0059235696032387
1.0269445713395629
0.9589669165011064
1.0186737230882714
1.0251426460391249
0.9721342430681019
0.9833122980017192
1.0209491135520894
1.0239630402779847
1.0011519823907828
0.980910985253038
0.9752168003855203
0.9813464218851398
0.9918552150984808
1.0009525048395613
1.006196837706422
1.0073727654011704
1.00492492658725
0.9993337255332863
0.9917340348882231
0.9852861704818257
0.9855068708275718
0.996350669057564
1.0117074182284853
1.0137327957257436
0.9950793533252613