23.956161062240213
20.086867089251694
19.18179776938377
20.139195580993626
19.978737323257196
19.62500325365918
19.607712891951035
19.487636517503013
19.83020238328445
19.699357512273533
19.73992414918015
19.621252639820092
19.390127470213095
19.476536404009703
19.21454999280063
19.174242926632353
19.24802307900278
19.08356870148757
18.9587537571363
18.939588019236975
18.787859769185953
18.47799899722632
18.24075244795204
18.234781556347386
18.278206949288453
18.061326613788403
17.775743363343963
17.82864000630133
17.758902531788497
17.34922338194588
17.38759484101912
17.1839158513682
16.85443620150786
16.89577586880425
16.410612002568488
16.52496687575218
16.074853733419165
16.22442404734723
15.761493980362005
15.699022639320606
15.453157739052743
15.146757567176142
15.211319233315763
14.77911850530751
14.49780980295303
14.515111778438182
14.288710482729753
13.906018328204862
13.554945333889451
13.534794554009679
13.406062979772303
13.255566785008034
12.898621181711796
12.620812034422755
12.261637143022046
12.00272853904435
11.75232674705583
11.473262901016124
11.286669798692945
11.104641170229687
10.920724347916652
10.79605201126985
10.649899014204811
10.335330727466646
9.84516084982251
9.425216585113343
9.35765429646352
9.411344880065403
8.984448420103186
8.425620281673448
8.561854542141479
8.365735763052317
7.658754680359617
7.9521096662507125
7.349843255685236
7.174647256121107
7.085864786447961
6.539813004730941
6.664758373804298
6.139754772332424
6.008270117798172
6.00702547283726
5.077413277932829
5.83024107681972
4.956247434869119
4.373785789762518
5.264687193964606
4.7589144320069146
3.426190837397293
3.5078920289855193
4.610157608320407
5.18417687554844
4.579627909367787
3.3604326678548793
2.1162673064688193
1.2074785730839563
0.6483448701004076
0.34406018934025756
0.21166155772407166
0.17812566744357125
0.21034612784866472
0.3053622344524725
0.4668719052968042
0.6868059230620333
0.94551274473549
1.186772983381274
1.2997084977699844
1.1996130662288815
0.9608661071177377
0.8281867322629866
0.9619846430766699
1.1353791188718667
1.0299697043667193
0.8947844185618475
1.048310493624756
1.0547976635140552
0.9211105766454898
1.065830540199221
0.9777218878780054
0.9949385048539066
1.0219664607720378
0.9688922845541323
1.02659103795794
0.9825351383479782
1.0083606918103782
1.0148095393502337
0.9645347845942702
1.0405586952198307
0.9802831932189034
0.9850409643834956
1.0339409736696417
0.9935700640128526
0.9690087841780194
1.0121649973500173
1.027707113825504
1.0042570775865678
0.9792600038338337
0.9759167580864878
0.9899793501464003
1.0058921663800957
1.0136597506994782
1.021589195351461
1.0182742355856402
1.020360874417546
1.0205194980580918
1.0148543124343574
1.0120203960515308
1.0062931361855945
0.9933357049880165
0.9826208156277743
0.985719467374095