18.856722448952638
24.454273309859456
22.83764408791899
23.6960511179639
23.423763677738723
23.486529052539733
22.9785179787604
23.58387202485818
23.25879206673842
23.209421212097045
23.177217510457602
22.75225112567367
22.812366027256598
22.968360561481116
22.74890755529928
22.48410453476889
22.427928678037198
22.451510725774757
22.39017174702596
22.228728420303856
22.040668750578174
21.890692012883463
21.777366981287628
21.630267241659652
21.407466377283676
21.218290224119635
21.174716924011456
21.082873013659498
20.775286829882948
20.508035452616877
20.216177699708734
19.92549715083213
20.011627520371146
19.761671468964156
19.378535000278237
19.125546072411353
19.187309537726186
18.618473283848108
18.56623414177761
18.339989867326402
17.89834938486183
17.968966866838322
17.350962269151218
17.399669492189357
16.91311082549456
16.83788824363462
16.47865049524575
16.040079053472148
16.085231296379607
15.627951900162603
15.248086159000419
15.233769888988139
14.977903202521267
14.460944055116135
14.071498283327598
13.897099292689962
13.771346184929472
13.565705242228939
13.268428739613269
12.926583547622247
12.59436909352028
12.306881340834192
12.0552416641372
11.792223624541533
11.50015761657446
11.19016989017153
10.77413091329888
10.224582312754901
9.84550321487221
9.787686563104693
9.763182764004839
9.278598232562995
8.607134306942635
8.763272464421783
8.512572681620396
7.722528658800052
8.047686326378086
7.312275843687122
7.2406904792063305
6.942196634826304
6.583844290467919
6.344579401391459
6.279534670268152
5.393005591604479
6.129404829967752
4.877347760631311
4.8423728929098795
5.58024969839712
4.34743550244723
3.3794717302232034
4.243237123520017
5.301769596128331
5.102746477071103
3.8693703619969546
2.446774116843658
1.3549583385711115
0.6880071084113506
0.34405891106507575
0.19846603797364293
0.1654338603732135
0.2045365166354547
0.3100943226357411
0.48945008506542936
0.7355010021674689
1.0118908126112338
1.2410505263780005
1.293526999731507
1.1068251819414614
0.8709601818749254
0.8704753680691896
1.0864234119300133
1.1027950007421496
0.9010973045884859
0.9977295110581489
1.0810723366526132
0.9172548069324515
1.0569972502933374
0.9778183545735493
1.002652836561893
1.010019383381275
0.9932559362080714
0.9942452730493755
1.026662122860484
0.9612059395254159
1.0430765376145514
0.9746270218464835
0.9826401279843248
1.0388767145098867
0.995619919920082
0.9693842454337747
1.0072003758390415
1.0333626035481147
1.0180619631852013
0.9905862610976766
0.9759980832896072
0.9757431258568294
0.9816001837985674
0.9878641904242939
0.9930110656553881
0.9957127751124119
0.9927412528389201
0.9845497298622711
0.979970384615342
0.9841703719222911
0.9925900943599741
1.0083006397086123
1.0190624287245562
1.000162290528324
0.9854934609622809
0.9971463962098553
1.0155810589770553