19.75632573135231
15.783931581246804
15.43793031524646
15.245756694817512
15.195213442198803
15.316674131125383
15.540652913323736
15.650872873958448
15.46535024531139
15.142844114107177
15.066975295597462
15.187234178157796
15.061140640575815
14.92486036888696
15.167683471169118
15.012365485188603
14.630900632292086
14.933783435707557
14.754960792162267
14.586582736268905
14.615723344336397
14.462046396361151
14.464409791880126
14.213293421506107
14.350925839192378
13.996673921323497
14.111395695812373
13.894072656177277
13.758166512790963
13.784977242444487
13.54021968051711
13.382288802672045
13.514632670551384
13.1329397524484
12.96844050603651
13.11523530912434
12.88337062837657
12.592349559024283
12.453722646476578
12.390552207913528
12.376765943366824
12.282862611035423
12.030571237043397
11.729264977653457
11.499899291198394
11.346239923767403
11.210807190238876
11.055687515325216
10.87751653676355
10.687479750732845
10.497455454046177
10.320082484185203
10.172708169815895
10.073164233874603
10.019274634218675
9.959198267739463
9.793190252727918
9.464554746440534
9.102429447727342
8.972513011871655
9.069792415266944
8.927568121457664
8.414452471098743
8.238404154936244
8.390243586007788
7.94058601584839
7.67539737201928
7.874558079312153
7.222226986194105
7.337103552710724
7.118481103793192
6.7218983576774285
6.8880296505083205
6.281014028531373
6.52063534574309
5.949427456960923
6.025454281333997
5.810840085339683
5.304651488636087
5.799850484628736
4.816938714807359
5.039756246573852
5.26250891958256
4.2222425166086195
4.230813879682323
4.939913362660046
4.375814793624011
3.241992631893391
3.1982457344826467
4.113071081263148
4.806310947509897
4.640035858120971
3.7799066164137494
2.689616137159236
1.7253805681402596
1.0292268313354207
0.5924022365646994
0.34837696564502074
0.23139828838304768
0.19711559624890654
0.222830226787028
0.3014047651926131
0.43406010876374795
0.6216180383388321
0.8523426204983873
1.0878226932885933
1.2572393902100865
1.2805516553096963
1.1339946836190127
0.9209138990485365
0.8387176007124215
0.9736115551904062
1.1263895186098982
1.0493359003751392
0.898892812392058
0.9904383984195887
1.0952459716216227
0.9529738554232731
0.9685639977465441
1.0703376658598422
0.9443420621749217
1.027518980689906
1.0021584102177734
0.9790400113599581
1.0349278606077117
0.9609419217636271
1.0401825532750548
0.9656784998034287
1.0260528290319406
0.9887478949252645
0.9936543499047625
1.0251931048153853
0.9661952311669336
1.0245439056569288
1.0042941159384118
0.9709674108864531
1.0228483438895948
1.0117334739594008
0.977152207771906
0.9911950160650174
1.019258214772875
1.0176331938975733
0.9906510828290167
0.9758269371448693
0.9879479040124287
1.0076656368378174
1.0173160050730534
1.0172939749405032
1.0144474357741518
1.0119928286702602
1.0099366950479696