20.613505800650238
26.287314981592946
25.91809250330041
25.214258452100623
25.499222188653757
25.190917883246172
25.218158110821964
25.470152530456414
25.152692972262763
25.428188617480075
25.0391702908987
25.161958165914434
24.91582492101137
24.677875689614503
24.80382380860181
24.447190048333493
24.46117873791594
24.620092702230707
24.270988132110446
23.84612187790359
23.84173385436594
23.91043136226303
23.686463539772596
23.553701259703107
23.332895448670396
22.98528634181449
22.87766444958598
22.540278346269787
22.471249884088397
22.182637361130652
22.132812859125814
21.891073393561033
21.665695394497373
21.363960479823625
20.881660692562367
20.688338361864428
20.704173536165747
20.397045486404174
19.841031900275436
19.739715205902975
19.625350283048576
19.082270479900025
19.08559828117266
18.58128719169495
18.397664618792117
18.025544974972973
17.808968085890704
17.370397970272336
17.32060336186593
16.69868854828753
16.674378588090644
16.29283831753548
15.711044427641886
15.629393144463746
15.45591766582792
14.92938632029646
14.43315326275646
14.206860950572336
14.106397370552433
13.85548540262624
13.539194798834666
13.203911716713364
12.808850875024056
12.515060293886853
12.173709725619963
11.933608878413198
11.616725136741481
11.280217270849038
10.79168225712453
10.203090446604865
9.84775455998238
9.830508776103018
9.73078627716074
9.044630748101426
8.559617179213312
8.80912306031193
8.13099618107855
7.673438903449061
7.911450892446322
6.851094219349967
7.39625605670514
6.20488054899105
6.868058750317628
5.590851076220511
6.131714087662636
5.573554530147962
4.662079054299902
5.657097626471576
4.927232162446429
3.507785343573716
4.023478672601384
5.277535594932023
5.33396496018579
4.124687295022572
2.6232250316846035
1.4359232636697283
0.7140203206911101
0.3476343884105454
0.19145854551629973
0.15820864749175734
0.20288305973313156
0.31377164426129267
0.502392395361134
0.7550405464682376
1.049903408767966
1.2618808063137292
1.2764369393194026
1.060936632532576
0.8387381711012718
0.9147655223809273
1.132165888709969
1.0411925803828053
0.8890194333965086
1.0649305567610567
1.0128792886188969
0.944006264964017
1.0768626887409258
0.9330668640075785
1.068752616404528
0.9429851687406275
1.059457794308053
0.9572775875654354
1.0260153726048058
1.011722546888785
0.9594884550814282
1.0309483119288256
1.011556748926644
0.9658585221302592
0.9954783507561805
1.0292401061487804
1.0208458931816489
0.9939658745622466
0.9725561763164572
0.9733857699256601
0.9829861365717021
0.9872206075693947
0.9957289179467835
0.9916084117175862
0.9925247109753426
0.9827718172990789
0.9816574572974416
0.9816414266709145
0.9939059916409992
1.0149444659703735
1.0154112724797812
0.9951435041771942
0.9853296295327868
1.006775949363145
1.0109959126443502
0.9842729137190872
1.0035102973113472