31.680480084476205
30.336546100425625
30.097973312385754
29.832628526755272
29.666072355952892
29.762243819349923
30.078539961595876
30.23842616199485
30.012881245569094
29.77002594228563
29.68067680156209
29.577548198943642
29.66275564977079
29.27445231642763
29.23584443640663
29.217824350675304
28.7774729413206
28.951819940406526
28.478138127546007
28.472839732032117
28.274140206016316
27.926365518813896
27.921225504016657
27.527549299780965
27.398725704683088
27.23796437442658
26.796696511237442
26.478166840202856
26.38285010235979
26.28541633672378
26.058583354742908
25.736328010498056
25.38825436879853
25.05125839450516
24.73075404344006
24.42003762615892
24.116078104478937
23.82534402951433
23.54053288112406
23.190190727967472
22.69137677139129
22.207213998701867
22.058774507375432
21.90227525781803
21.232646525501128
20.901253144495612
20.79756979067118
20.10103037314912
19.969137506235818
19.4831188549589
19.12549067525077
18.763309877822575
18.399765358344037
17.877780401642916
17.8008084201416
17.035090090950842
16.799965763769563
16.659524136097343
15.98213798885049
15.439364917353963
15.256245672623667
15.057554084625544
14.652895107632096
14.131664289370683
13.613985061022147
13.143636338998759
12.7153530759571
12.320450672852758
11.96999635511615
11.692098991571939
11.492021889340725
11.277215897436191
10.847422259489251
10.135191597777549
9.547096872783891
9.54006093699981
9.444476113662233
8.518227825393891
8.31608486189106
8.386180801183453
7.257319186589265
7.789455952807035
6.560431323489152
7.15642630598249
5.764035307737454
6.621895265101823
5.264183841514714
5.248599506456331
5.883718672503469
4.223945104512431
3.712154397498593
5.068230246570237
5.691439668764277
4.681253585149993
3.009961771376111
1.6175439620608016
0.7691972403579066
0.3486792058052391
0.1803822402977723
0.14796744390674602
0.19908198825564521
0.32257882626493856
0.5254187646413091
0.8047075104241693
1.1070856395669832
1.2987673792334775
1.2308470547012043
0.9551831987504676
0.8280318472710876
1.036130825626812
1.127261811721364
0.9137144252866771
0.9923130375607454
1.0742536455876806
0.9169513544857523
1.077176253932796
0.9361579670052359
1.0623760049517046
0.9389566371073782
1.0604432014921057
0.9592887145409184
1.0033048751335407
1.0382565336541378
0.9623544405003012
0.990271738581141
1.036539134990236
1.0109990649147071
0.9733305491162443
0.9709560425855612
0.9914396374485221
1.0114041993432195
1.0222836994871596
1.0257963934126206
1.025217817105214
1.0217580882930852
1.014680480097371
1.0032660181276327
0.989730442749359
0.9812530794288385
0.9873124394815286
1.007659001393415
1.0174440508340115
0.9941614892982529
0.9847882795569718
1.0164484086569656
0.9965973248678328
0.9916214346677569
1.014137516655559
0.9850507053475986
1.0141269728598332
0.9872159615105411