1.7565011383629445
1.7490584249027938
1.7285245326898697
1.6998088864544136
1.6696488396990512
1.6448686150149254
1.6306689178005143
1.6294180109833414
1.6402665662174452
1.659674173488198
1.682671294661326
1.7044748210561333
1.7219855006601295
1.734726008748048
1.7449516490070782
1.7569004821289695
1.7753956157122346
1.8041935799801638
1.8445420565831376
1.894347515937687
1.9481860395479436
1.9981655509985015
2.035419558144084
2.051866939539734
2.041818970104567
2.003077248418344
1.9373162112823628
1.8497314099520294
1.7481069506819762
1.641566538109451
1.5392987405119152
1.4494934128818704
1.3786202430701833
1.3310611351628205
1.3090204922335462
1.3125998048568277
1.3399447062405272
1.3874323209291655
1.4499333222325534
1.5212226005944274
1.594601810647099
1.6637366601631216
1.723611342595808
1.7714194030578398
1.8071492065450605
1.8336502205834784
1.8560609473795533
1.8806376141675216
1.9131968682333194
1.95752499604974
2.0141590588173544
2.0798944054447253
2.1482072089185835
2.2105544664942487
2.2582728157040215
2.2846194997876705
2.2864323775251583
2.264960698194719
2.2256193452003594
2.1766970369678122
2.1273301700993583
2.085257642025287
2.0549429267086867
2.0365648122198614
2.026143263457377
2.016769911170256
2.0006090820980553
1.971123058282756
1.9249140162653446
1.8626803526016424
1.7890314114408463
1.7112234870619827
1.6371810076152975
1.5733655994607414
1.523096755382397
1.4857905167867695
1.4573209705377081
1.4313810479314217
1.4014325654108437
1.3626674725694348
1.3134048918380987
1.2555210832734895
1.193801447947239
1.1344277154217663
1.0830739872635213
1.0431986219235985
1.0150562178839189
0.9957256501297789
0.9801316999245903
0.9627247801497073
0.9392756892723322
0.9082073026709127
0.8710361971416569
0.8317882131064753
0.7955897923669665
0.7669113982401949
0.7480569755323967
0.7384124955911833
0.7347094675672716
0.7322104209739351
0.7264010720178965
0.7145915535173241
0.6968549307359005
0.675962101347518
0.6563312338961763
0.6423709142499822
0.6368263085277904
0.6397477916949506
0.6484789919033329
0.6586820821398959
0.6660204700492282
0.6678553169367963
0.6642905818288823
0.6581404296974225
0.6538097347785942
0.6555143515374593
0.6655484946067003
0.6833095565475905
0.7055023785841054
0.7274693612442532
0.7451194500270939
0.75665709942277
0.7633677646109558
0.7690928835236798
0.7785795266044027
0.7953873320711233
0.8202570102520983
0.8506774485844594
0.8818850597746322
0.9088964020490238
0.9286918209338383
0.9415623412516066
0.9509740519877482
0.961961155858704
0.9787428909881708
1.0026516535293932
1.0313583249325515
1.0598064935423661
1.082468478023645
1.0958854580273607
1.100275634585479
1.0994011684308669
1.09870796959638
1.102606195935031
1.1122187392505063
1.1247383351471658
1.1347624715307962
1.1369829004692262
1.1288922470322005
1.1121175075661767
1.0916588384551225