3.110697281211778
2.8814761761533667
2.4408834993089843
2.1501758946880414
2.078114644745533
2.1787949520577405
2.4126391259648106
2.5896478308634223
2.507415605807061
2.2368918664088624
2.021613946278655
2.024876682991122
2.2569292348789185
2.5496387203275286
2.6356496493838235
2.4263940725826467
2.1204688108629655
1.970506464099572
2.0630691081338353
2.2955831935074893
2.466558139203463
2.459800314927215
2.3568993178969064
2.2859854354432736
2.2444071415560187
2.168392938481293
2.0733013557910778
2.052022404118002
2.177281842639341
2.392220218405387
2.5152811023252872
2.4381173542866446
2.2618420565207225
2.143062541976003
2.1007906246550005
2.0627467987533197
2.014665568149896
2.032550172964425
2.176085776075916
2.3668520478844393
2.445045008917673
2.3786889706616345
2.290801828103469
2.2424441684334924
2.1563112704075147
1.9972395597105495
1.8676251270469046
1.8695983013322854
1.9694540653552264
2.0571980586619873
2.110994397099291
2.2117485182900842
2.360825500631465
2.4280104137856213
2.3648980763927714
2.28500372839441
2.2414632551114217
2.1424399508001235
1.9627700273980104
1.8168469415940995
1.762679888637044
1.7269702612933455
1.670572482323768
1.6696869215119954
1.7698842072921819
1.8888006838309492
1.9635076907651914
2.0661075176560746
2.2358067613559465
2.365988809059368
2.4140927257202303
2.4858005120503597
2.5847290678723533
2.592263646176213
2.5384942128375543
2.5325359032663117
2.508941577846467
2.3914717089392714
2.2812138068516634
2.218601127566103
2.0992534114322834
1.9394491894237262
1.8376912426127576
1.7400799641826898
1.587490639412902
1.4640500048190717
1.3854518686287238
1.2695972522352688
1.1485815090187474
1.081194461427397
1.0057220247970173
0.9049462969929705
0.8455392596859646
0.801897722178261
0.728661708267965
0.6782200062641354
0.6566707433221359
0.6106071548202346
0.5713246003688031
0.5654641703475772
0.5431508679902506
0.5166649291599424
0.5236502035485264
0.5217683694432149
0.5088918444024452
0.5281301298696506
0.5445437611036977
0.5454611961794505
0.5771358457796087
0.6104153056668793
0.6244823212638926
0.6681353365944591
0.7161363045062784
0.7409616319147068
0.7939943818674028
0.8519925362013843
0.8820551425475714
0.9383170625507282
0.9974210205179772
1.0231564231633943
1.0725262380477465
1.1196942091467372
1.128694815824968
1.1592433256544694
1.180637187522401
1.162637252470347
1.1665489709524433
1.1548989909003724
1.1101966414858964
1.0917939189264456
1.0547271678799934
1.0009689229039047
0.9801761032426775
0.9414128313018978
0.9091957686863367
0.9114019106734779
0.8967539782366767
0.9083982831407752
0.9405952363001411
0.9537874229942268
0.9979071301871731
1.0321904277532612
1.046306932374642
1.0798492827191595
1.0752241439512373
1.0633557807482767
1.0561000401146807
1.0121627595171496
0.9904300188161769
0.965303292986233
0.9371410062708151