2.6023690917575935
2.198789002382636
2.3596447095190762
2.2523083113812072
2.305441479309943
2.2787177104841945
2.3022199597009716
2.247054416008417
2.3480022027791936
2.201407328259328
2.3584929167069104
2.2222386588148177
2.2995652046312176
2.268322194462154
2.2789842111752243
2.232767557603223
2.3257122692766847
2.194783555850586
2.303966399617215
2.2303094390319824
2.270097131886875
2.2069582494248583
2.289791649462171
2.2110702641499387
2.2167824390057906
2.2654701161160906
2.1908767641256413
2.2393696031973813
2.1760880342733357
2.245247670539947
2.1941740029608803
2.152200768580552
2.235540713605767
2.1568826649168624
2.1816092664768516
2.1708562392176485
2.120718926675311
2.203469604724554
2.1409780737846265
2.092654392700288
2.1642835638266886
2.1098251591047292
2.096625220482849
2.150031019712781
2.0680377940570267
2.041859829706726
2.121446861027237
2.0775984028089596
2.0175551269638476
2.073234128914134
2.060213191208392
1.9703394663788354
1.9957630027796993
2.0612720663398325
2.003163445048945
1.933158703769564
1.977084898536616
2.010721201108454
1.931661226195103
1.8635852299391251
1.9099571283911947
1.9666113186305998
1.9171684678671517
1.8278073799959027
1.8250306381131622
1.8945994866973905
1.91403026313756
1.834808327821532
1.7412839521304257
1.7308826871811591
1.7950513376135222
1.8401900558469473
1.7986123125171247
1.6951676859624327
1.6124835459449054
1.6088556606184283
1.6715448343266843
1.7361355938724872
1.7414264087920017
1.671323166011213
1.5585462941095871
1.457725397690257
1.4119691861775985
1.4330306918658415
1.501229595363309
1.5792936156721034
1.629829580413484
1.628268263615464
1.567975587162962
1.4584140924113347
1.3193092218700664
1.1738956859312653
1.0433745323595767
0.943536445494817
0.8835663414437974
0.8664701752360198
0.890332436828415
0.949677699534363
1.0365243986291728
1.1411602842300088
1.2529863291282615
1.3616896060511525
1.4584738334773928
1.5365324210674223
1.590141776162477
1.6130092686936857
1.597927355491026
1.5395079930519338
1.4389667273942879
1.3068549068107256
1.1604708499559733
1.0182000519706993
0.8970430319144372
0.8149301954607852
0.7900758127462655
0.8303755156146263
0.9209294792078581
1.0264698719444727
1.1091692500868782
1.142539423369605
1.1141330871147055
1.0332371253120618
0.9422699109719614
0.8987586998755419
0.9277245385173658
1.001154438124979
1.0663851794789327
1.0785805637256718
1.0248621562880174
0.9514490362334492
0.9346639345256766
0.9887692737582346
1.0474984851511462
1.0492970932912054
0.9955013121032977
0.9492521217594392
0.9759974628094812
1.0374290405442639
1.0365622216504615
0.9823655784353655
0.9625879036292997
1.0040627635347628
1.0388783279962122
1.0006853468224084
0.9634529965656807
1.0033421436753356
1.0311778384220052
0.9945635259499279
0.9725879488949933
1.0121265462393276
1.0237760505683604