3.1295250678218522
2.6784770752136247
2.6206035635728613
2.666383406550328
2.7737225841733477
2.823769793841648
2.748033568961301
2.6435102823625884
2.645485056944474
2.7179487139196405
2.7191245185651716
2.67047128277861
2.70820868247202
2.7690234656997004
2.7174297182581157
2.676544561036828
2.7326605203495964
2.7084909265485355
2.6427103798903855
2.6938546889632575
2.6816848141073204
2.618792166761582
2.6782440179999245
2.6469384407217706
2.6102979078205846
2.672876351179533
2.6034365593776116
2.6319675320316676
2.6397831333717
2.5848400521101804
2.648915389070907
2.566294370587621
2.6145374125306096
2.5579821068667314
2.5585248827915614
2.5448742241709477
2.5125348092898614
2.5391539701619457
2.4958491857590483
2.540981909774825
2.4835498317977893
2.5132852035486795
2.448168344819322
2.463758116713638
2.438323865895598
2.436754659661566
2.451408782001422
2.3791961858589668
2.428542742639543
2.3327592681034353
2.412680527551102
2.342947074763725
2.323576329188754
2.35419032481513
2.2650374142052434
2.334148208177232
2.2729731911618893
2.21580347688036
2.302804795267784
2.2088789910370603
2.1681024540262053
2.2527612893442366
2.1613111239390683
2.102339891623354
2.1931857419711296
2.1360362874675687
2.027746206166176
2.0969924514151224
2.1225038968773244
2.0041362533894445
1.9581838904354085
2.0257979713457517
2.0478119033513376
1.9257167245925813
1.8416103429205433
1.9081535987545724
1.9650964790003627
1.9151717074505037
1.7678303355860239
1.7061405453809022
1.7562888870326596
1.8451515062412802
1.8452114764443308
1.733840225968305
1.582214988391242
1.487135349490324
1.4955658872670146
1.5811490040730123
1.6740255338810965
1.7152428020935013
1.6594267787759274
1.5328989989915514
1.343432546849979
1.1614322303389282
0.9987058900535529
0.9004239306468178
0.8648952661898609
0.8932386997422829
0.9825375034439959
1.1017245620032678
1.2529933025419235
1.4014229221092809
1.531921811207553
1.6384578730448107
1.6851721770392802
1.6729575063008157
1.600601299924336
1.4560843124513922
1.267379509154325
1.0699103433030546
0.8936478946193098
0.7831698833958761
0.7737932964743737
0.8619173920895947
1.0010155105766234
1.1216461111872644
1.1626506469113194
1.1006811713508384
0.9783335079615805
0.8912930945747358
0.9118969503328292
1.015958726096676
1.0942092467290163
1.0612971562818654
0.9615384714099621
0.9251835643626054
0.9972425623024325
1.0657750277354159
1.0244972177597456
0.9491589796263403
0.9753980134776442
1.048833785634694
1.0220798019063364
0.9541159105588054
0.9912047172833854
1.0418425669174631
0.9862121264785685
0.9671263307093472
1.031045421402274
1.0059752503115533
0.9675742489927817
1.02497226747976
1.0064234808151724
0.9735819656280021
1.0273259930142375
0.9932314908558925
0.9873973900223146
1.0253073119265275
0.9768606120396612
1.012471300379717
1.0001525003477405