2.659016799963783
2.465724893609768
2.501607827962097
2.491446971249913
2.5060800815781232
2.519976605374035
2.4319157950546346
2.5093002950322933
2.5604259853679023
2.4084447905045523
2.4809813404161245
2.5319870873424706
2.458928589274839
2.500585547107002
2.4187663180071945
2.4849396253068132
2.5081677699609433
2.439874846313854
2.4793449337447284
2.3920764358425486
2.4858717385192888
2.434350888822255
2.4782821727304456
2.4225541014992538
2.418404728909122
2.4042869531090565
2.403454423741725
2.4220730369874044
2.4121253582757665
2.4182274127336063
2.3968969596611576
2.3796121541971016
2.3746878756073264
2.3366498134280094
2.369536267086939
2.3056754243585735
2.374229318775449
2.2900508981039516
2.363007874109362
2.2971951616311896
2.3179933136727606
2.324243765042564
2.2590794190611074
2.32995115283782
2.2441880491773087
2.2684819527536595
2.282133754243293
2.19614144442498
2.2638942125414414
2.220852190333275
2.1638201106727535
2.2353645443780503
2.1682695346345455
2.1204905194389485
2.190516417283447
2.127803833372268
2.0613780364642493
2.1313074452178626
2.1110018909885615
2.015497103500401
2.054501529318841
2.108271465490615
2.022913368316371
1.9604252454528799
2.022704940039846
2.0399142481179027
1.9358258749396746
1.8728139412150575
1.936973491395717
1.9912139924429653
1.9185391666828635
1.8050790634185307
1.7910614142236392
1.8674188260886206
1.9062651863689488
1.8329918545284143
1.7093284131866457
1.6507650139719043
1.6981223169205397
1.785187621364964
1.8088793966500016
1.727606984661757
1.5929492611820342
1.4859632733325043
1.4508989975641342
1.4873552336105174
1.569974288289294
1.652738769699083
1.676056258809189
1.6180663434463942
1.5043950361154566
1.351966479503145
1.1797902797812865
1.0324806382359275
0.9317013796156942
0.8740428227003397
0.870677477567766
0.9236635454996728
1.0083035873217272
1.1198294716402772
1.2544322860161998
1.3791050722533182
1.4953951971727062
1.5913343269193319
1.63827250045911
1.6515727621282672
1.6050644983851476
1.5068491980819467
1.3705258598515455
1.1955533049476696
1.028974820193821
0.8795554975360975
0.7963384552903522
0.7832425400025462
0.8524560904286308
0.9664576235844794
1.0860573662744504
1.1505495276731033
1.1341591815508618
1.0445711702891598
0.9420995644591972
0.8920802325455759
0.9342892505026668
1.0234686062610425
1.0893764470370995
1.0589278326520442
0.9792430547456471
0.9264735707185645
0.9715264187078262
1.046408113536248
1.054257474436416
0.9881534542741786
0.9437097201032557
0.996839556138792
1.0484372980504246
1.0133047434832032
0.9596838704431726
0.9857434281610182
1.0406789743849845
1.007325292703629
0.9608594604883598
1.0079054758827257
1.0328049719179293
0.9773423017136376
0.9839682053530677
1.0314501405257264
0.9927296252958951
0.9773937931885804
1.0267477936208886
0.996882711986595
0.9787384232932351