4.307073865535831
3.6398021310623716
3.4023008242493167
3.4993678039270892
3.5718904046311724
3.5225289702965163
3.5414821173314754
3.468949412536432
3.4524700932403203
3.5577704706487365
3.516529862824337
3.5370926972556225
3.487454924272858
3.4452009188855897
3.456459759822181
3.4220439335208366
3.468994625469908
3.438208819065327
3.4816159261084794
3.4469539943770067
3.4735756640638376
3.4443758406445126
3.4469587996806013
3.4386240146789606
3.408628813485908
3.4215345660766796
3.371998146572369
3.3680780994072244
3.342861665345784
3.2944509950489516
3.296402520367039
3.2811922149306523
3.2694029904108985
3.301564049635648
3.307676585296706
3.261960486646001
3.214493988564282
3.1906778603647674
3.19095047295697
3.201999767776527
3.1841895520668553
3.129904321416154
3.1072796032465324
3.136166082105286
3.1127817691715642
3.0296548052664383
3.032513198294038
3.069383826418254
2.9950187363119145
2.976060379125846
3.014128312788088
2.919004587705418
2.9228908214110003
2.925750842667117
2.8292988159754042
2.8885690649872235
2.791394828727365
2.812455930296868
2.7713920200408753
2.7369552914831807
2.7413666315988583
2.6755874750123017
2.6966372400333993
2.626903697744279
2.6323664221073573
2.5885949316653654
2.5389602225413617
2.560312741908444
2.4350557784939433
2.524683405507304
2.391390921264257
2.4140468249578326
2.418042159284225
2.2631214290663433
2.3453582844659517
2.304226150480818
2.160722759146453
2.2384295418480202
2.226140019178178
2.054144417805114
2.057770354410554
2.149809944875111
2.0511458098377906
1.8722979506529933
1.8699751437189458
1.9925013845136752
1.9790366892554323
1.7834958568562431
1.606279757559022
1.5802367070948808
1.6973710819675196
1.812914760805186
1.7950797244927468
1.635821855160635
1.372206412008709
1.1177336479412987
0.9268745614960016
0.8582011369502754
0.8987833890789418
1.0431763843516433
1.2392183060589694
1.4621922790635482
1.6475426402988382
1.773222213948161
1.7858174359079584
1.6771834516108166
1.4571227054696185
1.1631900939490734
0.8954405821789739
0.7448974712568635
0.7707684240576442
0.9486697551301936
1.1423169417240786
1.186300614188647
1.050759454013874
0.8922369133820808
0.8990356669785385
1.0478124961366788
1.1052249715488256
0.9842553450539784
0.9144608878851455
1.0267469102570979
1.0712299395308857
0.954138537127547
0.9658736165061479
1.0608737225802294
0.9793150363992437
0.9691284403415215
1.052846703155618
0.9692555331959081
1.0017662979507984
1.0292072446630909
0.9627842476260846
1.0390900860575278
0.9729537372533148
1.0193274919130229
0.9931111843087818
1.0035461190414294
1.0034842840776068
0.9988272627067425
1.002783758051066
1.0024435972986565
0.9929713655518005
1.0118384860656275
0.9801389642031575
1.0213737323110321
0.9799920556482551
1.0140061576783657
1.0017820060721387
0.9855649331685192
1.0174167452714713