3.444324662448286
4.382097006360957
4.106076839565513
4.128429806263318
4.279614278098221
4.114376514629794
4.177659847177964
4.133038389820641
4.232698544431817
4.128467604870161
4.1566048659190065
4.087002036995532
4.179390512585265
4.115592333693653
4.174997460221598
4.11106445166503
4.090248061094812
4.11168562223522
4.033259327449457
4.059778235246588
4.067897377137711
4.000789204705219
4.010822762059086
4.038259886231116
3.9905123488738186
3.9455360322541924
3.962933558989417
3.9888707760181483
3.971570470821853
3.926809467202636
3.8911997703974968
3.8752471949571436
3.8691400104992324
3.8665142235007997
3.866141444791008
3.8570323327337266
3.824249991644003
3.7793672696617593
3.7544205910982877
3.7436081125645124
3.7118030218104945
3.6807769421686087
3.6792708974993293
3.6594130228060355
3.6312110266460906
3.624612849389285
3.5765003574670047
3.529598298324074
3.4788272896230272
3.426056091526598
3.431779598955342
3.429150585911036
3.4293028248873187
3.3433515450064335
3.288099839749498
3.280098826755443
3.3069452496804934
3.2192973416186734
3.1514357344566233
3.197079794383781
3.1352267787242813
3.0499592911279625
3.097619873223234
3.0087952431446996
2.9625128898109954
2.9991546601471684
2.852650396869956
2.9229508684646626
2.796977723459688
2.8357927897208333
2.717759983467814
2.7510119178088384
2.633002710597761
2.6964461533659616
2.528577211089066
2.621776312709147
2.447364522177142
2.4767591299623115
2.4564879536388853
2.2869925768786996
2.3964156528030567
2.2979375970487643
2.135227967354829
2.2467550531712397
2.212793458213357
1.9812625034849967
1.9618804584977272
2.0953450057965313
2.027758408995709
1.7714689441938434
1.6233314305411608
1.706511264538253
1.8624030072527649
1.8775309716202402
1.6819712772450721
1.3614533737187224
1.0580274039206843
0.8786599168387798
0.8635111209575296
0.9961678635714042
1.2272671410001499
1.495989083631249
1.7310193881108649
1.8531996213142512
1.8140665901375868
1.6064399994510468
1.2645187290397664
0.9164973954499529
0.722791802418225
0.7760726986248299
1.0187553595010626
1.2007942875906574
1.1384930480366613
0.9195590853522794
0.8744666995596446
1.0482624074496136
1.1110571951302377
0.9445850717098848
0.9384837059495023
1.0828591564212717
0.9945295680343338
0.9436454045205767
1.0658615780468437
0.9703911060235515
0.9903211441623149
1.0397200699939744
0.9500622764909428
1.0491910577792385
0.9602770962702151
1.0345305139949093
0.968229721525119
1.0303384823967716
0.9710703929425305
1.0333936212493633
0.9675206584032108
1.026832483103734
0.9824122373937072
0.9986027530749472
1.0189333616389258
0.9753675080035051
1.014427111006914
1.0120023490322878
0.9789640238897184
1.0067703909517451
1.019772508446257
0.9904408760101013
0.9850021045064286
1.0091545539649394
1.0172346191086752
1.0000380416819898
0.9840531608463707