6.92748440916293
5.729418029047723
6.004494318955402
5.7815901551379625
5.934144291512974
5.875864003984549
5.799596738522429
5.932563866325607
5.847954790694695
5.772806003862555
5.8567088382427
5.883577170486943
5.803823130584704
5.738764856496495
5.740110025975764
5.769925945573888
5.786686940660454
5.780183044840103
5.758790083306373
5.732609033405918
5.707260262653741
5.684259951214446
5.662586558477472
5.639520982535583
5.611249287451599
5.574628101772093
5.530829024038219
5.488564521784628
5.46081168535593
5.450908830684139
5.438385749695784
5.394726957323934
5.338004228273789
5.324321942211462
5.311013783723104
5.236269553218161
5.22523729222616
5.196228297859786
5.1236891558591555
5.137747496154268
5.037841902560723
5.063068090651344
4.95583260238226
4.9753773640898
4.891012932870216
4.85032116046035
4.853442503944125
4.735651068583103
4.724515070672577
4.721828246795788
4.616385416091238
4.542816333777862
4.5433149861830255
4.530043787622611
4.462021328372272
4.370845375389204
4.292170225133707
4.23416355346833
4.1880419639682716
4.143560742896991
4.094803699919635
4.039562816554713
3.977709288567033
3.911051006377603
3.844861670585358
3.7890845197762286
3.754084128525543
3.7358694504590217
3.7007311073497577
3.6076817753923764
3.485020912408891
3.4379800715440054
3.4529181288069157
3.349515902815244
3.217276557886502
3.25669442508176
3.141926386427725
3.035750125273166
3.0758809849043853
2.864389032867455
2.952769213231086
2.7169554178787902
2.822863052443332
2.5633495697295685
2.6717045967083086
2.470681424126403
2.3967864041466784
2.483073943629189
2.1708516015209116
2.162065189152608
2.291918754866957
2.018567493192911
1.7384479935838988
1.8353572727713403
2.020337935309809
1.9102339852061703
1.5070743771237194
1.0740799503657927
0.8465650422743549
0.9040126873896601
1.190126408434567
1.5721047117201978
1.8860591567901082
1.9755254919301872
1.7507105001752334
1.273978464870009
0.8075728787418774
0.686206869827814
0.9711112177039172
1.2411736034531453
1.0834827540560752
0.8368768684291275
1.0117505367639232
1.1242879068401797
0.9002277925496992
1.0259809159827917
1.0444596214882564
0.9301356717298997
1.0782200980674095
0.9293117919096835
1.067225901520639
0.9400524527671267
1.0541276799882249
0.9625993799117101
1.0118893886645588
1.0225424572194242
0.9583843990767191
1.0259656153753718
1.0189113544793575
0.9666969906141405
0.9915469798366681
1.0293718275896502
1.017952456134278
0.9867910411401742
0.9739351746587187
0.9819815587641786
0.9967709247735537
1.0082905255036678
1.0143128367931624
1.0163209928316748
1.0160323747018745
1.0141032230724345
1.0101290282034832
1.0033730460334278
0.9942974589878374
0.9865436206445821
0.9868505335029363
0.9987202712737375
1.0121325461960775
1.0081323951461596
0.9904882285493307