0.7874577877682872
0.7887876814370868
0.7927764878364502
0.7994204833717956
0.8087098803335171
0.8206237435634998
0.8351234330690449
0.8521450882819019
0.8715917578386476
0.8933258277711068
0.9171624075089044
0.9428642964510093
0.9701390872923671
0.9986387688450945
1.0279622869503982
1.0576609731996576
1.0872468474500565
1.116203775617633
1.144000844758966
1.1701072321716979
1.1940086887646375
1.215223812110574
1.2333204313005115
1.2479304498866524
1.2587629475330313
1.2656147205860784
1.2683777750309246
1.2670434040198535
1.2617026476470383
1.252543106848309
1.2398422563568194
1.2239575639981706
1.2053138666150764
1.1843885693328948
1.1616953192826023
1.1377668539389894
1.1131376844348924
1.088327637613354
1.0638259741330878
1.0400781350945283
1.017473708735105
0.9963380100402186
0.9769256169311245
0.9594168975551994
0.9439175085043904
0.9304603477223222
0.9190101247276027
0.9094696572225827
0.901688268329541
0.8954713636861142
0.8905910030164178
0.88679704070539
0.8838284961801863
0.8814245845114503
0.879335642283863
0.8773329043155521
0.8752174430623049
0.8728278057848861
0.8700462067340569
0.8668029300165006
0.8630792351116825
0.8589079277579261
0.8543723150557486
0.8496026832740383
0.8447710517182505
0.8400838461017168
0.835772733705522
0.8320839563277245
0.8292664577436348
0.8275592839138993
0.8271787617534149
0.8283060981913439
0.831076046023079
0.8355673151094525
0.8417953808557268
0.8497082730781477
0.859185833282813
0.870042622473673
0.882034896693088
0.8948711073572372
0.908225861248399
0.921756607737152
0.9351220989564739
0.9480017864924635
0.9601149315558475
0.9712375495504132
0.9812169666227089
0.9899821685242645
0.9975489178502956
1.0040194961756133
1.009576280078045
1.0144695707451525
1.0190001378521905
1.0234974912907455
1.0282952649475692
1.0337054052049508
1.0399930546204474
1.047354082915211
1.055897126663041
1.0656317510888618
1.07646395981506
1.0881996872731736
1.100556490502998
1.1131826786884895
1.1256826830187885
1.1376469668674032
1.1486840296634342
1.1584517068890041
1.166685590617106
1.1732213926808381
1.178009587011281
1.181120361912402
1.1827383052018374
1.1831468300737416
1.182703384691315
1.1818073721561202
1.1808634735243018
1.1802436200738422
1.1802511349068885
1.1810905136664747
1.18284592408433
1.1854707915715932
1.188789854212238
1.1925138976402199
1.196266125876425
1.1996179170758714
1.2021306312713063
1.203399496419031
1.2030950707598174
1.200997901885407
1.197022726778288
1.1912292008477094
1.1838177375076513
1.1751104629373896
1.1655189417164922
1.1555018366392076
1.1455168944391756
1.135972440503047
1.1271838059587065
1.1193397424006517
1.1124829129726697
1.1065070645722763
1.101171631950231
1.0961325011173018
1.0909857000874061
1.0853191293461877
1.078766309611767
1.071055676307497
1.0620492806821669
1.0517658487622146
1.0403849746921363