7.201533340108292
8.436494075693378
8.181457181338706
8.279041100982957
8.30891751333533
8.209288047527087
8.252281686768132
8.207331595083286
8.223375002293349
8.265614419013312
8.22816003212464
8.155495017774694
8.109114516889283
8.093123015560378
8.088768366274605
8.08272208691274
8.066308267922262
8.029168601521189
7.968310483655228
7.911169972061585
7.8999776233243395
7.910679071767143
7.876334939638241
7.824464634270703
7.758835289642056
7.726604725632175
7.730011457833256
7.603048725377801
7.641824453766312
7.523274203073889
7.526196230955475
7.439890829000131
7.417981065690346
7.31763813943272
7.32302571094716
7.249081170295778
7.137648016463439
7.110905537755613
7.0847544833551375
7.007798512877251
6.9157272041039475
6.837475352010566
6.771139165764334
6.705770517685261
6.635651148200183
6.562434513651594
6.491612451216221
6.425101229627785
6.3609739786842505
6.30865107561627
6.264563690774705
6.1616930273011
6.030095926802713
6.010056135058823
5.935987413594774
5.799603255159799
5.778346876236675
5.652177860955007
5.596291068071057
5.481543183459412
5.447734039680885
5.280845390304471
5.276138753908557
5.15160067734222
5.025954229811055
4.999635398158704
4.916845447637378
4.769978451998316
4.644155214308116
4.560449044787815
4.492881313621487
4.420197829765617
4.3367205097692985
4.242621325274958
4.135150134673401
4.009190464433194
3.8741654401916166
3.7731606604438057
3.742328469878085
3.7096015868767864
3.5475761165231825
3.3575320092698395
3.370107025402286
3.270476422493874
3.0375222228682612
3.1272886931340005
2.8083695454893576
2.9223803490036153
2.575574010603815
2.7254041141015244
2.3747114873074713
2.358249750612046
2.4197968441807634
1.9631988150170023
1.8705974321523473
2.125454905021938
2.005725230165697
1.454552362890132
0.9471650608169885
0.8374327381341257
1.1447165037945168
1.6532572209250243
2.043422910434897
2.0171971743669905
1.4952211546116085
0.8315782876377604
0.6653923825348177
1.095417600510554
1.2465657565605592
0.8603914479144924
0.9787499239506122
1.1247836999816232
0.8758676671781713
1.1134204051135612
0.9073966745882769
1.0903204197719483
0.9212245861184689
1.056432534862936
0.9972661110227229
0.9526461756718704
1.045132831458459
1.0228940342052726
0.9614167635074156
0.9667049352838776
1.005350142967474
1.0303815701762848
1.0355586424003214
1.0319909558528284
1.028218223466564
1.0270160108834512
1.0269128655830244
1.0223951073829394
1.0064415774623645
0.9834674337404574
0.9795472588517683
1.0066578391279564
1.0179368425440265
0.9886386250012226
0.9935091463956639
1.0162081791506643
0.9834223055570935
1.0142729541725883
0.987402801049268
1.0128165067083716
0.9866938121720495
1.012351938998038
0.9931245365672129
0.9959416140487434
1.0123736670570072
0.9982803103070604
0.9880196043666651