10.985213840176483
11.693990924618221
11.758071492489648
11.614660961195757
11.580216943685347
11.63956822691531
11.549685944496717
11.631670370496757
11.548521633434211
11.511242203184903
11.495945570511289
11.441848278480276
11.415053060997513
11.376165989030016
11.409318803196738
11.326518176496446
11.319813767476424
11.231678322290099
11.21657404744751
11.164263453041164
11.063832485575409
10.980092275501027
10.937682173202568
10.931779525895815
10.844272831084341
10.744563984273208
10.731473522315003
10.598826900629117
10.587017515558154
10.4443976099329
10.383603333600277
10.320757394680072
10.206556051212573
10.114613243718583
10.05880626648769
9.997664615330857
9.883881922966145
9.8000352423973
9.692943340224764
9.598393159169127
9.516356117589217
9.389021871555139
9.239830161327447
9.128384612830793
9.078762725008954
8.960259234701171
8.809068693202407
8.759707194684394
8.574033241130955
8.5228441763057
8.332178725134863
8.254962001317017
8.15575477635038
7.978313426151599
7.856300139223065
7.784288054891418
7.668174613001575
7.538416982253795
7.3989475224303325
7.276683802547557
7.144459108648722
7.027264617083721
6.881889836353772
6.693634701216659
6.538411062369855
6.472987601934988
6.327832303638146
6.132147754966939
6.086432157476995
5.848788539412756
5.80909016640087
5.569964545108163
5.50589471842894
5.378252729129243
5.145907009373273
5.0339005611031515
4.96712375124315
4.838115516325232
4.6872645222635105
4.522015700536191
4.384823607391984
4.256347941874741
4.1388059663999615
3.9938122368902595
3.7626082549268816
3.531122333973437
3.500826188729902
3.424460294611153
3.07013506436115
3.141469938009724
2.8068443173231428
2.84004528539375
2.4370484952656297
2.6405825136712053
2.130302849311891
1.9805722948955615
2.2640900434027458
1.923562833030356
1.1739097185977365
0.8075324805580061
1.0896532644029604
1.7380511458674348
2.1877142653790003
1.9449442599132136
1.092450664367811
0.6025150752839343
1.071731174415468
1.2444236885261626
0.7964145396421721
1.1411906148468065
0.9222245606461515
1.080253165717294
0.9086926455287607
1.1006612629746335
0.9550334969835421
0.9543989567950706
1.0563200978565093
1.0505343185584894
0.9942786122686861
0.9633210442108261
0.9559060249497957
0.9588502331056424
0.9632686685543965
0.9790654889069025
1.0065637348851333
1.0302875814055228
1.013429159841934
0.9737013469001375
1.002792514006991
1.0181650244162026
0.9781219630917648
1.0229897699156263
0.9793020319215736
1.0176475084222618
0.9908708615672444
0.9914830963619015
1.0176919868887768
1.00256890551078
0.9862342322960761
0.9871894717955171
0.994001122056791
0.9999721212887488
1.0005754646389913
0.9972431440947354
0.9928031194613842
0.9883323059309218
0.9942806122358242
1.0086592659536804
1.004853066485814
0.9906071796465509
1.007544501626061