6.488634924148289
6.414199829082723
6.444635879821759
6.354819284258442
6.312373246023413
6.439929827864045
6.3879997310677465
6.407596959797082
6.416667446584946
6.369800623991281
6.393840684967036
6.346300382341627
6.330480441564254
6.323334343120623
6.237583384041602
6.281061176386068
6.259413147959311
6.222899760846749
6.23478123320527
6.205984840085579
6.16411902066653
6.130530317612118
6.087294217275692
6.10551423505808
6.098190408323763
6.059248995183018
6.0526250725936155
5.9939960293012025
5.987128028258948
5.933640406366515
5.916528608666572
5.873090911473694
5.809944957767991
5.76766078653712
5.699267328155537
5.670581293797284
5.685086640132715
5.641395156512836
5.539198672402965
5.509143333546348
5.508637431231229
5.413632158579309
5.402752246408111
5.366647401258735
5.279540036267501
5.285019864885675
5.17405506284852
5.183786958669244
5.07855282141031
5.055900499497347
5.00107038129598
4.894654016413303
4.904097974249409
4.82964327165758
4.734897227640369
4.716173621901915
4.683430323061417
4.600802092692422
4.500357101213688
4.4253335438874
4.396404535966707
4.352788612300126
4.31119274378554
4.256588658816893
4.194824166137037
4.129061344235314
4.05886058446359
3.969992682387199
3.8821835855009916
3.774163006945301
3.7001051642036393
3.6799090832113897
3.66442578049491
3.572040915540488
3.418746538258869
3.3799908041225146
3.394978989034121
3.2126347008579232
3.1523560267413555
3.1626760285342432
2.9424055006049072
3.028572730365977
2.788908562586327
2.874938982678273
2.6138820551898294
2.736984143764438
2.443999003533798
2.5168440892321784
2.43451970724416
2.150736993594191
2.3024684289280817
2.22849413079407
1.8487844986867414
1.791045354216545
2.0080386725382318
2.0059355794859917
1.6391629629977162
1.1526946739035768
0.8599687062187281
0.8865599535343291
1.1791024179822869
1.5954146280676023
1.9257772622789273
1.9987525630565777
1.7042204371345202
1.1626912922975767
0.7220681798753954
0.7376508822753384
1.1097962168553686
1.2365463788371927
0.9302443891409082
0.8787106560549512
1.1386159908066968
0.9756486153061706
0.9422038940029249
1.0962580310747925
0.9121420625982026
1.0807318944706685
0.9339780385600065
1.0662032008297828
0.93949175954469
1.0547236268406117
0.9682701193575051
0.9934217714587799
1.0396320805040953
0.9660636480128528
0.9893392042717842
1.0364033011326133
1.0080146823327316
0.9719207324605548
0.9765254845471546
1.0025151509463632
1.0235626480314153
1.0258085347229615
1.0225400788037557
1.0167298840717627
1.0138298119154812
1.0136898111281911
1.0167921851667228
1.0182455085924043
1.0191869961984106
1.00885196905081
0.9937663598705848
0.9845274664675958
0.9927972494246762
1.0119540938852765
1.008230180243996
0.9876378446429778
1.0006768715193761
1.010751530048857
0.9869065164373864