7.876457931223045
7.084456325493437
7.026318599805696
6.9667627492057695
6.904541922959424
6.872196074302602
6.910572953554427
6.994943563015697
7.000719041504335
6.886775305368007
6.860223301747205
6.9549344513662446
6.871727101203466
6.828316840247918
6.897490446555072
6.775650123459192
6.848617415745372
6.743735519073127
6.797102879644704
6.6977355306707445
6.739164449445972
6.666084518067974
6.644346166413697
6.645811047864433
6.577083405052882
6.547581590840026
6.541255672088795
6.499779806602634
6.442118303640278
6.399198006683101
6.3710480209262315
6.344996630726848
6.313859460640209
6.277158163933148
6.23644125776328
6.191879527860274
6.140919030461807
6.079461606005248
6.008146066780976
5.942728690055899
5.9101832210894605
5.9048609367319065
5.8560910568639795
5.743206513816806
5.699057565546439
5.70486399048496
5.580472330231776
5.547311518462332
5.514624180630742
5.398000855934139
5.409418259453573
5.274064154466978
5.28027584222848
5.167575034556691
5.117423836906683
5.088427770126889
4.953234416644434
4.933242329194313
4.893432087271232
4.770251756961997
4.685874143575832
4.65714430234002
4.618582787790165
4.543771288046903
4.449247226903208
4.3546450686092415
4.267317652861413
4.186841430697303
4.111977323453137
4.044155027883317
3.987079080342976
3.940840711065811
3.889986581350649
3.7999588313977726
3.6566757023211025
3.5344990469143744
3.526116454821656
3.5039900389613656
3.3092204943134145
3.242009986278496
3.2651346117508715
3.0209984786575705
3.0816999393571165
2.8870351840763333
2.8814072570836267
2.709557630035061
2.741285810285357
2.462669175722848
2.6171063851433067
2.305776017949361
2.2364786737889584
2.3750163972066383
2.033042606527845
1.7815407546191049
1.9661735944343395
2.07799943882358
1.7685066235490752
1.2461490982674548
0.8824665370356676
0.8682309778217905
1.169646293728217
1.6137467663112017
1.9681853890011813
2.0122530792625235
1.648694245774195
1.0495565192957625
0.6643986768154915
0.8333899059728297
1.222788580184435
1.1419130802312856
0.8291034048686281
1.0264173764152293
1.1078379571287589
0.8794716345345326
1.0970279250244024
0.9430512515895636
1.0412036576712762
0.9661417640082197
1.0448308418748171
0.9451070406022164
1.0606752317777757
0.961401812828085
0.9936179323617085
1.0450199490083305
0.9775700949203096
0.9679616603808421
1.0184182900485832
1.0343931801350488
1.0098328583499578
0.9833279439368127
0.9726958910345954
0.9738423025201624
0.978342127695577
0.9813125198131684
0.981448422741792
0.9797340829976389
0.9791734235982822
0.9844790648128282
0.9986218221753119
1.0149658746453802
1.015347823585976
0.9938598977115299
0.9844480915243251
1.008810819954561
1.0091560667837798
0.9847903463649221
1.0099488395307776
0.9983421722104048
0.9959019070554548
1.006909118531889
0.9929432145423749