13.818197846025294
15.049295906161193
15.020251791470441
14.925629623515864
15.01026191918832
14.908547395978646
14.913250443746692
14.888986163066951
14.960534574832874
14.796619878198145
14.789086318210805
14.813916118530583
14.745670696705195
14.692484206163424
14.640200305392268
14.546542066255364
14.518993563389005
14.487523268694233
14.396668468256037
14.2686765182916
14.209602771419497
14.1691337162239
14.028977832562061
14.009822536589612
13.83925885152848
13.78731773017541
13.679934358842386
13.551550270587073
13.467267203294478
13.405309360191222
13.27148819964811
13.157201571728613
13.050019371474871
12.918410531673109
12.796597591516665
12.657644834407712
12.495321235489373
12.38851890280672
12.288800866462271
12.084702218195758
11.999535146854797
11.78881999282978
11.71787976024678
11.529822300940822
11.356748412390852
11.26406467089277
11.108793963514614
10.939688754629081
10.753450663463866
10.603183205058444
10.446617606339686
10.294781967827333
10.1428937138475
9.94577865862314
9.738667016550297
9.62764310991761
9.433754399850068
9.239568151149967
9.091984900846224
8.91365728743736
8.704991547677011
8.586815195949224
8.39303504866488
8.158873568890618
7.97376629750033
7.797225178240816
7.629687519640151
7.435254338671235
7.234508239164865
7.062397550401887
6.939877994426743
6.786108159878595
6.51322582445573
6.3746577928617985
6.201346686299536
5.97347895227852
5.815182877881387
5.66805030694218
5.379954882426976
5.2663693505942755
5.1524246633919235
4.934619785049879
4.708769264109626
4.497700024159646
4.315758377787588
4.17362232360152
4.058444787305993
3.893440221005653
3.5710508666628766
3.3248817634095595
3.3762150574527436
2.9682020282968273
2.9418342120585814
2.597844304295039
2.675414818069749
2.0311268013539943
2.2318190041387505
2.2295632392737303
1.4222385021813717
0.8180148661488663
1.0468681099988406
1.8035970932316863
2.282524362124998
1.7976677005004682
0.7848618684621366
0.7433428411684522
1.335864921185027
0.8629195427669989
1.0741630345560778
0.9518098745076963
1.0977670717920267
0.8844066790401051
1.059266974991772
1.0715588966775547
0.9673747638337717
0.9327244768922667
0.9429114018568332
0.9546770014244816
0.9561065943821522
0.953677821395177
0.9726712570160063
1.0205583298902219
1.0301902898948188
0.9717576007013552
1.00551903432567
1.0068677889345088
0.9907092019955024
1.001374176663578
1.014842374578229
0.9769173019611259
1.002524066179084
1.0202854341943997
1.0113822961918428
0.9995385958358985
0.9955837451628563
0.9958902584703293
1.0031760337282092
1.0133416778447941
1.0120568207239207
0.9926702682621376
0.9930986051881082
1.0129298926167896
0.9896898945107704
1.0104112741310343
0.9891964563127603
1.0095150120919825
0.9976900566201906
0.991399265481535
1.0034928665878489
1.0092072249784552
1.0073475447234421