20.296495991868532
21.101323029617348
21.186899189508118
20.986611838547287
20.960443927014854
21.009451466806713
20.944885034255964
20.875126827975038
20.85888877400213
20.85506576900154
20.751272511023465
20.71231490274657
20.68348519063674
20.523077149953295
20.459782096349254
20.424526079204526
20.280495817942015
20.13723249274815
20.0560638449592
19.920121634300102
19.782040326498436
19.669943854108556
19.58154512995258
19.448164074639422
19.24817878523883
19.175916500923808
18.986054005108407
18.861240280294492
18.646018537994696
18.49453727837335
18.362524482359454
18.175335188278616
18.00798568350889
17.821711778160783
17.624950397508716
17.410125912153998
17.165074135501243
16.97575964866914
16.822434256742923
16.546515069016763
16.382661650185213
16.112262202253227
15.906644821463512
15.716906154860485
15.481914018090349
15.236370867842918
14.980860020839396
14.748888728474906
14.53489056177604
14.301079220212177
14.003758152438301
13.749570182256901
13.554004924724884
13.24035409894882
13.055864414570014
12.753332400594637
12.478712312934649
12.255523108165914
12.032843491551608
11.773665104893542
11.50479433450392
11.242801266086394
10.959757457128722
10.643104567642398
10.39249277865799
10.190528029270169
9.838402441636067
9.674145518951562
9.311027682572641
9.102496065052128
8.879062420123375
8.566956539555965
8.261504164711209
7.994043682575767
7.73592626075385
7.497921474765143
7.297312224881467
7.0559917654828554
6.693583071378061
6.511687392431362
6.239099799123604
5.996326469535861
5.6767737725723215
5.559518187367818
5.2699451667148205
4.926877664359203
4.651309897609921
4.397718964327555
4.147636329570034
3.940856257243454
3.838046268679671
3.6694900151648677
3.165309303888582
3.111874159368715
2.8159057179690543
2.633558337374613
2.102492232829227
2.4636129017155506
1.8139100669737322
0.8863355553404753
0.9874403034450279
1.8989785715439114
2.3707760981376405
1.4905193319620598
0.5522486174323756
1.2054071941790512
1.0309184766271218
0.9931480460600006
0.9531794895618307
1.1420958137175503
0.9252485743935575
0.9089554551831408
0.98895080804466
1.0255322718202167
1.0225438559093767
0.9923153868211331
0.952424883017985
0.9688408898180232
1.0426731806979166
0.9873848102129169
0.9974339743420605
0.9991632745588396
1.018834328991658
0.9695232124736519
1.002330491038232
1.0243005268503558
1.0223719725614415
1.0185673732820844
1.019176272580655
1.0195211818476462
1.0047092219082256
0.9822101557556968
1.0034365415281987
1.0070171041864784
0.9922109369141122
1.0035691922381007
1.006574501431746
0.9869608189850673
0.9970551780372837
1.0076511980467218
1.0117184462068338
1.0109899459749236
1.0079581580201484
0.9999416570400398
0.9900810395395812
0.9987324307792298
1.0071467809126127
0.9917559740981798
1.0084841139498177
0.993566726216248
0.9993484186899236