24.058274655410212
22.930503756743892
23.028101250405353
22.95074224434694
22.93417787479483
22.91857333726349
22.887394302498045
22.71293705089098
22.732392010109965
22.649601725133312
22.650821605833467
22.512630100279
22.44248008957182
22.35192089516692
22.28051678423843
22.204200601180933
22.02347554964882
21.99255819682307
21.80675115625154
21.712582505156732
21.566448009041302
21.420334090391474
21.22069404962991
21.099184722513602
20.909130208098283
20.765622938120327
20.65111057549632
20.487837056436828
20.241432312645234
20.10446956024328
19.87608875325693
19.72004887739959
19.43737640529811
19.258354752074048
19.093204598205716
18.863420976526236
18.65466064662025
18.42641669989658
18.173728715124515
17.907373666626114
17.65542046142393
17.4766126764332
17.17580660150159
16.962446159541333
16.644193037311688
16.45289689490586
16.19535268658411
15.876001353602167
15.60914582521626
15.32312671946072
15.067490582880868
14.815194778916759
14.573526776553898
14.274990981293017
13.943294122317528
13.738384645047708
13.3781181928629
13.174016269201866
12.860686713218078
12.517655530787124
12.257972424110529
11.986591358763246
11.711389380265521
11.39642825085128
11.078083386841534
10.801859402283087
10.586486364708394
10.243057066575162
9.961370947357496
9.672026357370335
9.414601158459321
9.042616696375022
8.799812619955084
8.561040293354093
8.299837898839804
8.01270832452435
7.730360709247983
7.4072637166478925
7.054878008889739
6.835594137015627
6.616512088948541
6.223111545621165
6.087168635123363
5.728350647528779
5.42562554806125
5.280663319401003
5.055786970557461
4.768533609139929
4.511737359659271
4.288184669585113
4.04753519600371
3.652053082315858
3.2636906888072046
3.325884950968025
2.782285705903272
2.8080457828063143
2.109682632755477
2.4799058149638262
1.9193271493308166
0.9116172844518894
0.9736900463569981
1.9238745173892422
2.3856556695896063
1.396293370983717
0.545818756196194
1.3015907673559055
0.8980600584724516
1.1297742518783334
0.8462625601787802
1.121974427295288
1.0742806890976397
0.9552377527358077
0.9216538733899096
0.9285318642648855
0.9470344149934045
0.9970073577860854
1.0533196437900596
1.004440608465209
0.9663074189930326
1.0397451935978308
0.9675455513757024
1.0159885977477627
1.018171653701625
0.9779278717856245
0.9744794754252812
0.9856756007347277
0.9866899046549775
0.9822231408193292
0.9808509402764721
1.002762258770121
1.0156433639841094
0.9825733967778137
1.0135951740952291
0.984975633364579
1.014265652257043
1.0003560087438388
0.986227039236723
0.9919117780462695
0.9963679006788432
0.9971310857113165
0.9922934988630964
0.989066635156284
1.000912326706547
1.0083511371528249
0.9904510241554905
1.0083238419570257
0.9907374396096678
1.0060642466596494
1.0042775942172928
0.9934989661842683
0.9928915719363715