16.94944852233796
17.94088118310023
17.635327712252785
17.841464010157697
17.76665470639811
17.745424487496848
17.774612677863544
17.751880112541098
17.702389112245683
17.639517148907657
17.55810965009922
17.5065549052127
17.477316018228276
17.31995784450888
17.299517193208857
17.244579806129934
17.1346487885702
17.087632696708063
16.93276752173254
16.90978224853641
16.83630563517143
16.687768309977976
16.568192175099647
16.468923701262984
16.355021316015225
16.21384733883986
16.075737857116593
15.977433184551645
15.868005165951022
15.753961232566223
15.55165988221945
15.474892136617811
15.264568873968589
15.17263956502329
14.970267354031721
14.85380466542356
14.706366091950377
14.509360946574475
14.320837522430548
14.147338483685775
13.971852459775983
13.790950974835315
13.639801848746462
13.49687651583813
13.25672882573255
13.0593791185866
12.915761672479762
12.663586134801537
12.541232965506108
12.267372605537705
12.092123859590613
11.930442067957001
11.698269435816986
11.46056905389203
11.240520613856875
11.032585802302064
10.836903832246325
10.650146939538246
10.466879868931846
10.246314202854842
9.960588820405956
9.826715149088507
9.548935288467645
9.378379413581925
9.102109045059086
8.961822975826808
8.705605918280215
8.430949043312927
8.21698923874368
8.020960900579702
7.811823658780668
7.578900250070801
7.326252160389629
7.107350417004553
6.962352797319463
6.757816918838035
6.439432563852185
6.3322027641456415
6.005139084039665
5.91322094319345
5.56895956104538
5.401671078325197
5.273812433592887
5.0286348939810015
4.757574885607883
4.516857673904486
4.3095560360684555
4.142166814250377
4.015462147109878
3.8123731042597027
3.404665748441031
3.252397459366847
3.216835886647217
2.6886302476358575
2.8559848465878037
2.275533027367359
2.1515105379387585
2.3772674550745068
1.6127079643618525
0.8444467326617133
1.0178899065004177
1.851223510810048
2.329761781750934
1.6575305756343108
0.6319609419444332
0.963864557987063
1.272044841192553
0.7828424950704191
1.1932740226580576
0.8853514984572026
1.011989660904661
1.1074013272955807
0.9719267118536999
0.9182071520552905
0.9367548946289146
0.9549175740479541
0.9540675994878776
0.9470399329512421
0.969462147608842
1.0294370984713326
1.024235019409185
0.9639324590769489
1.02912102654713
0.97488285475923
1.0287757876515273
0.9746018090435411
1.0013505728863852
1.0234297047776493
1.0059302634532636
0.9896298148688203
0.9848378761444144
0.987132566552026
0.995202207037342
1.0087875170444192
1.0156254459772618
0.9936511550054034
0.9919339885658676
1.0128078320433243
0.9875524657971606
1.0112451460646508
0.9935318548335026
0.99405324636148
1.010605216162793
1.0077714292175244
0.9992719652349233
0.9948747598748339
0.9943475978456193
0.9980108755798592
1.0057921123459352
1.0080719590511356
0.9972255600370168