21.301337251751228
19.49737977912469
19.395654820546277
19.316972389466155
19.312397903301843
19.316463410309307
19.266298495712444
19.24532356918053
19.18669751451854
19.129627005750088
19.13377530475814
19.022223797307667
18.912988063521674
18.8490700411475
18.786173510666924
18.700116063129627
18.595044573024854
18.50951707119908
18.48346308708084
18.398987973532368
18.20067851983349
18.175764117065782
17.983229724219484
17.932556389596083
17.75011132600248
17.616014905250523
17.50674303704692
17.373984881136586
17.228086661653027
17.0761197520726
16.912888865524213
16.730558381822526
16.55257158800864
16.42875524102206
16.25493018098303
16.032253349562904
15.920465716722983
15.671492186041695
15.514104731336742
15.364079697364499
15.11504444842663
14.889229406655325
14.693567061048592
14.495277394574362
14.285367473706135
14.077709836963512
13.898314067666439
13.718008011833486
13.45297714351011
13.246308060068428
13.034095723962936
12.804520975858773
12.556187250919931
12.380537785714235
12.130264161819865
11.86079989906845
11.617276269242089
11.38380889617495
11.145171583300263
10.90692818111836
10.69747116688579
10.516293220526354
10.247029393448456
9.951633933788953
9.804450018341747
9.465066252962798
9.316212281367845
9.023795595048183
8.745427501629488
8.558004013345384
8.35153234754585
8.11636749832535
7.876590574068698
7.634757475956249
7.367158882758107
7.0650691120319475
6.836388047852572
6.693035852823814
6.343385806692202
6.206437728822879
5.863563997026441
5.766666031206128
5.434750993099782
5.147577662296314
4.9899186462609695
4.82534636234807
4.621979732520238
4.391323395415702
4.115637705584848
3.778388899773314
3.5261185554903087
3.5274082449221686
3.193680632003573
2.8736727743970714
2.8528359763223685
2.448503274907211
2.121273270731207
2.4263919804727965
1.712661153541679
0.8637400109900782
1.0027806389847245
1.8745451853650992
2.3510930339854994
1.5764366381045216
0.5813471577769589
1.0883077291695915
1.163691589789939
0.862304983175521
1.098439106748465
1.0259809723950328
0.8844140243970994
1.0516621527378736
1.0966991831653716
1.0539910290469974
1.0251899841893775
1.0274637322078028
1.0478332927781842
1.0501620663255686
0.9932259752119359
0.961365618070154
1.0355678849108698
0.9774150330610805
1.0216003636280484
0.9725323670065156
1.024972915173255
1.0064129913496593
0.9780874793302405
0.9799440772488197
0.9882804929377011
0.9899641168913675
0.9848777640173624
0.9815149616977576
0.9965100842752075
1.0171194280635778
0.992923522486279
0.9979016631348545
1.0043403492997793
0.9999514356103698
0.991214922828044
1.0121577627594345
1.0040872908625635
0.9922917065836705
0.9894810121260216
0.9899358200641863
0.9906447872642588
0.9941712976886541
1.0035512026003512
1.007670024579402
0.9940157182452131
1.0010425927073758
1.0011059320582216