38.76297019979448
38.272474598001466
38.0545747037204
38.23031218903665
38.25471274866627
38.18288025797282
38.07028354202166
37.88489631808268
37.73990058921623
37.72535072750946
37.5254222059656
37.422157485842554
37.23511427277463
37.08762193870512
36.92726119906758
36.738859668173944
36.50658286512462
36.21594977971648
36.03688210641403
35.81159536495324
35.523023980126055
35.220259105030706
35.01717152781818
34.730609431924606
34.41445824146891
34.09608338428187
33.763114082983
33.40212846388241
33.04090762868551
32.732012213880765
32.310171862263196
31.958549122572148
31.62183435614928
31.23439401780188
30.835480216944074
30.422888670357505
29.94984739778277
29.49868929396413
29.14696791801309
28.628512029351878
28.24045832692909
27.789503669708488
27.29902702591062
26.824921566918555
26.35698550380441
25.905032057210423
25.469675720380742
24.92984133897375
24.47859915290883
23.944427706506534
23.531036407413936
23.013597548648296
22.48336316841825
21.981603876669357
21.505665932688423
21.031659589626564
20.480995121026943
19.9663713505711
19.49837821529905
18.97927326654765
18.43167572457206
17.957180291122324
17.475522880296353
16.96484857786383
16.425480044640782
15.932688665567875
15.527195506579487
14.928273097875952
14.545076955798049
13.976007827045686
13.47104315912518
13.018613686481439
12.562572773988304
12.066421640671063
11.570905430329121
11.18021790753196
10.732742210335523
10.226886945639366
9.798548731538403
9.437719185338432
8.951045261773562
8.481701443058126
8.066481521066157
7.709644665937488
7.331804030565913
6.777475271030784
6.494854231870514
5.996494242225931
5.782549704647766
5.2857491465849105
4.8123332967031
4.419305577281123
4.054162111718731
3.8019579958186505
3.687897254975978
3.049700612623658
2.7877470676134335
2.3569127101391087
2.484795629944229
1.1585658501656095
0.887481104956388
2.082233812373111
2.3861800256883567
0.8102459317610958
0.9826552646095583
1.0879517830988557
1.1170733931210097
0.8161825036145081
0.9481027198078479
1.0330785124179045
1.0230160320623445
0.958809767286913
0.9275079449259415
1.0453329726483
0.9865283997777496
1.0223019606640291
0.9562537049357172
1.0155499091084907
1.0373381857507251
1.0347868613940532
1.0312531593173666
1.0095689452142331
0.9733466740193026
1.0134213401376975
0.990810200542911
1.0178904830313595
0.982192132846202
0.9861927166990198
0.997209578104186
0.9971501204048331
0.9883936783451392
0.9880674321238938
1.0117315315191695
0.9935339116430689
1.0079664404012414
0.9880642364221564
1.0014137196856876
1.010019298287051
1.0107688633601144
1.0090940027440594
1.0001290519473407
0.9904027921891421
1.0071464848666372
0.9940866207587657
1.007824999374506
0.995088704266036
0.9934668728465488
0.996921095931424
0.9970825870673388
0.994263322180002
0.9959420897722004