42.48972566644768
45.548199565507865
45.22938164120451
45.08978352809507
45.08426866206426
45.01443018726663
44.91828703445264
44.9127877197039
44.81671049130089
44.59678289374926
44.48321604403875
44.27987381769585
44.08080268709239
43.88482471429907
43.64678742497359
43.35873791957806
43.138767326732015
42.93408114399815
42.53819178714493
42.29566443657157
42.02380675074298
41.65038830327864
41.28759358506886
40.93693185913038
40.57316295185579
40.16775473542281
39.73658298194276
39.37430686466769
38.89809227001395
38.44332825330739
38.019280222195356
37.55950999502379
37.05629541887772
36.57506739639551
36.17019708080424
35.583015099793045
35.14822697470945
34.563435488884025
34.035715277071716
33.520224816031615
32.97911648516058
32.40878253296386
31.837220083526695
31.34054497119156
30.694864286310597
30.20461799733771
29.56759564852043
28.94286728246964
28.351551912625588
27.762715510802288
27.201640838696914
26.651182214963505
25.983196041821945
25.42915250573252
24.768467068687507
24.2096938673563
23.645104911230238
23.025276218117035
22.413478741371144
21.75954228355134
21.123454164417065
20.611880994642792
19.91377286323326
19.367990009523663
18.815725716477342
18.209478698031752
17.618468736985946
17.04515623069471
16.428569465901237
15.79329413519925
15.319706477008012
14.653365286974442
14.141305619872501
13.643563386364526
13.100248563593949
12.561657498746843
12.00077856703571
11.377405207056581
10.929913913939357
10.391440477999582
9.946193151463435
9.337661987969726
8.846960180330697
8.383328341416137
7.88934868490112
7.417336421718151
7.10238956902038
6.590481377684701
6.17192684576444
5.636789330275633
5.398341710053984
5.037757814998116
4.637660737544553
4.271257468130763
3.783426153342627
3.08287941317201
3.1224298156204635
2.315552260675437
2.623983609618652
1.269824945825368
0.8611281773431277
2.1396242367572977
2.3489281027575273
0.6465279479666526
1.2138270986923705
0.8383534925971993
1.2535222409914781
1.0191681877029175
0.9064165153332021
0.9155065714152133
0.9834880079370028
1.0801687992529185
0.9945451037831956
0.984887920647755
0.993682711978293
1.0484270684167927
0.9965795312002796
0.9748013766725253
0.9811791964613216
1.0103167272493363
1.0291024054190683
0.9764373667861461
1.0201683074265349
0.9766703666795444
1.0070130355470208
1.020448646978473
1.0191080183034638
1.0183089539351284
1.0057255260948812
0.9835328252900603
1.012321090805301
0.9874009827414882
1.0132504568989653
1.004047050518911
0.9938521647258978
0.993009730546501
0.9991538499188295
1.0095352049788076
0.9989605949898418
0.9974721652815187
0.9993864770499197
1.0081578525785653
0.9984475038684293
0.9940494565938596
0.9950668221921096
1.001700809737996
1.007352937486213
0.9941898636488224
1.0049695757105048
0.9937910833795016
1.0023995486139432