32.174481688925816
32.34708719451158
32.07345395093375
32.264229264120885
32.23449475495265
32.12279888903838
32.01541910153169
31.931049659033338
31.946487905261993
31.874170321263687
31.65194228566789
31.618250126012565
31.465736689598987
31.359865952073825
31.13944770321276
30.95559662216649
30.798027145204884
30.637832124932324
30.470601122644528
30.267879796640308
30.117444381420203
29.834608709237116
29.67183125548231
29.35339176183572
29.167735154605104
28.908303976767776
28.613710706245673
28.328178127649718
28.0685124138525
27.83329778032082
27.516996687470403
27.16965291339845
26.89551146638379
26.544171406283258
26.284501421384785
25.906301979648074
25.53162120729094
25.188504385121995
24.84432864711172
24.483251707411938
24.14465488343319
23.82494014532329
23.361856413220366
23.068706066830973
22.61644854926299
22.27121952412858
21.898910751306833
21.485208196866573
21.08355960175999
20.701891995892847
20.306767496891798
19.861026098889408
19.42070550318442
19.079953241059478
18.58112575093529
18.23179236197272
17.833727942480653
17.37422793264317
16.93409433279646
16.510956345172396
16.11272258630925
15.747134441307013
15.283736734729441
14.835756641808993
14.476846809987796
14.01389735537799
13.586690570539592
13.237405894079814
12.843982212708175
12.43280029170245
12.021522993947299
11.587576611438358
11.11914756473532
10.763898220327388
10.388724789739697
9.966721439595602
9.542173677008861
9.250625194950409
8.863970283104521
8.456156832531503
8.085816343001186
7.756904293202771
7.389070782342687
6.900393621380085
6.624488307845892
6.256235593154922
5.950576337034667
5.463858574750281
5.231494269466633
4.991902506183573
4.689828715396791
4.362156195112727
3.952924536496617
3.433869784398827
3.284624626873951
3.10882413812395
2.458753191190486
2.4211169143977394
2.3121549030173267
1.059767616523257
0.9154503601910021
2.027849006328805
2.402128572325704
0.9999243941029452
0.764936229782942
1.3125489445341185
0.8546564845509664
0.97538143801939
1.167437667354311
1.0639014187829874
0.9955751446362463
1.0012681701257418
1.050796761363196
1.0680728754695057
0.9639826917925699
0.9980976411866336
1.0075163161907352
1.015897782561729
0.9603355979747616
0.9985769030682943
1.023863270200171
1.0259135852289494
1.016141343261401
0.991189535131804
0.9773503484025762
1.018900681024143
0.9876477210310973
1.0157282910877903
0.9815411863653835
0.9998700786327
1.0145886287444108
1.015665489332943
1.0153040859521787
1.0104221931754789
0.9928273618085969
0.99220313420901
1.0113611572481906
0.9889919865129833
1.00832124418244
1.0038304754676295
0.9912785035813948
0.9902709358118572
0.9914251707762576
0.9916056398062149
0.9961353560077014
1.0077162258193522
0.9976053944893178
1.0003831789135933
0.9973065025110065
1.006412548566259
0.9972809495943499