46.52700751119003
49.080202615448194
49.22148147618918
49.41603128771681
49.09453448496118
49.177051825473875
48.961214363245496
48.88025110302296
48.74986451959473
48.600389101602964
48.463733661756656
48.206135687872795
47.906739318812804
47.802000320267716
47.46783565341087
47.1850440158265
46.93775340616706
46.644830337522166
46.3394260474877
45.98519094967259
45.54945169666342
45.30141932182375
44.79355734369447
44.464013283231
44.07477106168212
43.62401155064663
43.16794470498314
42.72242569544996
42.25022166768699
41.69212345023241
41.29125638523611
40.71753761473428
40.15774009457321
39.6486194848051
39.1133709160428
38.55251441975122
37.978362772711655
37.452352150048135
36.82524009697088
36.29499302104758
35.616543874451544
34.9905795376611
34.38265879836963
33.76292037853053
33.152961802132566
32.560341994171935
31.88307168098505
31.270815568659366
30.548310480399486
29.91848868987048
29.295470024408996
28.63136137624328
27.935826483491148
27.28120864364955
26.677861872192764
25.93674613694054
25.343853220127038
24.669952748903505
23.967131762728297
23.30034336468575
22.672816215186707
22.04201296483706
21.30684314480579
20.70227115360572
19.9998373498196
19.428136287198587
18.78385123103374
18.134310627899158
17.520038189628323
16.895713155880877
16.182315087237967
15.63076569807257
14.973554785679584
14.45629774148805
13.81235763308552
13.188098063915252
12.61381390785346
12.100046418774644
11.575805620492504
10.892291205377186
10.484647994472095
9.813952823147492
9.341192193753765
8.895778638516747
8.4052567382987
7.875075948981825
7.27803509372066
6.86644319274999
6.465829340117157
5.9498462301019295
5.4042826008788545
5.10931374250142
4.757798903430025
4.328980083564232
3.758692198556097
3.1859845741275357
3.2631210825669767
2.3114710715426523
2.6827758627592324
1.3326941409828699
0.848311563284636
2.1683851290086786
2.323840501902347
0.5805491882540794
1.3147734855304198
0.752750293360138
1.2100751919456048
1.1452356014049132
1.0485687661726846
1.0596080247891484
1.0999425427275713
1.0024839862475465
0.9546046877785979
1.0385362900871518
1.0111491686974436
0.9523124267249914
0.9650048673345185
0.9701829666789956
0.9649893265841766
0.9961597797497077
1.0263536683214414
0.9739209656398765
1.015779474485617
1.015680645936948
0.9929394643128607
0.9883737030296531
0.9972431672677022
1.0151859194818307
1.0020638679518339
0.9920482963198913
1.0028725313757902
1.0116367421295336
0.9957041027796116
0.9905946370449744
0.9936079064452913
1.0047716396615536
1.0086278025898443
0.9901333721868417
1.0096005941003432
0.994324003416644
0.9922088725614376
0.9974959040442661
0.9972160021788545
0.9926319138752555
0.9965366805550414
1.0068922925608905
0.9933735198670798
1.004899299841433
1.0032951668990044
0.9973005459241473
0.9962760315956254