64.4295945380857
63.484172413081446
63.64268025370758
63.42966171126946
63.36455185277783
63.34290984307703
63.19478214070945
62.95391160018819
62.819879696434185
62.56357982977624
62.410070384623054
62.04998727139252
61.71745722038013
61.4669029620089
61.102447021752845
60.79963675868862
60.335842067415626
59.98753635868021
59.54469652812
59.030747847859836
58.500795130533625
58.07592837963962
57.53254476579184
56.914276747422264
56.44559306901323
55.7854057112925
55.14523727712934
54.53271478307816
53.906568156831085
53.241694006758934
52.61742644834692
51.854654497352556
51.21311067733617
50.49238061290512
49.72495480216274
49.000704336359064
48.23907705139552
47.42966602114974
46.64532069560086
45.831435455563195
45.08139510538733
44.25018132715786
43.40076616826877
42.597553806318786
41.69661544560939
40.823963422858434
40.024027664547425
39.161450142092505
38.23723972713141
37.35477182941067
36.51006029543307
35.67554519310492
34.77989327073748
33.888520846364806
33.00249152913105
32.180618101727646
31.303602759347147
30.441185373404686
29.53289169156476
28.607419615949485
27.829450782777485
26.874785148327053
26.081638728085142
25.268308755489123
24.417418113323503
23.564666521144037
22.654820000284378
21.905904603602604
21.044550887827658
20.324560346317107
19.491418335042038
18.681317073677743
17.940845807985514
17.20418084011421
16.354965782035897
15.697864048902177
14.869131658818278
14.227671104385612
13.561665639594558
12.869730771086232
12.127166566950226
11.420754076673866
10.913416645815264
10.127446324662522
9.56637434140573
9.04780889215267
8.471036542803208
7.849983288505351
7.154164866174718
6.738606733062171
6.131682280262901
5.782527284618209
5.114120376573204
4.527961872379552
4.058630401889548
3.7962475558808353
3.4689314951293277
2.425055677591783
2.7971211035414503
1.5340708550328996
0.810263339530749
2.2563932982192396
2.211734993868477
0.4666963902919191
1.4718704712856823
0.8020141390005493
0.8454304273834928
0.9701129464126671
0.9468580296402448
0.8928596001690938
1.0260775178272337
1.0097643828715526
1.025144626883317
0.9419725057943208
0.9647632074252185
0.9727061629003882
0.9591526362022204
0.9974730873771942
1.0233604239321175
0.9838997123687296
0.9864229020291116
1.017500155179998
1.0215861236373298
1.0120898630719692
0.9863947975503607
0.9969381376586695
1.0043408138988437
1.0083121497421177
0.9871991970621061
0.9857211747799617
0.9859528313192588
0.9965504489201528
1.0121087472985588
0.9882996941611205
1.010748099961505
1.0001483589094238
0.99193718669969
0.9927691192680441
0.998702792191565
1.009295271139166
0.9932138647929651
1.0074393633393266
0.9941864217046482
0.9935495655533807
0.9949421416376101
0.9929681185035243
0.9976855524859606
1.0064372806249204
0.9941213320040825
1.0025397266012026
1.0057168492958721