72.92041596106452
69.47725916432492
69.31282605637182
69.24730605064153
69.10523274675755
68.98610441546785
68.82014096847041
68.70267692599054
68.35304764425636
68.15179868075813
67.85355635870613
67.61504770638335
67.20547136017937
66.94728973006151
66.48026813458506
65.98809477026607
65.6115231147385
65.101573809337
64.70595206446545
64.18597123016794
63.65174432403578
63.01574768510512
62.456282699682596
61.90640071478875
61.206476985708115
60.53483540785796
59.95778138391552
59.180484738020326
58.53287312509551
57.8138232151652
57.078388050496294
56.297608235767946
55.47668343143196
54.64703620317425
53.89463410585149
53.03110619645758
52.14050058104024
51.295744329314445
50.41640334541248
49.59093482721586
48.68849480952401
47.775198069815005
46.82188884873116
45.94650770967292
45.04904994069943
44.07487320357649
43.08772324040824
42.204013711149315
41.21996293271237
40.31746673591227
39.30943272477361
38.34626877045397
37.38915628026518
36.4773258079452
35.44916046187381
34.53866583114366
33.50307851755446
32.57564432883986
31.65214759078123
30.67374964350683
29.696033874596573
28.82853819424412
27.845713010959784
26.992840543835115
26.015687202758283
25.07673559610156
24.196878254408794
23.362131927841666
22.41765861698803
21.55490217236246
20.649208708682213
19.8763664213162
19.05206114203384
18.22344023726264
17.33598943414215
16.52463928228687
15.820028470851922
15.003978066057627
14.182656279434493
13.45153364625572
12.711805485403843
12.021486662611665
11.456487041870608
10.628085226770553
10.122902926571127
9.404526787017863
8.712315302690794
8.110949105744467
7.621084193743122
7.0310401225305315
6.308730733755859
5.906421506696929
5.459193805898009
4.834955053602121
4.329118288365823
3.9971603757568075
3.469748975777277
2.5108661192075656
2.8184244988009812
1.6082493801233577
0.7987989936208372
2.286102919745695
2.1635308982965715
0.4607680304989689
1.460652468905
0.9127193744146928
0.7941557387781112
0.858623008554198
0.870571331222142
0.9804795727929159
1.083738695536291
0.9330363738630852
1.0161557274557715
1.058310823121915
1.0456295375419715
1.045439646510574
1.0136469666603358
0.9659282590124579
1.0321201350689901
0.9878380624598735
0.9738854693506422
0.9813883577636997
0.9787424693107334
0.9871223556539276
1.0198120765833945
0.9810186607246832
1.0129731180767403
1.0131829808295287
1.005213912135423
1.0100739388630209
1.0120672397140056
0.9887161174691347
1.0095765024062293
0.9881620988035723
0.99665867584291
1.0029268455423666
0.9986788907533052
0.9905750993263344
1.0034145821273677
0.9982923988884667
1.007262788934554
0.9963045988645397
0.9938306235482378
0.9952166009870869
1.0041279358973734
1.0032886927882363
0.9965533290904043
0.9992559357994639
1.0060245618534935
1.0051847399224982
1.0059510700248506