2.2177730140742535
1.9334300947293772
1.8487609343828093
2.017025697760836
1.8711951060235774
1.8980990806274025
2.008419736778852
1.8272169179572513
1.950253594337286
1.9733286730107238
1.814532177971314
1.9854537533331122
1.9199647643070874
1.8534953173806565
1.9512222892259818
1.9136250863554904
1.890123323250578
1.8734940376092295
1.9650147979746744
1.8684340161688824
1.8540287012957153
1.9529389770474033
1.8794790121408693
1.8618611545082295
1.8671093817605036
1.9467035098446681
1.8375576677326848
1.844659996767877
1.891620958515163
1.903369320545908
1.8252541288807396
1.8210064042689815
1.8946938632373542
1.872504716386557
1.8155200700454843
1.792116127900771
1.8739638534778458
1.8599863781707089
1.8103203272677537
1.7587330079547001
1.8262909916443977
1.8497379853062088
1.820632426030649
1.7428419244437088
1.7519964321360244
1.806014040394085
1.826804186063631
1.779162295434332
1.7036647279554693
1.718210318261051
1.7540950080070834
1.809764583167494
1.7507581969039145
1.7001076226672904
1.6447262422154103
1.6851887579188887
1.7363990659637605
1.7527895228678272
1.7225541293038154
1.631322343422681
1.6016323828153003
1.5946522215341568
1.6557496376928185
1.702065560075512
1.6933276019977364
1.657226583374997
1.5644100209719005
1.5154789464607834
1.5008592582299487
1.5255733842791586
1.595520502968351
1.6254567727067186
1.6359578981187652
1.6015455420363243
1.514835260351329
1.4442349113818198
1.3752340074775262
1.337445738584785
1.3577473233203055
1.3894800334230732
1.445227519506886
1.5097744816452332
1.5347500384394144
1.5417629274139977
1.5223219078611836
1.4523462443181516
1.3689929394282994
1.2783680764694894
1.1676535657587905
1.0707222869509447
0.9960888703444983
0.927701517473295
0.8857644418708426
0.8772541931494813
0.8811712062430482
0.9047097776288368
0.9571193318479636
1.0173926275468483
1.0804232279175958
1.1596994609313236
1.2429088982164282
1.3127012114796406
1.3789216545788152
1.4457066349493706
1.4938019523941755
1.5169253896351063
1.528077163173214
1.5254665524431839
1.4937409532039532
1.4343059793918633
1.361747318581895
1.2789207726304683
1.1806638871612454
1.0740002518330887
0.9764829727841728
0.9000073544034737
0.8475468617023749
0.8215891383684157
0.8273730512438944
0.8672843245041698
0.9340185607625192
1.0098323883776148
1.0739942211446392
1.112109624195304
1.1185062764771352
1.093130524050686
1.0417222888633586
0.9794572539181549
0.9292543951619848
0.9119010006319159
0.9349210958733751
0.987287176206753
1.0428424585153866
1.0725857828790792
1.0609887883900164
1.0160923472479453
0.9656832021629678
0.9411350895904329
0.9577732776140061
1.0033384648332682
1.044318171671807
1.0496663573256901
1.0158255698066263
0.9714364568441204
0.9545502398457031
0.979269278080726
1.0213902197620737
1.039745746797182
1.0169993003654558
0.979188701976089
0.9689500199231411