5.53606265190507
3.1059543792594173
4.2006435719828525
3.2724102531198125
4.049491413555037
3.406635799916953
3.8811881332539198
3.55779817187262
3.7286433424283953
3.6494263423674234
3.687350439849927
3.600054913978864
3.7796653386449424
3.4710501804894576
3.8512421460081714
3.457431924557788
3.745422718522597
3.5880060199825095
3.593909041446714
3.6390903931172454
3.5732092924172814
3.6146114333513335
3.5068144277670945
3.6948950596977146
3.4218879754066216
3.6051370973834107
3.601493328372684
3.3754297537265505
3.636166442309314
3.458729443075225
3.446781914220924
3.5344786238819412
3.3753177586951835
3.5175963646489876
3.416643943106547
3.3011566726365356
3.5340532420115904
3.371399413513719
3.220845278404417
3.457684223706599
3.3647189917568565
3.1903784666062327
3.3514604727652815
3.3115614030914444
3.140672774154216
3.2818648014338283
3.3235176930165475
3.0729522323613145
3.0729301222153835
3.2963222910187295
3.208364797336913
2.9595812290328367
3.0188500906351137
3.192139593694598
3.0790589081959014
2.8731755469093843
2.9394223205349794
3.119651701950583
3.0440550123072683
2.7796658476181704
2.700888019394254
2.891989995047415
3.0446551639796278
2.9201395877972516
2.6572820319672634
2.5569334755577287
2.702717924747456
2.890197860187007
2.8814058201769392
2.652517228813482
2.392083842475622
2.3059523447600614
2.4425331630335876
2.676154209274903
2.822503879622122
2.7704482067786587
2.538681347159992
2.2432283285680756
2.0201132672290036
1.9576111804484044
2.068292533430451
2.3005821222726253
2.571588465508407
2.8009283719334563
2.9329366731617075
2.9441402952880833
2.839341566707194
2.6419651382820355
2.383619916518777
2.0958470398415905
1.8050788652215877
1.5305346700977842
1.2841958746998279
1.071938220622777
0.8950992630694625
0.7520331537740761
0.639441541725196
0.5534274414745172
0.4902955977577744
0.447133493834986
0.42217450896528824
0.4148980494259038
0.4257975626124994
0.45578472545614446
0.505316891554032
0.5735051754103517
0.6575808567194011
0.7530221980871027
0.8542874661529261
0.9555916913441463
1.0509135038053394
1.1329094080264788
1.1916916312032566
1.2156178659860344
1.1958082627787883
1.1332459933956083
1.0436573335315205
0.9547326771011728
0.8951259073578405
0.881886170047814
0.9147763529938496
0.9788400168946131
1.0488788835584824
1.0931570816191853
1.0844608845106998
1.0227304214174646
0.949016010031771
0.921164519789098
0.9607687885096445
1.0285840630984187
1.0631031660067474
1.0391786742376896
0.9837472210891037
0.9482033352706832
0.9689628952915373
1.027784460055309
1.0525987195809783
1.0053166403608687
0.9534427788025582
0.9759887541223023
1.0323307592701476
1.0321434555946485
0.9843850343519435
0.9675781916961949
1.0045624849758439
1.0337917438028619
1.0002856265084783
0.9650592651652887
1.004962420460336
1.0338287825294488
0.9858208847152362