2.8380947972287767
3.181538185075029
3.19111916554781
2.992880607549215
3.3343133406749446
2.9369266542400974
3.2453478042196884
3.1284210675065958
2.9664626181393867
3.367964348222326
2.8705844446872115
3.2531987515864227
3.1016232161061463
3.011070470585893
3.1720222215060065
3.1182595691383037
2.9766360609435263
3.17493156139887
3.09766049965056
2.9307113700741327
3.19974657076162
3.040159702122727
2.961523275240795
3.091820699347451
3.1161095771985035
2.880414008336431
3.060627666570646
3.1057135865128274
2.914378541952804
2.928849850183612
3.0855116169861776
3.0082319994088875
2.8032167356022386
3.0090218824018935
3.0190443991949936
2.915689610702032
2.762778195909634
2.992790420864561
2.9945005848084776
2.809200497785523
2.7599686243116786
2.8751062763517785
3.0064039681192436
2.7712027623352338
2.6805264732261103
2.7774049162843126
2.9015873072739216
2.876309549623385
2.6195109303522024
2.6068208558380053
2.754114142051872
2.8406012704663866
2.7940829762919885
2.551066997215229
2.476373761530503
2.6261441560225016
2.742907985150393
2.7738168608522513
2.6115612496233225
2.379243471814083
2.3643444370951485
2.4923658630444385
2.631457262077752
2.7208148153114116
2.609350557014371
2.362592364232098
2.207547217467075
2.1803918949169296
2.263421158266305
2.460494388828271
2.6260157976038494
2.622440240206364
2.4960987189642023
2.3092340798969104
2.0757124035601597
1.8856459694630336
1.8401946952277048
1.919394331333512
2.0616878080125636
2.2591451198886943
2.4880528551753933
2.6674356536661943
2.7470668373406473
2.7500462702131494
2.7013397457685295
2.5856189900869393
2.395625754371387
2.167317558241404
1.943111263696785
1.7313158913533102
1.5200897133621332
1.3117625746223456
1.1254290995327219
0.9735939664486501
0.8505214138607802
0.7437963532667384
0.6492240142815235
0.5718651135616499
0.5168805609970188
0.4830132506115168
0.46419556662260053
0.4551994573613778
0.45530615541688413
0.4677302973126219
0.4962794391279196
0.5420328666985912
0.6022293507698137
0.6719251983602113
0.7470090981898881
0.8260285302127933
0.9091194670015397
0.9947585714102863
1.0770578323001565
1.1460438894048834
1.1910085517842337
1.2047025374362488
1.1858481620687766
1.1391506653746422
1.07387312840788
1.0023915365409193
0.9389657716626068
0.8977587188794377
0.8893038704564191
0.9161195717316009
0.9696856160410933
1.0312154471372157
1.07726067110074
1.0888547785180527
1.0606797728620463
1.0056063780099127
0.9508248168183835
0.9252280610529113
0.943055350367316
0.993262556416808
1.0435469497295222
1.0600924585707738
1.0320182550284658
0.9820937169451037
0.9515540849979477
0.966661422558134
1.0138718108728821
1.0491209534650516
1.0384958707920104
0.9937194152626487
0.9630481197424755
0.9802436139902511
1.024557880920702
1.0421881912215871
1.0114569583755637
0.972777711715852
0.9777939917318753