2.844432974292547
4.963563738672928
4.397405383344246
4.032919132085861
4.491281474355322
4.450780600431103
4.243958072486236
4.367084633035594
4.261337719506648
4.385976177000276
4.463240058936574
4.111344075759737
4.323263454112634
4.390341677666676
4.266524296881565
4.385598977484809
4.101197906241285
4.295338469056591
4.273568968843615
4.272016674528448
4.3258874595208745
4.096782202373415
4.25676079450802
4.042768281733144
4.289142558862078
4.092620285110112
4.295456987607906
4.06377905652151
4.2169969783567005
3.9762515001961924
4.143727906690803
3.911783270320837
4.118174985472085
3.886051691567886
4.102767630440534
3.8903044059081244
4.043666437070933
3.9303027263193067
3.9203993780239745
3.9929609033652804
3.7854222167066225
3.994912325137313
3.7571759846252624
3.8422629907863204
3.860269147366034
3.6432184805612287
3.855930936682964
3.674574617411219
3.597983254836828
3.781358576726977
3.521530582548525
3.517217760163061
3.674904069457817
3.40571797447798
3.3832908241947766
3.5854989124421075
3.3767149833447747
3.242751235630588
3.480204004357557
3.4414835213934345
3.141692824140981
3.18816167926948
3.3840616549926725
3.2172647760654414
2.9465813219979164
3.042613013623409
3.2815611536742924
3.1803650604169214
2.839581491451607
2.7334208632102497
2.964836269370224
3.1603144711743667
3.006607353157549
2.647485926020324
2.459855412415942
2.603857929328388
2.890842137043811
3.014405742619152
2.860894658588272
2.5331245963849223
2.2033757608682754
2.0427975147426705
2.1416115770521187
2.439907260954957
2.7649838214264686
3.0020369697230347
3.122071284339672
3.055231124635587
2.8267249280829123
2.537701110501708
2.1829118637140184
1.8180010366451835
1.5051324633485061
1.2100061648106932
0.9719859034680678
0.7893556135278504
0.6331542266613308
0.5321966792053813
0.45357774882869256
0.40569429199710905
0.3887782736664168
0.3847219638261748
0.41652108911908364
0.45727122634741574
0.531155712509288
0.6188845015521567
0.7262081125580419
0.8508387951826174
0.9676419240393118
1.0907279121835078
1.1680913802313246
1.2251332027412487
1.2081685207864536
1.1584894682591733
1.0535487827792676
0.9587660102007405
0.8809058193088695
0.8805566785986653
0.9298321978618469
1.0294475330226347
1.0881175853896927
1.0965736369750232
1.0200465460218904
0.9468636186961124
0.9222362889640596
0.9789062790415073
1.0563039461617858
1.0588677672857976
1.00177583661965
0.9394477906855294
0.9714878427192012
1.0418560627942195
1.0401778943711206
0.98218777200112
0.9544825107774175
1.0117009265949224
1.046588559643781
0.9851183583966929
0.9618255689642897
1.0226001699487337
1.0274159964877745
0.9716077792610125
0.9884850082604322
1.03205861071235
0.9920747927477215
0.9763921847242926
1.026628248883335
1.0005714629646183
0.9737038291080394
1.0256996552340525
1.0007319166443043