3.5756225229276053
2.970960947471094
2.2371057980702975
2.1973279432423882
2.5700247396889813
2.6559328483509907
2.411618796205732
2.338279817124598
2.4337465831724567
2.4919504218162616
2.493133380488628
2.500934711697021
2.377000432776815
2.300178238037662
2.478987195847531
2.648926178718549
2.426610568826727
2.197606341848844
2.36787754249672
2.604496916629674
2.505019758574534
2.35096391431724
2.3318941799932404
2.3251270612084145
2.395929139059686
2.5667439301181383
2.4917151862860614
2.2415089901103333
2.235956705821833
2.3822997336856075
2.4300137497067715
2.485146906175119
2.454112640366923
2.2313986400143957
2.1694227868376204
2.3137565967468414
2.3852829886273943
2.4476430355708576
2.4689254241573115
2.2684409611709
2.1425102839034476
2.18180362366408
2.211769072223706
2.344788539768231
2.472358834731709
2.373491746445103
2.2814155244996437
2.165906158244188
2.0259543199260706
2.088593859690213
2.18874849661947
2.2707284189958483
2.412181078595092
2.3695284894048108
2.274676211091169
2.1726366169933944
1.985235575369892
1.9417691335337366
1.943591438212225
1.990769963789899
2.1619201031526494
2.24197489377116
2.3408690436694553
2.3663676360498815
2.269843795167212
2.198229877580488
2.008361763502037
1.881568358102318
1.7668990516909422
1.6781940430442437
1.709784345045542
1.7282062460205032
1.8587745943045402
1.9807282684318388
2.1188894496683575
2.279876051758809
2.3595174339062495
2.481927920759938
2.4834552506628116
2.5180891174255433
2.454813640132968
2.3940838167048955
2.2909503080151663
2.1581275535222755
2.0379096515605912
1.8680197439747002
1.7466149742606474
1.5712867465489118
1.4581658785483176
1.298636910357234
1.1987942596550107
1.0655352728585366
0.98122277530369
0.8768359238047683
0.8087326323989723
0.7314427007734879
0.6794112520195427
0.6258039602776996
0.5894111212571369
0.556096280883499
0.5349772437787093
0.5193493405869366
0.513419469581883
0.5137986285560577
0.5232784987262331
0.5386443531192521
0.5638471268744556
0.5932720755055281
0.6341027604689082
0.675931233973335
0.7310855137372976
0.7819391042829406
0.8479018959286609
0.9017436584249623
0.9719024905575203
1.0196545090653806
1.0841303034215128
1.1145959430150185
1.1615959559653453
1.1644200257546067
1.183708893764157
1.154408761429626
1.1424899809787334
1.0879381058039301
1.052694994616925
0.9932861072308873
0.9540709911363001
0.9179506167206729
0.8975992018200943
0.9054935227345896
0.9156668837905232
0.9631392603940431
0.992659696754259
1.0453235921965012
1.0653269050232164
1.0802396781167536
1.0696664675716412
1.0343026619276943
1.0052367730252518
0.9570246526814761
0.9464128972185227
0.9389359071111637
0.9630232322186356
1.002130992321844
1.0272979430160227
1.0579278659809412
1.0432127262076059
1.0235863344647218
0.9895257710178138
0.9563542034884484
0.9616172016281572