1.7666163465969031
2.323254232396171
3.1073957795433134
2.677706017440228
2.3989783998503538
2.748770648207969
2.8009399004595528
2.568119112753898
2.5959611932665303
2.6819203733000094
2.6964836527442353
2.689604600920269
2.523713230282873
2.595531835471285
2.842655317740456
2.603348456584102
2.417012303928188
2.7277286069923834
2.764438696079592
2.535050088703431
2.540052703223661
2.5831171823933947
2.6933954780559035
2.7121523021176026
2.436233181615716
2.4870605964369683
2.7063211652207046
2.644027152810443
2.582978234281305
2.4343504893893453
2.456464998072728
2.6994114023186038
2.626555846787883
2.516437903275187
2.411056908466816
2.39631143900116
2.6281678131428214
2.617347836687899
2.5360280587500936
2.392638644924844
2.2991719562190482
2.47917565169257
2.5453488337949874
2.6083059821161365
2.4631662876606466
2.2930589793755995
2.28036479422024
2.309550828813235
2.5145046302510803
2.528327592340396
2.5122287706400677
2.3291075051976438
2.193021617750872
2.1645500610290687
2.217263909818407
2.3991238754193445
2.4569048445218624
2.5132760893886035
2.3534897683302445
2.2372960967387976
2.045668284342219
2.0211710114415182
2.0291466387571986
2.1787492191969546
2.300071129561444
2.4300020884228006
2.439010528745504
2.392595833855523
2.2357619588167834
2.0761674183398835
1.8939880512702325
1.7905290895430925
1.730625845360395
1.7783185662339704
1.8632477766359477
2.0294174355265775
2.1733230590226578
2.359833044225746
2.4580583202800477
2.5793461114647505
2.5760505745517146
2.593883229840928
2.49458858444682
2.412865162359456
2.2591472563965476
2.105460526119211
1.941574983437541
1.7527521887361823
1.604385069779039
1.417644546077215
1.2890589259024279
1.1342022844649773
1.0192995684369168
0.9106828378433219
0.8074021151344463
0.740202889324515
0.657055878111625
0.6135482573404755
0.5630079825849564
0.5281436393475658
0.5128271010380724
0.4879427229075022
0.4948551012083905
0.49470771880104586
0.5081929043265192
0.5406369607530677
0.5624383089008835
0.6142006426702646
0.6616319047918087
0.7140435058287528
0.7898602838933758
0.8457900288471041
0.9223219950530176
0.9946195383406007
1.0466532174072414
1.11571732226538
1.1501609481323833
1.172834042856654
1.1920029390014906
1.16553621429038
1.139226906620021
1.098182654624207
1.0300241806874375
0.9826997180455397
0.9361917438439118
0.8954075154664667
0.8966775485576921
0.9135842218913414
0.9413209871348985
0.9988730974726219
1.0464804591730088
1.0685905692254276
1.084880276293176
1.0672956657786141
1.0178598817104094
0.979038814340958
0.9497026851899976
0.9319397948212915
0.9538497507569108
1.0010545394711354
1.0338676359946475
1.0506684092226448
1.0502152632184698
1.0144612491614997
0.968035643183044
0.9528221272934408
0.9687830151084555
0.9962748251095767
1.0277719687753495
1.0457310717123691
1.0245627295370534