6.531339111114777
5.117686882780715
4.960674777819985
5.002190863213838
5.115220369844345
5.155194093990855
5.06407208194115
4.946020727844553
4.9707806642062335
5.148583676683578
5.267610188612644
5.171114090610837
5.026225950684553
5.085604817622386
5.229948509871388
5.153173209493564
4.981172206653848
5.051442139094707
5.1563405785757555
4.983412432891697
4.894867253972801
5.0397261659910475
4.9301039060172025
4.780283785612607
4.941116365071011
4.860486563025576
4.759722369670829
4.962297222092645
4.815758987777315
4.80776571144493
4.890412447812208
4.630429470687202
4.776325629970125
4.637992900438974
4.672315569516274
4.740820281281984
4.550387606890074
4.679243628206147
4.418626896094185
4.650977498049643
4.417264417330448
4.587352418136531
4.297860173616535
4.51165224646347
4.277461925403945
4.463529402204206
4.149346364552404
4.3937702273725385
4.143769809111685
4.2480131606785925
4.1238083784939885
4.097446149626487
4.168632147528834
3.8863658017209
4.148514221094932
3.884155019606899
3.8599520876466635
4.032536355215636
3.6677028974779025
3.8324985235936286
3.859551224812265
3.525011060279289
3.708951636561439
3.739883846440095
3.4165265727984604
3.4570493856484936
3.6863695831922487
3.369102957888299
3.1748324476575633
3.422164545706604
3.4937538372540975
3.1202114982018854
2.940020036645819
3.1851606561056593
3.3737289792081326
3.0946766079176222
2.721352046764978
2.6499592514084362
2.9684048893983856
3.189512965619702
3.087932781415043
2.6738939574508267
2.267336833418351
2.1632258845766636
2.3481505156820854
2.7424320907016715
3.1048251475903346
3.269869235765089
3.237854980965435
2.9915666505214444
2.5980325281478933
2.177123366777189
1.7637421459689548
1.3792744586743602
1.0676780496022487
0.8315701875928343
0.6472515559909873
0.5103788715166978
0.42376842253669533
0.3775308375147568
0.3589599632637518
0.365334145175271
0.40153421956025837
0.470144001573569
0.566155305284725
0.6815954526155934
0.8122482493700256
0.9538302627959884
1.0906910351456378
1.1941797752209877
1.2364337182792193
1.2061548953625896
1.1147656666669805
0.995457360483108
0.8976635036774361
0.8695857073268469
0.9273164456198497
1.0316690001928446
1.1033985159625441
1.082278449269728
0.9881188884211368
0.9161649786897825
0.9441883023523651
1.0351206078056232
1.0685521794105424
0.9999855476955436
0.9375561311933585
0.9828121419253798
1.0543232580703108
1.0209646393688572
0.9520743618319155
0.9892361413136048
1.0468495077067623
0.9936501254010504
0.9591561990026255
1.0246744606803067
1.0155601011058533
0.9594101857902996
1.012317876068373
1.0181792598064765
0.9665995795103616
1.0211104872182208
1.0104911435794655
0.977120651882623
1.0295932994183956
0.9824984680551014
0.9966716741344359
1.0128505121662843
0.9774077530912819
1.0273737579305013
0.9815103735010728