7.863909077071512
7.2646539354552475
7.183870141620508
7.181923130857522
7.032140055002022
7.2098714613782935
7.420066907554354
7.050279481631478
6.999736975465616
7.119279836649626
7.061908690562751
7.297570977651134
7.145748485535036
7.1459185818012205
7.025344485228755
6.9402884866064065
6.9257829568787095
6.85658162658561
6.88730375142243
6.842010019458504
6.845227049982204
6.8325401248942725
6.764729838726176
6.796737279216243
6.663936967588739
6.703672099721495
6.604754215521711
6.569492236331778
6.613318485847581
6.552715875854671
6.611295324939854
6.660972270716393
6.560185049982503
6.465609077998821
6.369719123268351
6.248439496202875
6.2456818935890235
6.351828150695684
6.330494659583483
6.115676066647148
5.978255249138274
6.076136643827017
6.123299712679465
5.918449425331656
5.821918376649077
5.933223134770017
5.776027683504466
5.581282305517278
5.742783369035512
5.613449645178146
5.4444809910599
5.624340016429807
5.34694849039829
5.380803845638876
5.364473244412768
5.123872052666825
5.308265752134025
4.95174212449636
5.181201566347125
4.814720981439822
5.038624015694772
4.660196868633809
4.9007849538211525
4.481384381112538
4.74688713917624
4.3479383010850645
4.519137338742012
4.372657110633783
4.17620357004524
4.429270148826246
3.9440679993569496
4.079598426270795
4.144384936832675
3.667401041097109
3.8856478729591997
3.9650978956669243
3.4332994013400864
3.4497945310512588
3.8146910270626386
3.525677369848821
3.0038110078334337
3.0844669503279407
3.505675076063283
3.514269119387195
2.9533261768636447
2.423684660808026
2.4359547479961874
2.8777468388328176
3.4037710084166473
3.6384663177255496
3.4832631738505895
3.0348085228863857
2.4385829634974434
1.8548415145200339
1.3483887125231828
0.9599389233426735
0.6814513030884584
0.4916389388312002
0.38122629203477754
0.31847191860151197
0.31095306630304564
0.33730384397670016
0.40563807885308634
0.5167951398096393
0.6557853961251116
0.8337606489162265
1.0114047968540232
1.1597597879738986
1.24984768720639
1.2248357337584854
1.1065239266738638
0.9573610901393446
0.8601350786428168
0.8936184876795004
1.0291848360669857
1.1189121678473721
1.0550842786515868
0.9305436362832746
0.9294641167053384
1.0471274398547268
1.069766902363652
0.9591282558643456
0.949314305231768
1.0515195547497493
1.0172206433721425
0.9482343567506007
1.033663001303114
1.0224412342479465
0.9548862355972224
1.035540700538411
0.9912726631400683
0.9772752973888112
1.0326771016141332
0.96073775054647
1.027387702714478
0.9773342611588949
1.0084469388968644
0.9933344142418924
0.9976963670277137
0.9994130131854005
0.9982526756191502
0.9975612272302651
1.0084399598532467
0.989537906091472
1.0213822298640456
0.979055282738102
1.0208292984503091
0.9836840243227505
0.9990091586943365
1.0140315432939138
0.9829071546968012