10.405157020448339
8.993469470598274
9.401547149507484
9.298769349831076
8.966677173800225
9.522639561778126
9.09900825373014
9.203929645419153
9.062492928677216
9.368653065238554
9.086403767814481
9.19497184643687
8.906065308031788
9.150014289120714
9.039371891036243
9.065622970297271
9.144168894042394
8.884557087931356
8.95737251665588
8.94094948266696
8.715356231105746
8.756582606068429
8.828218640118505
8.664785461073285
8.53702420918246
8.6023894384886
8.66872261744864
8.590872838697186
8.443874219933406
8.348407770060396
8.324551257631038
8.31839483851101
8.290153335636157
8.247535099017078
8.207113241018408
8.147843666760314
8.03659899402362
7.9066275100746255
7.837402912629048
7.809927601241697
7.728395006759296
7.643158084766091
7.638992799385493
7.586158981905593
7.474177299115226
7.403522801472688
7.2185535494230795
7.037518890405339
6.953636491240386
6.91128867018483
7.001241418417605
6.8839814218860385
6.677980350557833
6.465809747308429
6.575517716027696
6.541351352554644
6.276931317320097
6.134836621688585
6.296683524245845
6.0121545445802145
5.83960173630746
6.028700952451435
5.617756413364478
5.688800396069986
5.609676290990528
5.337652080109157
5.487272555192138
5.072297309854725
5.343001256092474
4.835362835088199
5.1141622859721725
4.641212423839823
4.866268365634609
4.573744908584984
4.427822584591112
4.610016475904987
4.005001870232292
4.334660397984147
4.184157323699071
3.6371796997521764
4.036726521959361
4.01540936534135
3.308551035048566
3.3299489776253344
3.849238246030002
3.669089279443127
2.8920829605970466
2.5076804709085034
2.8877791336236434
3.554053828893024
3.900287755818043
3.7004532937220227
3.0899672636417126
2.332127729515453
1.6386459497394743
1.1048089245398407
0.7319216269607539
0.48807006166174
0.34761775827735397
0.287598693320436
0.28260389658863255
0.3246435064292549
0.42171946573658126
0.56665946034833
0.7482456808081601
0.9605810939768477
1.1502305902044148
1.2508529365352594
1.2327200633331046
1.0811716523393555
0.9066422430540827
0.8554715077540597
0.9665700431233847
1.1116970400916684
1.0747401885564476
0.9362640728496319
0.9329527669225701
1.0702976069594168
1.0348499592597362
0.929256039769567
1.0222174866050913
1.0413617697714486
0.944748030129852
1.0319136245875824
1.0051977127223999
0.9700845312647388
1.043758628887377
0.954857282086168
1.0403027700330865
0.9704719297493339
1.024780979941312
0.9737658998171412
1.028137158885112
0.9740544132917025
1.030596349573745
0.9685307879060251
1.020419312276008
0.9917505027383736
0.9908875713367622
1.0263071533041246
0.98174911127659
1.001956270008428
1.0218472999540287
0.9851286382845194
0.990116408017747
1.019501950582408
1.006935180502293
0.9832595724403194
0.9918561662817057
1.0143121352511844
1.0182409218395028