6.523223231529374
5.7392848995626595
5.6801701242105755
5.63633169985988
5.582193320967671
5.515295464017485
5.447330500029977
5.402037188956987
5.40733247080731
5.478442840309117
5.597312094296391
5.704699884823254
5.725012881380654
5.624646369677899
5.462120657384071
5.361875087066727
5.3963084039849685
5.4876648753047705
5.487346706858606
5.388497592520633
5.358128027462823
5.449553452945891
5.449756589489717
5.267093291330217
5.20568511056391
5.388221557951148
5.3923480813172455
5.140677845240232
5.160597015982779
5.325376569053736
5.1503720532640855
5.074043865934922
5.197081754921867
5.043902953156196
5.053419276358052
5.080552191143817
4.896781897094832
5.059630547083252
4.879785651829451
4.8599518775177
4.963542234011743
4.67963216157815
4.925685282213377
4.633589031519875
4.7893594389201
4.616607453608526
4.667596791521938
4.553944216814379
4.590248797786253
4.447337074925572
4.542524391698308
4.314591532423105
4.505564055860372
4.180994711193733
4.439729153190396
4.104847518307147
4.2734877535080305
4.146646130957505
4.001158754216313
4.206741313111167
3.8474279517512655
4.000711643062943
3.9838504455365067
3.68062240202552
3.8877342772961296
3.829702158891537
3.495201034681798
3.7029737517883743
3.7554749923801802
3.33602983319212
3.381434215589832
3.668458749708635
3.393914484712222
3.034205885305204
3.213135590038033
3.4758128987641346
3.2629368487191925
2.8331489629084645
2.739482357891308
3.036075734977721
3.290119659494055
3.14437784332225
2.6801352853409526
2.274219375694621
2.2227343415394127
2.5287037410061144
2.970995273660694
3.2999755764088126
3.3761559266247887
3.192458817798848
2.823977405888153
2.367599969488704
1.9040410219132529
1.4848911620639436
1.1348805702428013
0.8597959415961434
0.6545972504915305
0.509646976627875
0.4147381701003641
0.3612978417265094
0.34329384733978296
0.3572893748243942
0.4019150959836154
0.4768482840579841
0.5812670262465783
0.7117572941891449
0.8598725201759121
1.0100379352812965
1.139188607398657
1.220071053128921
1.2297458004896762
1.162508660084828
1.0418933887515895
0.92159871046853
0.8653867196762801
0.9074698827007729
1.0168408590065205
1.1042583825046433
1.0902988478200846
0.9894406288620876
0.9135391242697418
0.9525197839943668
1.0507887914230376
1.0664332576149809
0.9805124560358298
0.9410614193924125
1.0140131753036299
1.052128161955083
0.9797899742030194
0.959913844832279
1.0363139621471147
1.0212278864918662
0.9544934622159945
1.012128495851706
1.0342716933363219
0.9614239111416948
1.0069775284119908
1.0268957908178598
0.9656510184701402
1.020137992117962
1.0021027724740226
0.9819561944648056
1.0256469557453836
0.975103909493992
1.0197712647047985
0.9888710322417439
1.0021276960943177
1.0069829250588167
0.9863629616670484
1.0186573255470521
0.979273416985749