9.36508598229332
7.7740146076115515
7.649605619219271
8.118920050818302
7.503620264383433
7.9496962328417
7.8406847666664
7.686093085953437
7.712103318160498
7.922566813786684
7.692673132265141
7.661340901286979
7.613337866829449
7.871419532965782
7.671266546925245
7.61876303134359
7.519662766548515
7.482280787684775
7.66131686884494
7.615145289800874
7.5668663185885965
7.5794285940153925
7.434113273273928
7.308793561886476
7.3112812268149785
7.271802854106382
7.163420844727832
7.108559831586932
7.116779666475627
7.100140775648377
7.029222640955842
6.9526286112465305
6.91790864852277
6.928849261475281
6.959929364562715
6.979783537042319
6.9588318508993385
6.873509850757901
6.724652146534492
6.561842443048188
6.472159604741821
6.4994259517013235
6.5540094163671645
6.473821603325894
6.263684381967366
6.165067257670817
6.265804577305335
6.249282221733881
6.003368160127354
5.964884299289682
6.097676007822035
5.87546869596349
5.731817904736522
5.874257444643953
5.585041463925092
5.537437743294216
5.632848718844253
5.310148543717788
5.51167701565998
5.185323975875365
5.243779139657607
5.121924917246873
5.052533121308338
4.983703600989162
4.857609890976859
4.8165138112540316
4.762395548547176
4.53028274096115
4.723895551268224
4.26159507866735
4.578917014875811
4.191489614297299
4.153646664789936
4.344318433967354
3.7947423886373284
3.9917337990217026
4.0977490675626225
3.5139392531551543
3.5981004147449354
3.93003804822202
3.5172511923896828
3.0276667094484497
3.2943656826857395
3.691679240849237
3.4182887113956233
2.7590108755769274
2.40180675921733
2.6909314263199096
3.274693275547763
3.6698702850862013
3.6675350622837093
3.266120376992935
2.63959658374705
1.9974414107128688
1.4432418877097042
1.0054822910408205
0.6914622544157695
0.48863078831811474
0.3698064924519943
0.3111990167227304
0.3000200616764785
0.3320203824135894
0.40777457472755824
0.5284262079598135
0.6898626252513502
0.8772129362686144
1.0617053000890593
1.2016211774500973
1.2519052446438637
1.1878366792936192
1.0370187350984843
0.8911479729829582
0.8594042790936258
0.9677531538385182
1.0989057956115633
1.0945154376011237
0.9657413757394262
0.913332064575455
1.0198571271714145
1.077166162207974
0.9716384460757362
0.9423372999298837
1.0487837187788815
1.0136961427464652
0.944785370029545
1.040200177017473
1.0097272507501944
0.9638650725564852
1.0446909264234023
0.9668578024539933
1.0085431106387908
1.0115532460105003
0.9807909795542685
1.027419047791003
0.9670685706451121
1.0327873230662996
0.9720961337005857
1.0263483873537527
0.9738504257680209
1.0243926829102017
0.9835571055141218
1.0046040976733865
1.0093961487986196
0.9797194724179419
1.0244311093293206
0.9832312905305443
0.999576755301166
1.018155281917962
0.9789031507985338
1.0051961727019443
1.013992681688567