10.963253634370945
10.956523908695493
10.91178221374377
10.77350407351822
10.666777760180315
10.737370382410562
10.92710622051081
10.950013495572364
10.726071637822141
10.637960753405848
10.816098554498202
10.773640828169082
10.62662027584149
10.848374430055065
10.791921894769969
10.592826070137049
10.681984942515307
10.4213953478594
10.623353008364713
10.490521243649116
10.439577218284366
10.309009651408818
10.413218064115467
10.21125739778903
10.256393355931916
10.089575999483884
10.159459412783614
9.972740621798675
9.935555490217318
9.950750914400178
9.77692317642033
9.650988823029861
9.799490677266297
9.55087084311575
9.422569196371116
9.379816301085619
9.443812430977983
9.32232284946526
9.084252199723762
8.984453282095696
8.878564786612417
8.852180594121398
8.868967825186699
8.786535149837174
8.676932691933013
8.606943639084772
8.522284870665741
8.397566210829579
8.272603265359411
8.173049599790279
8.07979469328837
7.957640803588211
7.786237067650669
7.577428289616594
7.384186111327047
7.281701266113244
7.290618921955687
7.291583624092232
7.1068622435600854
6.796343161632199
6.697059172408314
6.8115729521237105
6.628611980120044
6.280049588283349
6.389948020639449
6.291399333363295
5.870413957287114
6.0689813118208775
5.742427786793634
5.645463485174509
5.676346432185198
5.248414229808333
5.473283074085381
4.971721095727786
5.229226047208383
4.730595690652254
4.866134314156052
4.686648366822371
4.2966947085119385
4.712997650634733
3.9935060492613004
4.07161311368284
4.3637213320692885
3.6092361686893124
3.4402194604775307
4.043573240363076
3.817103598851686
2.9417830701558763
2.6375653033732185
3.231724929331292
3.921175168889524
4.038434723631325
3.5467073775886377
2.7207114566716117
1.8840682625819316
1.226096578526395
0.7744982090178395
0.4906868453977512
0.33205142017752176
0.26437738132912275
0.2649961111896203
0.32366830658076345
0.43816024345503396
0.6068725996814593
0.8191239795779591
1.0426143800792256
1.2155170620660993
1.2622755815097708
1.148797436569192
0.9512409229297532
0.8461587058984947
0.9444509666040408
1.10610047502237
1.0786790292385748
0.9218088689798056
0.9519605001429661
1.0820217777830252
0.9890981062105872
0.9414488005347715
1.0669562205664853
0.9770101203250097
0.986680834512578
1.0405003740991332
0.9484177018866581
1.0497896664834983
0.9595960609749355
1.038273758048213
0.9614468128102929
1.039737828034303
0.9634159768550902
1.0316148444737283
0.9795349208269613
1.003826524612183
1.0167268225571806
0.9724051917734825
1.0180356929650003
1.010141918375471
0.9726721736069543
1.0097108136539745
1.0195883034311537
0.9915711564107045
0.978779970822952
1.0025583415750692
1.0213068989696827
1.0103733760997433
0.9960545545038227
0.9832783234864898
0.9816304683182783
0.992108195255226
0.999691737631214
1.0031622552874147