2.819621570282013
2.8182937240642123
2.814315949783862
2.8077055084829494
2.7984910618190293
2.7867125125691845
2.77242078257732
2.7556775293790383
2.7365548030796694
2.715134645394811
2.691508633086238
2.665777368338319
2.638049918919265
2.6084432112562155
2.577081379821873
2.54409507648206
2.5096207436865394
2.473799855599172
2.436778131456323
2.3987047256142606
2.3597313988953044
2.3200116759691114
2.2796999936080176
2.2389508447342523
2.1979179232308548
2.1567531685076258
2.1156063573362474
2.0746236257535022
2.0339471098052035
1.9937140566618392
1.9540560782945893
1.9150984401215567
1.8769593891202587
1.8397495257286411
1.803571223657585
1.7685181015142946
1.7346744740731577
1.702115262830264
1.6709051246500994
1.6410984969009186
1.6127395421883044
1.5858612906012903
1.5604863826671342
1.5366268114905255
1.5142835762147557
1.4934474526153194
1.4740986691711675
1.4562074757724528
1.439734432343517
1.4246308340330178
1.4108391434201164
1.3982937888830254
1.3869214313318265
1.3766418749850318
1.3673687441262432
1.3590102662733943
1.3514700997969187
1.344648200288867
1.3384417195137739
1.3327459303265197
1.3274551705280135
1.3224637982520735
1.3176671511420934
1.3129625012903348
1.308249997681696
1.303433587714021
1.298421909264172
1.2931291447391184
1.2874758094213372
1.281389582200405
1.2748058758969019
1.2676685366856384
1.259930363853895
1.2515535647698255
1.2425101182147287
1.2327820404433671
1.2223615565173696
1.21125112730846
1.1994634468355656
1.187021246471506
1.1739570300558917
1.1603126890037117
1.1461390079545397
1.131495064016515
1.1164475225616366
1.1010698429351737
1.0854413853783984
1.0696464439585085
1.0537732070745782
1.037912651199557
1.022157413829869
1.0066006205249456
0.9913345883232492
0.9764497626546632
0.9620334025922467
0.9481685136896938
0.9349326238555306
0.9223967699867842
0.9106244738301977
0.8996709129704203
0.889582019657131
0.8803938703568441
0.8721321252584133
0.8648116270546639
0.8584361526364076
0.8529983251919425
0.8484796920251584
0.8448509710358414
0.8420724662751351
0.8400946334591353
0.8388588914440703
0.8382984201308383
0.8383392686611074
0.8389015107985783
0.8399005309357107
0.8412484057632571
0.8428553608293001
0.8446312791825927
0.8464872375746896
0.8483370443361337
0.8500987520893802
0.851696117955976
0.853059983892077
0.8541295502719006
0.8548535168516139
0.8551910667957437
0.8551126715330294
0.8546006968165671
0.8536497934700656
0.8522670598721822
0.8504719672164808
0.848296042925764
0.8457823122255003
0.8429845027103381
0.8399660179611775
0.8367987171190626
0.833561465074828
0.8303385498690051
0.827217942505752
0.8242894526564486
0.8216428069000086
0.8193657254669914
0.8175419361748375
0.8162493341851695
0.815558119537878
0.8155292053021959
0.8162126591464112
0.817646480459599
0.8198555099197056
0.8228506976268309
0.8266286323788044