11.908094391487408
9.819777913213052
9.923450467674414
10.093212760976725
9.95332023551142
10.108140959757787
10.284483128142641
9.930404212040834
9.953783953316298
9.971491400148777
9.737346062968737
9.959766527896605
9.716166840568068
9.884576776780856
9.699665509036626
9.807758896043405
9.628278809825607
9.760206574704732
9.543783018910295
9.741874600434093
9.5434541458822
9.640100728035495
9.606611619552236
9.361587325426102
9.443351835949649
9.351957356248247
9.217830254269032
9.314229429732665
9.255820356980458
9.033278259718742
8.984676764412063
9.02752838126661
8.98770045447075
8.919018703003546
8.733194006487578
8.566363169410355
8.577462659335215
8.512043389543727
8.528600424726212
8.479404759364218
8.409652578995736
8.346854964789534
8.243254548379822
8.171798623683936
8.079511776472565
7.982107553689685
7.907766559947559
7.746296520085731
7.639611950687539
7.437003915688297
7.270785170366552
7.207697684371179
7.177614603348392
7.197349147815402
7.127376819620124
6.854731141824709
6.634470626786108
6.70056053078359
6.734382880665817
6.419104284819299
6.248572892939993
6.385532490131371
6.103953906164573
5.904691978589987
6.094749861355088
5.682158322246581
5.752148380396465
5.631445646394164
5.368884071752466
5.50801971253301
5.0706784412179875
5.307474238859392
4.833330273633859
5.037606086583589
4.685331568774346
4.619370109764025
4.685969850739501
4.115201711619211
4.545047816984524
4.125882409681673
3.7935126146959406
4.276469730682956
3.8523492508550956
3.2625104914835585
3.6791758335223164
3.987667906279723
3.3470456885424604
2.6398882405214383
2.7351570682620765
3.40507197515124
3.9441438812141665
3.8847578008135715
3.3091731231530153
2.5237788651632567
1.756705066083523
1.16740627713762
0.7460654592774452
0.49023759582054693
0.33970730049428605
0.2768646840062646
0.2735696412117644
0.3233990654169359
0.43013389364346927
0.5814728120823331
0.7870847521001288
1.001691171193517
1.1848194292583898
1.2689997356801515
1.193030765593515
1.0159248877523803
0.8667882075309644
0.8834356295787839
1.0438165216835293
1.123333794940227
0.9987853517192253
0.9036938072883907
1.0196472778000532
1.0739238295460536
0.9468849210202379
0.9866816497217503
1.063947010162211
0.9478832024663632
1.0135798886580702
1.018291365448763
0.9576190285119552
1.044591477713171
0.9540529424640043
1.03855484148771
0.9619811085320463
1.032925039218982
0.963276744410684
1.0322261358290399
0.9665249174078215
1.02285423395255
0.9927449855304387
0.9913389959093707
1.0278040166899174
0.9769519411182197
0.9995433458822992
1.019946814629721
0.983779241420206
0.9914891094024298
1.019265584220965
1.0057581726725617
0.9836445871688803
0.9884739912502761
1.0084691845006846
1.0198431867453817
1.0069449531086578
0.9899285673786381
0.9859117450702205