15.693756659139284
16.983895343251223
16.485835416914018
16.61418669558995
16.94299980144241
16.41635637163303
16.599732916683774
16.49177017780992
16.66192748771498
16.653265499656513
16.371019015644375
16.505129957307926
16.31633811923236
16.11916869209811
16.22307634465187
16.2267558004843
16.0399077217762
15.902634053815545
15.902537328646213
15.939171605578197
15.902858051886886
15.77323715380746
15.629210678956232
15.560796460914458
15.513553937783763
15.361199439114786
15.214137892315323
15.174152461244583
14.982020920109326
14.75187515179067
14.605034296611777
14.399216918762004
14.464090089429085
14.329643204902913
14.125520509766632
13.833810828246808
13.930078591410275
13.682085923551215
13.401374058756431
13.49969669327132
13.092471065731155
13.06998842023758
12.855672665228644
12.746625943909985
12.460055135402337
12.409534218977255
12.056210882877737
12.13150970719452
11.781952745458826
11.594678645325187
11.596890645585585
11.254560056480964
10.959583074764744
10.925263000931555
10.847793018017981
10.579272943544836
10.242321483416449
9.960760093174692
9.756337210329109
9.602958291455016
9.464890470611401
9.293708475849735
9.066243700118154
8.829153215620925
8.59786644811765
8.324610153605784
8.113806179486607
8.035956814499896
7.989498903309171
7.876935157779148
7.438040424558013
7.06085011622841
7.090665365782389
7.068260844842912
6.440791418492557
6.45542285682475
6.420861006365183
5.757804418549908
6.124617924552187
5.355576694903114
5.718265311990368
4.897926366506859
5.404483968343688
4.457795911271981
4.908757332041914
4.527822815417023
3.7854350406055444
4.522318405563215
4.174667951308152
3.025600707955419
3.1649915096968098
4.16512336230286
4.517721390569201
3.8417587033687823
2.6938298312565925
1.6451021152631369
0.9234766813717098
0.5076926971258806
0.2991033277548215
0.22097657182697755
0.2360639929906222
0.3255918145190509
0.4857599339244931
0.7235496161081617
1.0003021842391258
1.220336943632247
1.276119307348464
1.1007211016886442
0.8751528029425999
0.8811227337495507
1.0891065396439679
1.0855932803081205
0.9060669046626564
1.0065524854954218
1.069756490024693
0.9215259579261145
1.0592525851267958
0.9682243797870707
1.0200011409220564
0.9869445261565544
1.0142778978204943
0.9768985386313653
1.0403755611072236
0.957975862835425
1.0318791839291983
0.9994441382308604
0.9659639587304497
1.0234360218185297
1.0161985962337894
0.9720982577755399
0.978269900370117
1.0123125847503756
1.0267103380453955
1.0167924062251565
0.9997343306481763
0.9864559309266279
0.9789103526866122
0.9772798444394445
0.9803398561762178
0.9820925744920418
0.9813664201465955
0.9880191838013191
0.9995447149696693
1.0083528148670573
1.0179877895219134
1.0076432030357012
0.9902651212270653
0.9870269760096495
1.0076618744388681
1.0102361690724018
0.9895910646204548