0.6615277291738654
0.6644469871327445
0.6732105709829869
0.6878332501557604
0.7083309664952729
0.7347084920328806
0.7669434448920258
0.8049678624815014
0.8486487430557581
0.8977690911774016
0.9520110311550213
1.0109424822888418
1.0740088114013269
1.1405299968358953
1.209705434908576
1.280624866397581
1.3522868953306406
1.4236236053713072
1.4935312470367281
1.5609058329733487
1.6246796595439714
1.6838612204477807
1.7375721153102532
1.7850829100741379
1.8258428028373537
1.8595034034245246
1.885934451449956
1.9052305197409014
1.9177080673059343
1.9238926833486594
1.9244968607160613
1.9203891273316962
1.9125558213273766
1.9020571949324487
1.8899798516808393
1.8773877431196773
1.86527406190323
1.8545162297026074
1.8458370084584936
1.8397715273124822
1.8366447215935908
1.8365590963545269
1.8393909663156551
1.844801544746673
1.8522552307918267
1.8610497441680454
1.8703532232732842
1.8792485869167337
1.8867817489878653
1.892011719423299
1.8940600025201013
1.8921567970212374
1.88568164613813
1.8741965110447043
1.8574694369421134
1.8354877963983711
1.8084602473668285
1.7768073726073907
1.741141462516965
1.7022364616192525
1.660989779359682
1.6183776124417533
1.5754065662878773
1.5330639491150864
1.492269194087968
1.4538289721087545
1.418399420592355
1.3864558509984275
1.358272683608167
1.3339146866521636
1.3132395448185794
1.2959121490446626
1.2814290053812236
1.2691523755152134
1.2583514707561032
1.2482486189491677
1.2380676772634793
1.2270818525804288
1.2146580954692505
1.2002954052641988
1.1836547173903513
1.16457852491395
1.143098994173339
1.1194339954938424
1.0939713262233417
1.0672419370817987
1.039883962102432
1.0125997133755393
0.9861084205048365
0.9610980159613214
0.9381788076388986
0.9178425174922922
0.9004294908266216
0.8861061400360798
0.8748547302905824
0.8664760616766523
0.8606051315529825
0.8567387983828405
0.8542735993504755
0.8525510909553491
0.8509074651167359
0.8487237962559171
0.8454731370502959
0.8407608243857364
0.8343547844933948
0.826203317521847
0.8164387544102769
0.805366457160465
0.7934397843401827
0.7812227809969715
0.7693434934116228
0.7584413621765479
0.7491133883784806
0.7418630419924869
0.7370568205971954
0.7348919020251669
0.7353782750569697
0.7383370006601941
0.7434151820127025
0.7501166614497677
0.7578460321881011
0.7659622694948618
0.7738372876793934
0.780914122644199
0.786759301288828
0.7911043257706352
0.7938720635250125
0.7951851358063163
0.7953550350371933
0.794852532034709
0.7942617880854245
0.7942222752274066
0.7953640073274182
0.798242326441691
0.8032789148096463
0.8107152610291053
0.8205835300123432
0.8326985199905382
0.846672010598625
0.8619486315294432
0.8778600254463075
0.8936920080683926
0.908757836962582
0.9224697916811018
0.9344011770177714
0.9443316406550734
0.952270303882617
0.9584535005312956
0.9633166789468607
0.9674429521438239
0.9714935525282158