24.357269172792336
21.921510372005898
21.60014270999799
21.50138308266732
21.6962204837363
21.7420289179796
21.447391266606157
21.425325375347906
21.42106008432242
21.03724836101841
21.11924405230962
21.016229183555858
21.214846379442783
20.908013116402337
20.81069899924438
20.75684463081072
20.748375035508545
20.482643323662142
20.50128081316652
20.234932103982167
20.373970628957643
19.96172779694576
20.0034953544379
19.66062444471303
19.69765702356759
19.583166360105114
19.272800478068966
19.25913668583016
19.16290623472774
18.849293969187745
18.575852592546397
18.42478529514395
18.304426003086004
18.162157579205758
18.014463276576674
17.853173315285936
17.625637309096128
17.373925101949293
17.200978479471697
16.96971715767113
16.6238829474807
16.355580729203172
16.053549380823966
15.979849071847786
15.828086673357575
15.479249771670087
15.10681439412289
15.131201732663861
14.71089342258442
14.436028270134697
14.370976003814249
13.87766501247744
13.840780372766105
13.361229370623656
13.315291705718616
12.974327024124754
12.61278502671289
12.58334050228855
12.119264095701594
11.7607271631255
11.708195777161723
11.516665612297816
11.109799183887748
10.702617061152422
10.397252336372562
10.154479541355126
9.92307189266282
9.69041514838867
9.434466484943277
9.111509570802426
8.76129185286907
8.463032082870388
8.232744585627907
8.180181137806875
8.10643786090251
7.666993231674689
7.083294956270785
7.082542328392945
7.065201850608043
6.285423413361145
6.429885504046986
6.06301201484395
5.669446763307458
5.715264794190548
5.145462196134356
5.053945160497945
5.065365656367838
4.042880442099952
4.8683878480728815
4.294312430220148
3.0924675655965577
3.687990488788963
4.723768397228315
4.52011615086168
3.305959212114101
1.9890042418486165
1.0544180528085532
0.5297853892228515
0.28200540850236566
0.1986598150514785
0.22307711038387593
0.33164235077541554
0.5246597652768639
0.8045338069432731
1.102595438756174
1.280517637900491
1.2076222830647187
0.9373036432592708
0.8474639735269364
1.0556010221254313
1.1050947706948198
0.8997932983617569
1.0291051154057662
1.039390078503722
0.9372387862069971
1.067991721286338
0.9386643834139418
1.0595652103337705
0.9558111650445527
1.0189866285851767
1.0128545476783721
0.9576408992947131
1.0333994189626745
1.0165360193497404
0.9649397052238571
0.9861068280091563
1.0248877937036687
1.0283705504894303
1.0083091740372827
0.9899139004356132
0.9815893102822026
0.9786104436736233
0.9762179169695935
0.9779521630586041
0.9859363081290817
0.9939111118164268
1.0075829479654346
1.0210067475672702
1.011027193620911
0.9920026526982856
0.9827413121892775
1.0112517758748083
1.0086647299962876
0.9853927611698323
1.008255938271511
1.000441495177193
0.9930834770985342
1.0115896729739946
0.9878538117261635
1.008512638285011
0.9942378334074539