1.213905550459086
1.2170901604363467
1.2270911371544482
1.2451343148908818
1.2728991287883933
1.3120452657287218
1.363680569175764
1.4278716990786469
1.5032926231278028
1.5870824556244494
1.6749482032739367
1.761504749159609
1.8408061375675335
1.9069874701780778
1.9549218588529056
1.98079548575614
1.9825196651619157
1.9599280470779323
1.914743019726718
1.8503318134873674
1.771303059944556
1.6830135957704966
1.5910606840544979
1.500826255088909
1.4171203132400547
1.3439476097683536
1.2843919863148336
1.2405969798825807
1.2138066130346636
1.2044290505663782
1.2120965374379462
1.2357079031355596
1.2734591011399308
1.3228810963091986
1.3809149802473115
1.4440492479107387
1.5085365344543176
1.5706895007002946
1.6272260568112413
1.6756275400357967
1.7144450000794882
1.7434961045902646
1.7639034710971424
1.7779436454722881
1.7887116890433237
1.7996373634484963
1.8139202848674185
1.833972567681018
1.8609616677228142
1.894538847623794
1.9328072111904857
1.9725492970350416
2.0096853700805197
2.0398956314645176
2.0593057765358886
2.065121452316677
2.056101486684541
2.032785758540295
1.9974328588307384
1.9536723110352807
1.9059283553572548
1.8587105062350258
1.8158931690887996
1.7801076913967415
1.752355527675333
1.7319071983721337
1.7165057845476919
1.7028373154141845
1.6871818634173923
1.6661270667626915
1.6372140267433726
1.5993979973650525
1.553240516029487
1.5007995154538587
1.445240489267746
1.390243888962499
1.339322483226979
1.2951799432475333
1.2592323616156083
1.2313846023835993
1.21010250903258
1.1927645758289036
1.1762214214478184
1.1574500756425843
1.1341710001033016
1.105303128017913
1.071164991309061
1.0333819733073526
0.994520626369466
0.9575279563058782
0.9250957606810326
0.8990859013665802
0.8801410825663418
0.8675657705724357
0.8595036355203819
0.8533724286081301
0.8464592496907118
0.8365418292247354
0.8223938237301092
0.8040568825041527
0.7828147224796328
0.7608734016992597
0.7408215277347362
0.7249983567530854
0.7149220198999994
0.7109186793182152
0.7120466475374877
0.7163381723280657
0.7213022880190387
0.7245645896781976
0.7244816943678595
0.7205705804931278
0.7136370923378083
0.7055639651779548
0.6988081110166212
0.6957362632269725
0.6979757620721285
0.7059584066841921
0.7187877942662872
0.7344748066922429
0.7504841847807397
0.7644452499777754
0.7748279812191063
0.7813886586076664
0.7852491174549684
0.788575824588972
0.7939416509585147
0.8035505891639677
0.8185533046715459
0.8386630353643502
0.8621976693652802
0.886548523574507
0.9089445164390784
0.9272835260051796
0.9407727522175265
0.9501700625459343
0.9575369969692488
0.9655670066483909
0.9766920422740412
0.9922506173471232
1.0119914709422948
1.034087037039079
1.055668592584351
1.0737210448722398
1.0860482635526971
1.0919851392532873
1.0926070803849997
1.0903513757233143
1.088165459862278
1.0884662380906733
1.0922709605638345