27.203257487428615
30.179583489649815
30.22910305872524
29.918994688842226
29.855028667099972
30.10766956838167
29.817869269279665
29.66942326701292
29.916146625224997
29.673470914219173
29.85678565218583
29.32811940044422
29.458932090169277
29.40513278501657
28.943708915299986
29.14781624285509
28.900755376915427
28.667436220862978
28.33091609863801
28.341618428221455
28.117691746752882
27.998347638421137
27.879218686339154
27.589483059168874
27.28540176232594
27.0166682858128
26.73756109684062
26.490344069130234
26.35667128948047
26.202973304775345
25.783865731725687
25.4283273866007
25.337115080978755
24.816259960012843
24.602054944922177
24.25825346539273
24.04561006904551
23.606502460442563
23.42025904737829
22.923658181733614
22.67252205962726
22.45208424197914
21.956026517985176
21.510197414934638
21.224964568181854
21.00356000348469
20.651658549921052
20.336189123877567
19.987330850646405
19.581092346974202
19.172835628254976
18.74262682007014
18.261463508288575
17.81822164399728
17.563385324690845
17.34141729911249
16.772177751933015
16.29882244526225
16.166856533203788
15.4737134590378
15.313782177285129
14.744488427258592
14.585784638701552
13.883249674193078
13.827269023576038
13.241276283640318
12.72996970299544
12.657127330159588
12.253060436067734
11.672242732211478
11.135782742233848
10.789650495240322
10.479119296883933
10.131910569001082
9.764614706237083
9.34443519901642
8.881223064805637
8.484753874101921
8.311591684896575
8.284525282525745
7.863383482488967
7.017977355071843
6.9890137598380635
6.949554158593909
5.903558567994419
6.439973102590535
5.217180669863339
5.8848055100375785
4.438679002805465
5.244775307342717
4.586717579711564
3.2903896512245803
4.338334425869019
5.184951505706636
4.23582770255744
2.585574913199913
1.2845746067615595
0.570834881811486
0.2640907271861511
0.17463870454395578
0.2089370369105306
0.3431820731143381
0.5848084857295793
0.9161224228054528
1.2210056656191464
1.2834060361509174
1.027947077276851
0.830625980223572
1.0373451631280128
1.1069053020330413
0.8929020716054668
1.076710766891402
0.9602120771137609
1.0279753309018556
0.9682660140588573
1.052488950990709
0.939092239705696
1.0413574486250068
1.0160217185084266
0.9528037240749356
0.9968202233690515
1.0382481767700258
1.0294371630680323
1.0034112934856088
0.9813521823152904
0.9764966066002482
0.9770802246965209
0.9787744123378475
0.9875753907665803
1.0052357900336966
1.0227175273997298
1.0200674985276383
0.9920870230890533
0.9829808537856397
1.0157605301579562
1.006577442599966
0.9838364128571726
1.0167688281151546
0.9827193583701288
1.0151334837762607
0.9863535693060729
1.0144311812744629
0.9888329708478278
1.0000603262070762
1.011563047852423
0.9947773605353969
0.9873377506915205
1.0033973854159992
1.0097465871672517
1.0117325399482442
1.0067436940156778