3.365605017438429
3.0461477396330814
2.3736050893120373
1.8401298404400765
1.6746317223842018
1.8603673144884663
2.23092692084739
2.4735815680891555
2.3721132808647534
2.0496923538520275
1.802146434046698
1.8067762632126725
2.0381184726366444
2.2997245881690933
2.3645739947077042
2.202300232743001
1.993637994379252
1.9029846486310134
1.946657752263234
2.0437748181107818
2.1068400068222535
2.125076479877837
2.15702029577263
2.2009041877420676
2.165048031441464
2.0179330286814245
1.8640942334715989
1.8362568152435628
1.964258558728051
2.140771438012578
2.219960590231174
2.1778608247714826
2.11473913264366
2.0820842321257373
2.022755841894947
1.905618130627798
1.8076758414386827
1.8276633205735626
1.9627830927816492
2.098156754173104
2.1417925089031216
2.135176328976039
2.151429820205078
2.1465645964481785
2.0398281084849526
1.876839509759253
1.7788253497146418
1.7765124183045466
1.7985739493579571
1.8052851937944363
1.8518907361252126
1.9806093895887247
2.1126598479864755
2.1511013740227103
2.1347776542203127
2.144329083220262
2.1331517562275284
2.024537416364464
1.878052830436301
1.7887156487025866
1.729113757923855
1.6378636123290964
1.5591127312450512
1.5661000382075572
1.6270975707895774
1.6686441798128266
1.716031873950908
1.8329742845889134
1.9704043915979592
2.0478048201832375
2.113892141819778
2.2267808532843287
2.30609349312866
2.3042797015937433
2.3125278306639614
2.345084553294118
2.3057985134075425
2.220356296062516
2.177700141926324
2.1222087816287365
1.9995203989736503
1.8943107333282871
1.8260419813065312
1.7124168391300056
1.581575482506259
1.5011389572143947
1.4142271687084695
1.2921457463555601
1.2058464143349996
1.1438585916851225
1.0489361919484848
0.9665211610243594
0.9220900921405354
0.8579986370434024
0.7876898141768948
0.7553278589461216
0.718152344966441
0.6643567386814423
0.6418503311735843
0.6261709310203742
0.5900636944218619
0.5773812401699311
0.5792329405535932
0.5603702193401496
0.5583980139191353
0.5757941352610368
0.5732994096600532
0.5829727223255989
0.6151373968086715
0.6279004380400626
0.6494434008695337
0.6954320257316785
0.721327613653748
0.7532415562941609
0.8102389513758113
0.8446961975787111
0.8825148676996389
0.9441833464833711
0.9788538274696732
1.0143564612177534
1.0701613522191846
1.0930598671485348
1.1153679939802277
1.1524268964217785
1.1512866254851355
1.1513370154496343
1.16000464662614
1.129508012815464
1.1075204200178024
1.089316597211206
1.0391791485869857
1.010350974379021
0.9821170669966875
0.9379941480614271
0.9276710781388031
0.9134341168537446
0.90254442336526
0.926273827775029
0.9362917298092995
0.962410926865182
1.0039403860706824
1.0196514032546231
1.052809720853217
1.0703242035867635
1.062385385684721
1.067636156435202
1.0399078072928076
1.0119243028088991
0.994020571269547
0.9568775872839568
0.9517317446586901