3.558727921599055
3.0656095990905357
2.221854672533835
1.8416526009705856
2.047518897133606
2.5114473557814248
2.625584570546103
2.265465413124871
1.9540986486921765
2.0508520639356846
2.4114355407448236
2.5613178617404855
2.3191006597019395
2.0500111854272323
2.0628918415365236
2.2750734933525125
2.3971874000587046
2.331928681730851
2.2544322141682858
2.2171995197707957
2.149721804269685
2.104134807665615
2.2010607733399006
2.3949866588932296
2.42014143402911
2.21094629221177
2.040842180209415
2.074015429799328
2.187812756412356
2.2398245805770545
2.2854318476332107
2.353653166341585
2.281593093593023
2.077057740757029
1.9806933180148685
2.0657385890026068
2.168201612200921
2.2113343925646265
2.2911222987549946
2.3441425834412724
2.2167034292938355
2.0382819686562104
1.9854445542128003
1.9877753355289727
1.9815883881597534
2.0716869746296593
2.2418011895023713
2.2931283249102776
2.2411083397393874
2.216330700016507
2.1223909234704306
1.9442745834308668
1.8613984089865632
1.8708898388576167
1.8662690441344103
1.9261493236300202
2.0857444757683785
2.179051202874818
2.210429994399152
2.2771157589135025
2.245088637069105
2.114287588625641
2.0311880403145923
1.9130762980191935
1.7516500916919904
1.6863261281608186
1.656220772103683
1.6167987228732372
1.6788063729184342
1.7833602564098336
1.8531830108431109
1.9937541506549867
2.1375229446732797
2.207106718296409
2.3243075965851694
2.3986828649417222
2.3922989831224943
2.4306048348010796
2.3946887985415786
2.312758138442153
2.273664808233702
2.1509826106792356
2.0363390642581796
1.9453180813707636
1.7873652385044139
1.6795003117252174
1.561941365182672
1.4173142566335222
1.3304338311185644
1.2082144853177599
1.1054333473536957
1.032803820429042
0.9279816670042703
0.8694891799888066
0.8017100977356157
0.7334830572847542
0.7011602325466266
0.6423931055576318
0.6158818840881192
0.5890849267197239
0.5568252325185671
0.5564488665028631
0.5336412919916008
0.538929990678227
0.5424756596474105
0.5439361004680953
0.572800102950144
0.5799931073228634
0.6186034001112893
0.6471015765475432
0.682123674934108
0.7360234727893072
0.7683011905690642
0.8345169143434834
0.875257735218016
0.9335998855342483
0.9891028727813039
1.0274276030133669
1.0878091066784428
1.1074286200948087
1.1507583390519143
1.1586087997366215
1.1663754402848512
1.1647509498650122
1.1344911338484378
1.1202838710303278
1.0663607930385082
1.0394845633989993
0.9849595728241084
0.9550293238109986
0.9221911890631996
0.9048279326923405
0.9073972892122426
0.9124331346348086
0.9488577733058586
0.9705047914889575
1.021250315435049
1.0393324876652126
1.0749335756974288
1.068875669942291
1.0695526308388856
1.0368894044223413
1.0103747515658337
0.9738052168150426
0.9515135694586963
0.9421760369434787
0.949577681470333
0.975553779706403
1.002823515094497
1.0357877654015595
1.0456403018171043