1.374509876521754
1.3744931041089643
1.3744427795039091
1.3743588806152731
1.374241370653369
1.3740901981738969
1.3739052971392167
1.3736865869971457
1.3734339727772928
1.3731473452049472
1.3728265808325295
1.3724715421886384
1.372082077944706
1.3716580230992843
1.3711991991799959
1.3707054144631634
1.3701764642111542
1.369612130927461
1.3690121846295475
1.3683763831394868
1.3677044723924106
1.3669961867628089
1.3662512494086825
1.3654693726335845
1.3646502582665554
1.3637935980599736
1.362899074105327
1.361966359266902
1.360995117633402
1.3599850049874755
1.3589356692931456
1.357846751201111
1.356717884571897
1.3555486970168054
1.35433881045662
1.353087841698004
1.3517954030275117
1.3504611028231348
1.349084546183283
1.3476653355730779
1.3462030714878395
1.3446973531336193
1.3431477791246076
1.3415539481972496
1.3399154599408611
1.3382319155445244
1.3365029185600281
1.3347280756805895
1.3329069975350696
1.331039299497374
1.329124602510712
1.3271625339263466
1.325152728356454
1.3230948285406818
1.3209884862259578
1.318833363059087
1.3166291314916267
1.314375475696513
1.312072092495879
1.30971869229945
1.3073150000529075
1.3048607561955419
1.3023557176264953
1.299799658678866
1.2971923721008882
1.2945336700433954
1.2918233850526994
1.2890613710680174
1.2862475044225066
1.283381697343084
1.280463848707742
1.277493920817185
1.274471889628554
1.2713977585172087
1.268271559277811
1.2650933531214372
1.26186323166746
1.2585813179289382
1.2552477672901614
1.2518627684750006
1.2484265445046567
1.2449393536433533
1.2414014903305037
1.2378132860978213
1.2341751104698209
1.2304873718461176
1.2267505183638887
1.222965038738846
1.2191314630830152
1.2152503636975995
1.2113223558391728
1.2073480984574174
1.2033282949025923
1.19926369360091
1.195155088695951
1.191003320654242
1.1868092768331135
1.182573892008919
1.1782981488636914
1.1739830784283072
1.169629760480222
1.1652393238938286
1.1608129469415
1.1563518575433678
1.1518573334639064
1.1473307024533954
1.1427733423323538
1.1381866810170358
1.1335721964841354
1.1289314166728381
1.1242659193224056
1.1195773317435138
1.1148673305216
1.110137641150514
1.105390037594832
1.1006263417792272
1.0958484230033614
1.0910581972808289
1.086257626600737
1.0814487181106056
1.0766335232193207
1.0718141366189953
1.0669926952246414
1.0621713770307009
1.0573523998835421
1.0525380201691654
1.0477305314154632
1.0429322628085054
1.0381455776224322
1.0333728715626938
1.0286165710224862
1.0238791312523898
1.019163034443361
1.0144707877233867
1.009804921068244
1.0051679851270285
1.0005625489632068
0.9959911977121927
0.9914565301565755
0.9869611562203506
0.9825076899264609
0.9780987645423361
0.9737370031794484
0.9694250337066477
0.9651654814501526
0.960960966240495
0.9568140993932401
0.9527274806264308
0.9487036949178981
0.9447453093057976
0.9408548696359529