2.83902561126
3.1400464348158277
3.232094485212781
3.0479613082844934
3.1798547381485034
3.1543448941255527
3.0930399921805276
3.0964699122011674
3.25194040124658
2.9436929707330086
3.2485825435677635
3.121333112780339
2.9448530899695466
3.3333475978953513
2.949872723740052
3.1074136854958563
3.150644712082085
3.0837844416184583
2.9577748675242836
3.2373857963571235
3.0076463546683083
2.9715172363796225
3.1554354485037397
3.07332376601481
2.910815033986529
3.0787598810881494
3.1202097715618695
2.907528583130765
2.951258719203727
3.124222199454019
2.9787080707677376
2.8580726734079898
2.971505703430418
3.1053582862653104
2.860082168160629
2.842931996339705
2.9358923105507873
3.0711394607342526
2.8060624801887264
2.778267495396464
2.882372960550516
3.0038877792237417
2.8514059093574584
2.6629231483694116
2.790185385613259
2.8943774886083307
2.9241479596326476
2.6813658146972528
2.5967207359013047
2.7363911476481673
2.8444961378655833
2.858219352223591
2.6159846028740454
2.494898181525771
2.584975083020285
2.716012771707834
2.8301467157017357
2.68488131558562
2.4579532957131818
2.383565322364979
2.417166396295239
2.6031538203187905
2.747283718959585
2.664950466287503
2.4982090778460813
2.300840505637514
2.1568528078700138
2.2248064305122144
2.3981188569119722
2.544326617534242
2.655426532756388
2.627694227083142
2.4283389659746772
2.201935782861131
2.0132842384750758
1.867143065071208
1.8491931552388272
1.9769482518485701
2.1554503963651785
2.3489623815474703
2.5631598348956923
2.7289741633640285
2.784169557938398
2.7613496781927585
2.6958703081389976
2.562964855685202
2.3566168179459743
2.1279233382525216
1.9139010111141286
1.701892390415357
1.4811441755205736
1.2747789642378826
1.1054605720955488
0.9659059870651868
0.838527187889111
0.7230384395994158
0.6315207145393318
0.5674984669553704
0.5214756361735348
0.48396233289078033
0.4553678325454409
0.44242388319148324
0.44876368183309706
0.4708792404487326
0.5022904784820102
0.5404021186737475
0.5888416323528777
0.6529151263282397
0.7327203729842584
0.82100768002778
0.9080416983044161
0.988183141432775
1.0610361590437962
1.1261586059442747
1.1775967468214077
1.2046785478868929
1.1987089040460437
1.159350148076074
1.0955889470112763
1.021931196700617
0.9539543771039496
0.9056326031243122
0.8874111667798091
0.9034014580288577
0.9484303740790728
1.0075529865645234
1.0597812504668984
1.085337055377758
1.0738731455546677
1.0303590047378077
0.9752357657288241
0.9366105439723167
0.9359785577692661
0.974365159334919
1.0286512168551076
1.0637616987279104
1.055744302580556
1.010465385725816
0.9620243964296643
0.9480182882090511
0.9783738661930581
1.0244892742314144
1.0426612378590343
1.015127161890488
0.9699070131078614
0.9546127232093209
0.9855689970770385
1.0270076171456397
1.0300410058962208
0.9919720414333789
0.96240481734603