3.2458419154299687
5.167898050987545
5.0567363618809535
4.549848113746194
4.5592608036588675
4.8097988739733
4.755242721824915
4.705319396956486
4.849141397387605
4.680266837905653
4.473499831140534
4.728109595695353
4.81912733454654
4.6321110580239555
4.774853443683795
4.693096051537109
4.474409048521035
4.663587438254779
4.546168241051025
4.534353074409934
4.719563351060868
4.5112933252990715
4.69124887659719
4.581790367779389
4.539655279438296
4.625874495979753
4.413149062094731
4.600843604869713
4.350517908729011
4.534691145869193
4.323624097208088
4.463934734285637
4.301316771510544
4.408793694888362
4.268065503594081
4.3759937519957335
4.219022646750051
4.3624769804260675
4.154569414470762
4.3493462040449264
4.083362977577569
4.293659658164399
4.032578874547413
4.1482471641866026
4.041685255115613
3.9390617469411686
4.094392261342475
3.825496249180352
4.0416326629600645
3.9245942079168064
3.794934598104609
3.984266678282598
3.6875296040285157
3.717090967605944
3.8752486477099897
3.587193972787271
3.6600240616253115
3.7729362185774464
3.4501693949006706
3.4685924896895086
3.706750432005639
3.45824136269531
3.237144309042946
3.473953309234331
3.533126190540426
3.1893563867808212
3.0872218754493366
3.3588142907436858
3.3994795215990035
3.0388329282412143
2.842292999954532
3.0721425467255794
3.28644031306852
3.120598161165107
2.7666319848560565
2.570967691921656
2.7171056956000386
3.0402550374017587
3.133311988948405
2.901562777044509
2.5194330301440844
2.1777185532990395
2.1247580352299207
2.3344297660418336
2.67053163502782
3.0269350723981496
3.19670230983095
3.2163273221389814
3.018233077546228
2.7173030096124378
2.3313122834905013
1.9426269984444413
1.5748879512474077
1.2560211632504414
0.992593257508004
0.7844713490632446
0.6252857103107314
0.5121771525407646
0.4310683053432009
0.38852723503182807
0.3643025877959351
0.37695114491436055
0.40110549832934816
0.462735022944474
0.5357244484386707
0.6404469571269708
0.7592146566380081
0.886646127374067
1.0230692905704801
1.125495725415803
1.2114337797450103
1.2268618866606371
1.1918024176626523
1.1071124697079826
0.9871954245508618
0.9029127770032356
0.86889780424116
0.9084642556554838
1.0098909701316754
1.0876020166921283
1.095630532453074
1.0359522397080922
0.945298580912528
0.917183339442033
0.9851893661895329
1.0624335944043743
1.055363435986443
0.9830727985470521
0.9429109690594931
0.9891216898103893
1.0489065243783513
1.0256335991793137
0.9611918872240559
0.9749332309365163
1.0365468663988193
1.0189000561908492
0.9630459127384646
0.9963438772677549
1.039050308329452
0.985589061495833
0.9685017046293081
1.0306935616748412
1.0098857129972956
0.9712073928832291
1.0215461718623151
1.0043627080171587
0.9697489640761486
1.022896948053416
0.997766054676732
0.9859950227920632
1.0290020362649206