2.717219343382147
5.062915878645129
4.282781499168452
4.045880348575087
4.628006545576785
4.34865891727986
4.21484270388214
4.417309966342283
4.300033533238569
4.444756358270984
4.244096402605536
4.205894807789247
4.528596371975154
4.216724698789526
4.301985601302029
4.224019196328012
4.289331853340637
4.408164567317992
4.146567984678728
4.29856696014008
4.084113211543271
4.362530642277883
4.162356057013694
4.312132120352661
4.067455831532926
4.194943991700655
4.039173118833018
4.2235998368414664
4.067534137412551
4.239543028439502
3.9993301996981994
4.171874550414057
3.8988596985025414
4.097131899679616
3.8745762251110585
4.023703599537854
3.94084057016329
3.9106003952011634
4.031275202690968
3.800764375554401
4.017984572918838
3.815036573463752
3.8301783876283024
3.924877153294226
3.6623993420246244
3.8499210563996424
3.76229253885922
3.587042269716373
3.809013593365663
3.6348800232591274
3.5124304305757748
3.7364796872878263
3.5603271182605676
3.4003665097534963
3.6246967289167746
3.5348573864140334
3.2670897445618694
3.4097690373645606
3.515062262016437
3.2296814617672047
3.1136748054418315
3.3469635445102006
3.3708512330935827
3.0767052747984027
2.9852288014688604
3.2187786562344556
3.303316207090492
3.0244857039825446
2.7546981312855334
2.836849488784228
3.106659947568971
3.161281043747388
2.884917525920052
2.5569297200737378
2.492925865691724
2.719351943656166
2.9917637480466692
3.0355886200454587
2.7842987531436716
2.40830724845171
2.131913978970519
2.0769494089145732
2.237205837593543
2.5319498207470827
2.8603500867545884
3.0948727664357603
3.140008757617692
3.0274141133788333
2.8108157024445823
2.4877301357750543
2.1194350024405697
1.7826848589117394
1.4628079955436526
1.1731006718379824
0.9524440080177994
0.7690245848336996
0.6197635470773821
0.5232802247433623
0.44773064363607135
0.3997772820728976
0.38610226870685027
0.3824797136536021
0.410141455848334
0.4580139939613755
0.5196634536499916
0.6155689051654273
0.7144972373051223
0.835657293200879
0.9611606021365141
1.0676981379472628
1.1696348288989542
1.2121735424554165
1.2217308721704188
1.1691989428430192
1.0776259484005457
0.978742796454633
0.8925136097404361
0.8752625451448333
0.9093826859809425
1.0036942673363687
1.074199490784936
1.1059220340170677
1.0463946662478927
0.9718795540081397
0.9167447790441945
0.9558377473999399
1.0258905595191636
1.0730930962981207
1.0277787759215473
0.958579541431245
0.948418767920599
1.0079836160027429
1.0581236441468174
1.009125108271231
0.9586342119354283
0.976335207869138
1.0384941578790805
1.0264842262170615
0.9612267433856121
0.9850404890593113
1.0354283982372392
1.0062889653717644
0.9682381821561032
1.005126112960776
1.028919274323851
0.9800528825191605
0.9857000229142442
1.0297988225427845
0.9902525293755082
0.9819111067952412
1.025853967637275