3.8110492009217083
2.9911079468410646
2.633718458962654
3.10905650639311
2.905831776627712
2.661181671593826
3.1153528055136657
2.8820865629274635
2.6400863974639157
3.124667197989117
2.8709029950357463
2.649450156812067
3.062378971879699
2.8807993012829254
2.7365524730589854
2.886651786353385
2.909657938917483
2.8873120867871425
2.6796473208521
2.903628750026519
2.979216300519194
2.666030766982935
2.798149585309641
2.8767371598488882
2.898831934709249
2.6974985475216635
2.6866715136423065
2.947657969521156
2.803006230117902
2.7147543984328633
2.630209518179691
2.85934875366217
2.8549102042677053
2.6769565853104274
2.6104849886542207
2.687543534095524
2.8813319937173745
2.720682545197779
2.616488282847154
2.514754553195184
2.739987744407427
2.7672780639898273
2.737399983703832
2.4933193281987833
2.5004359017497997
2.57597135140998
2.7627820160333014
2.688810527015092
2.566890061568177
2.3722879230569096
2.431584355827085
2.5300253762738465
2.706100834170099
2.630730676679974
2.5241509649524128
2.296511118105429
2.2867935267928448
2.3272631550539162
2.5311077886560596
2.6001979299817
2.6001293298884374
2.437428784914152
2.2414119779893418
2.125082601004867
2.0874596597262967
2.2304031838314295
2.353487433228022
2.5321979515107422
2.5507295739529967
2.49655114169249
2.3446268562851604
2.115914634370748
1.9628946324151921
1.8116361072404956
1.808923688193519
1.8708996518324725
2.003341491278033
2.2142858908515044
2.3701676651988124
2.553592759166225
2.662682911436811
2.6860728393159925
2.6994843231826278
2.599349451571396
2.467451851340555
2.327423874827224
2.1144275569899724
1.924891383997608
1.7401672815535005
1.5268252616196147
1.3597745572218618
1.204133621105586
1.0419059283133631
0.9252891270670223
0.8211033071942452
0.7155941491211165
0.6467308772978702
0.590814523775718
0.5322514641135132
0.5008430966972723
0.48523074349043255
0.4654384745802566
0.46413341734073765
0.48372875388091346
0.5006309141568587
0.5267735780274733
0.5779907233061566
0.6320610616400743
0.6841454794963063
0.7577986029229359
0.8412348744995051
0.9104534948828887
0.9827892101767862
1.0650340596194288
1.1249731502297664
1.1583163840701236
1.1873995934474282
1.1980815889782432
1.168257571572732
1.117664691709233
1.067349190180866
1.008530751855281
0.9426834339887118
0.8972261170661336
0.8892638343688074
0.9094168230791532
0.9442645257088051
0.9923086533268823
1.0485145262864037
1.0881267243014003
1.086784890307152
1.0492599702586125
1.0005397412464896
0.960148207485239
0.9384869921786281
0.9435393374049662
0.977048544502358
1.0255720096798187
1.060310239072891
1.0554002637654394
1.0129237525074894
0.964603272633518
0.9460224173423477
0.9695211982614181
1.015179043479485
1.0455204620330536
1.036307403279325
0.9972546060084334
0.9634370853313989
0.9654614106885482
1.0012727403164385