2.951120899973668
2.6576319319657835
2.3727565954635987
2.3643113466069887
2.5378824211019455
2.6142454761885907
2.388555938974573
2.2754625561552446
2.4819620298319935
2.6912837177318396
2.4688931415982323
2.196364224477979
2.354065195841108
2.6853290599683763
2.5896136572565203
2.264266249812355
2.2626308000805517
2.5007969953094698
2.5556790193420538
2.458756277248651
2.410942100078807
2.3243710308699965
2.2840342153867574
2.4636797859012436
2.6181988837641863
2.4330338890929935
2.2325408275094234
2.284320795046019
2.381914894224778
2.429493708953904
2.525357635555273
2.4565417169859933
2.221062953742566
2.1874166115605385
2.3242266563222853
2.38707318016395
2.462284158965562
2.4908949653658103
2.2914875355589137
2.1507582281134687
2.186791640024266
2.2184858427442133
2.3281989753894976
2.484573592624505
2.4159154995651977
2.295423613023915
2.208683670307717
2.0563068493085
2.05700877678941
2.191152989594519
2.2600694726711246
2.3830953991817263
2.43122644145841
2.3033174453355416
2.2181143947237674
2.0663281070654893
1.9315610307952438
1.9566851873150437
1.9784095766412757
2.0877023355611417
2.2537608567251453
2.3036943829803866
2.385130942699805
2.347192344182494
2.2268898528819028
2.1312364007713636
1.9350625788440037
1.8246001645835352
1.734204214385292
1.6730677383457275
1.7366433935290218
1.7810896127181122
1.920184512845388
2.0635874054907997
2.1842111645255864
2.352119800789426
2.4123131863923315
2.516285760463285
2.518587401562965
2.5120091795619475
2.4706722124541116
2.363172376534274
2.2871114916789415
2.122061486542725
2.0165408306225956
1.8401929713238419
1.7131026114587282
1.5561276909537316
1.419586501143252
1.294232474964407
1.1615751661183482
1.0675761559100592
0.9495677826846759
0.8813929462111411
0.7843221461417382
0.7360401898753521
0.6619930897325157
0.6293298482392781
0.5776594933604658
0.5582624405949161
0.5271906741668052
0.5201664440742034
0.5079128638467215
0.5132450657776263
0.5185178679566794
0.536542320442299
0.5584539482516329
0.5893337702522298
0.6268614371575575
0.6699478594600249
0.7210609819807878
0.7740980401501134
0.834723991106181
0.8930305563243152
0.9561823877218655
1.012200848815612
1.067825600881804
1.1116811724849334
1.1479645959559517
1.1697244570200516
1.1764178428633636
1.1702431269829774
1.1437074853052833
1.1127900724302051
1.0607885634874934
1.020119787495208
0.9626433267341288
0.9355916560261714
0.8980188076455093
0.9046353152279848
0.9034709287292875
0.9447833705998723
0.9738748554657748
1.0243421141680864
1.0551420063723351
1.0762054711550006
1.079526867033454
1.0521233752501467
1.0276878485161827
0.9765523800623542
0.9577240825938592
0.9337423019196553
0.9500436297562196
0.9754090254044072
1.0088554970517047
1.0465859115946685
1.047407138033716
1.0477404713171843
1.0080076294585307
0.9802332586813626
0.9586739951688367