4.214705066311363
3.261445317326682
3.4739633499305635
3.3760675239506757
3.3635359433119216
3.490376366876513
3.2378230847433653
3.610574922125149
3.1349760228139703
3.6562207793669463
3.1438758392249277
3.554938672208039
3.2853427256393477
3.369058019232681
3.4147850394892196
3.2995302510591746
3.3537202848426366
3.41555799126213
3.209314584463035
3.446993288694462
3.292753567736164
3.224044512121286
3.4807400655924683
3.139813709993574
3.3390427315857845
3.3453193754951784
3.1664770061705694
3.2866028228485895
3.3098091777516254
3.1718543791916654
3.1805588198981303
3.348166209767982
3.121779061007066
3.102150196933609
3.3448664461359097
3.110024022765737
3.0294800460756015
3.2507363539867598
3.1626662702468202
3.0010005181994237
3.061749809145608
3.1761132657931737
3.094876381875336
2.9056650921114726
2.9979179849162043
3.1793029985962895
2.999535747857977
2.795295157853892
2.9513687391825454
3.102103718642508
2.954654308114345
2.7683196703842987
2.7849455807028507
2.931431942443386
2.993845185341836
2.8432814436252856
2.6301319606600075
2.6389843789399956
2.8557429302693773
2.95471119630202
2.776102783463867
2.528399443050304
2.4677193990628066
2.6049062905476705
2.7721480325468897
2.8173309422661963
2.6928538527628625
2.4633086362371306
2.2754063831354268
2.2633484932782233
2.435429906047021
2.6589460401617866
2.768473175582688
2.688719482214985
2.4649224065782196
2.204178138865317
2.003637993701848
1.9180791304946019
1.9620212920274156
2.119275157789607
2.3484188881502717
2.5904623142060568
2.7843891518334694
2.8855828571638797
2.8770605664707842
2.768352999283202
2.585141615120078
2.3569833957412074
2.108937160878819
1.8587062790639046
1.6176238689616091
1.392890923406609
1.1893167325964475
1.0100858968309556
0.8568920904508351
0.7299539946199828
0.6282189299913895
0.5497844433627627
0.49240773873522053
0.4539515697415245
0.4326746275231307
0.4273475444164356
0.4372234169137475
0.46190620271907445
0.5011517124550618
0.554619376283139
0.6215808991851899
0.7005916502076869
0.789145001598939
0.8833580884160982
0.977775089181549
1.0654115279782739
1.1381839336580164
1.187850288454489
1.2075019716457105
1.1934788579033955
1.1473328949931516
1.0771962592150788
0.9977346969170587
0.9279527728289534
0.8866264766392057
0.8861108045660322
0.9264862493087154
0.9929077868175157
1.0588076979181764
1.0956487964030925
1.086395187709767
1.0362529282053001
0.9731567432454272
0.934310170349872
0.9436209938612943
0.9936322213527065
1.0470313407934408
1.0618752234724804
1.0253566831405343
0.968165321819214
0.9413601038251131
0.969844187862486
1.0250781003306138
1.0502943946539338
1.0202751477241574
0.9721763764258695
0.9646282969913328
1.005156468192489
1.0373267040396326
1.0149098149597044
0.9695458873364126
0.9693863369486183
1.0163741813166598
1.0379594588571532
1.0003431822016928