3.4509076595783212
2.898372627524572
2.4918736567409923
2.609734385059992
2.7928796792757757
2.6720994128342275
2.626899622218661
2.6209563841775547
2.653074101350733
2.766318963156244
2.6457618334664352
2.475214839543396
2.7122275432161635
2.8534337757168555
2.494197513814505
2.469478816775634
2.811676505133059
2.723036427787367
2.511283917532612
2.5610751875896707
2.6165959262908403
2.713091042229881
2.696553619589156
2.4304339009689184
2.5025310373430116
2.7466949782941357
2.6526335281806923
2.5563870929117916
2.465306483563684
2.4622852945499063
2.706681382693952
2.672483970249615
2.485031764808334
2.441718662888066
2.4118243350713353
2.6017975376342806
2.685272243169661
2.513748857625084
2.4307350384450546
2.3183753533489524
2.433504447248814
2.606867074983754
2.576049634200743
2.5366408195897545
2.3153784276057405
2.2666717074333804
2.34199258834807
2.443152952326687
2.599898271700581
2.502609275108522
2.4160103284503585
2.222137939853574
2.160782440596597
2.2250349414742034
2.3248892156602214
2.5007431799291537
2.4864826134629157
2.46874755210266
2.2645810057250895
2.141883908395099
2.0133557643414757
2.0295673409059654
2.121534592979699
2.256942246324091
2.4062466848510655
2.4502180756455894
2.457511924846717
2.317683691181515
2.1876828687801253
1.9762556546774872
1.8633026715528693
1.7425720717492643
1.767709822823039
1.7976400055321158
1.957460572743709
2.0795648766925465
2.2836516875300985
2.3967053812245456
2.548575614789837
2.5818501786569086
2.629316278327614
2.56775829012445
2.5080697151483906
2.3777748331024733
2.2385190482237807
2.079298942074344
1.8976276999506185
1.7419363998488684
1.5519937292376014
1.4163223997911722
1.2443171535245041
1.1308871174016446
0.9937354286701346
0.8976560265080458
0.80232977342097
0.7195825746941773
0.662949196589884
0.5954741336386905
0.5663165229577102
0.5217003263110117
0.5065097958639535
0.4921096900028203
0.4835510588910501
0.49879303538357933
0.5014967718026623
0.5355471801003445
0.5622106642913697
0.6021762192399953
0.6592597470964493
0.7033598839849716
0.7786990158005394
0.8376124912219587
0.9070639453387469
0.9840413179340178
1.0344460549061565
1.1051381555728494
1.1421990985555617
1.1698588649518122
1.192709711916927
1.1701813604357079
1.1546575795329712
1.1107403810851384
1.0489886856536852
1.0053656114766787
0.9450718991884945
0.9070518871527591
0.8997081567491529
0.8960082176005685
0.9291703097526609
0.9802705048577449
1.0175155914920262
1.0643101884611263
1.0873618507227754
1.0696673889638881
1.0476262819611288
1.0052088187014594
0.954127507439238
0.938687631546166
0.9455490925464539
0.9658546033405825
1.0133743770133057
1.0517337896299326
1.0510240143486236
1.0344906102240292
1.0032236564442623
0.9606945638853558
0.9490858811682394
0.9771982346187025
1.0101305975849924
1.0330952441382801
1.0419096866599158