7.163577806738446
9.849100162596772
8.818268033853995
9.52156121052232
9.161972548635964
9.165457825781319
9.280809138910147
9.289167175974574
8.993905070796426
9.32223391541706
9.111260942356287
9.216992407013215
8.961003793813001
9.07183756059099
9.227529365855808
8.963090512559313
8.999544424218717
8.988238048893914
8.779424883354023
8.84346770557099
8.982710580384817
8.866909730148707
8.712840188593228
8.74055855779244
8.814315568194973
8.757763831651992
8.599165150172256
8.465924472127906
8.420508056693743
8.43444329356701
8.449218848345739
8.426568656718661
8.35966386987941
8.263578550089813
8.16361388032898
8.084211789739381
8.034431296487195
7.996130267958197
7.935852034164064
7.846978842383649
7.771736585474933
7.738053355341662
7.681189427452671
7.526720215441051
7.341770011392718
7.220264387600466
7.12290234365075
7.088696424365975
7.168128429182313
7.095164100557922
6.8348205027646305
6.68552593544636
6.69534610100317
6.764244505332642
6.497392283814694
6.298608210137554
6.452621421753275
6.284795821916736
6.005471614364979
6.16903605114797
5.945681952701597
5.759931411136072
5.90753326880126
5.50042550776197
5.686791749820073
5.3487848311550685
5.437187730085249
5.171024807733714
5.215111147223758
4.960275660455841
5.049092560204817
4.644646138955106
4.967774115354288
4.374884590129761
4.66342066000088
4.405688953890629
4.086854547255886
4.495798332608163
3.9713444367369584
3.7201562164841517
4.183485358129558
3.8388045117464067
3.230989244319108
3.514674427906684
3.9425039977994913
3.5434376860815657
2.7736559874398634
2.5653107375278212
3.0639897858276357
3.7069938691598208
3.950488188198737
3.6564922016469636
3.003910562704803
2.2493429004840397
1.5752519903778404
1.058616870939774
0.7020745837611938
0.47509590392842027
0.34300664184720003
0.28100962970720106
0.27647844433656515
0.3239657310443912
0.4191423340212815
0.5577542886160277
0.7367952093702991
0.9442710614635639
1.1383488362728353
1.2515568856133903
1.237289778794542
1.1063347765780194
0.9313012042946583
0.8464591690611125
0.9415820852017799
1.0930102942227289
1.0977306272328566
0.9639326794755981
0.912058495806151
1.041570409469876
1.067008715718413
0.9424075180590425
0.9810533813539243
1.0640122068896887
0.9613467184040251
0.9907145243470479
1.044681784435334
0.951912805079124
1.0340646875511217
0.9878180557958836
0.9960174463605727
1.015076609823366
0.9815569345263754
1.0205657005178226
0.9790958351971634
1.0207630320220533
0.9858035504891725
1.0024459229228009
1.0112297298706845
0.9807781966961294
1.0244189956346461
0.975998036313543
1.0088151077968788
1.0163010604840512
0.9772088913469763
1.0081562076325605
1.0123633363031188
0.9798650739773735
0.9946258763223019
1.0206020393701811
1.0060504649668585
0.9849136737860992
0.9930267119027458