7.5899804301289935
10.633155329835251
10.166346466464661
9.800519069207992
10.095960365678888
9.980886483306353
10.148883057477684
10.162260862420109
9.809088351121197
10.010295652302862
9.75212079999239
10.021838384231646
9.825082024876245
10.038855692784239
9.801731861919745
9.99881713161061
9.732344194901941
9.88857623060037
9.732034725154142
9.668555927442656
9.766856824987258
9.506611509941544
9.525297713677176
9.542339950166255
9.292753573461923
9.260650127436865
9.394596843939311
9.32492590791915
9.12935826822184
9.044424141269145
9.073623228852306
9.096065531073119
9.005577495161399
8.797291308044908
8.640015856434847
8.62989942855366
8.596882747156833
8.525310838275178
8.543288170984393
8.46976505705603
8.381486554176174
8.350435218963042
8.20666118131544
8.159238337884506
8.002271950668762
7.904032546025143
7.723113822697081
7.603460394388815
7.451578999048209
7.4440248544176795
7.415606753332627
7.452544637958598
7.287245561138984
7.027324895426118
6.88612508563884
6.9111659442492215
6.93638956718523
6.659640511386561
6.439154292117201
6.5804064630244055
6.421087403572756
6.108174547149734
6.271723430210621
5.995821247263862
5.826474861544984
5.990431620474308
5.516909234894501
5.763624384000163
5.2971537654002105
5.4831598292372075
5.0747631677273235
5.271686382078073
4.793931051493899
5.116302352713313
4.50489706509518
4.858184445443225
4.444994252265952
4.268250854391059
4.591423900765273
3.9086924899097766
3.963294631680307
4.315641333616483
3.658300467781711
3.330773068624423
3.8721569291505396
3.943251398531554
3.1733089046273593
2.599287984041556
2.8728197210660746
3.5805096029166488
4.007859982935925
3.8614812978177393
3.23833506554597
2.426515894852439
1.6945553149717405
1.117170843188036
0.717845312985088
0.4742967222082989
0.33019276413322723
0.27330224336385933
0.2690137435788656
0.3230904556581707
0.4220984918630496
0.5775140024416868
0.7713338764558209
0.9895810212740181
1.1729316969591936
1.2670069372096109
1.2100103544437042
1.0445807381513534
0.8742112159462991
0.86995314103736
1.01675555886754
1.1216287346960807
1.0342458238567742
0.9050524883805039
0.983405643872583
1.088697319480997
0.9774622054185873
0.9451859673452052
1.064202975019817
0.9843541998926421
0.9733698871457795
1.0509219629186957
0.9486991293048085
1.0331388704901296
0.9860834942278166
1.0056164938808723
1.0082283526504616
0.9932952432925959
1.0074089953153258
0.9973638616308278
0.9926919135112171
1.0147679098774018
0.9727083343916784
1.028048634590364
0.976177127514835
1.0034574306097723
1.0178654126273974
0.976591021754696
1.0097961806970148
1.0205177987827914
0.9831131600510281
0.9890224903665873
1.0166720611133129
1.0088589960912004
0.9864533986362689
0.9864980582323896
1.003196843764866
1.015024762454751
1.014319430888476