8.545229161194198
7.129176260227195
6.818564704397659
6.591163193537293
6.547032268626033
6.620041604400095
6.623793450432071
6.4766380441502704
6.336193495366824
6.384492701313607
6.508113959073259
6.460116189575678
6.331405401143194
6.380136627665202
6.4525478424615565
6.334022216175524
6.302391326464426
6.412384263721813
6.351279748233186
6.356105672674063
6.488700419914518
6.412109970332785
6.422044063862013
6.375732949414579
6.176712988926941
6.177045087814171
6.088640081114065
6.218245416082332
6.238963579934273
6.163707806261886
6.010287590972836
5.926967649671017
6.047453251017902
6.057018179458107
5.897401363909166
5.776659483364762
5.8811009307024955
5.904404048026997
5.629718657978677
5.714741624740425
5.752499326419156
5.550355855801201
5.546866366086464
5.609671207718519
5.3874766303084956
5.455429812967382
5.400502058016066
5.2346737544292194
5.391209569690416
5.074489395968411
5.260370948205836
5.065613782802794
5.036151527189217
4.99862717924669
4.916128467800067
4.919792929403871
4.755916501509508
4.763169962257911
4.701112647829806
4.605034683007918
4.661258012625628
4.348852906017654
4.596215806326133
4.197369881003294
4.416209387350493
4.277531889622674
4.037522116788369
4.324062137712538
3.9318349457716475
3.8739456612244396
4.125537333386148
3.6995561032900555
3.596291322600062
3.9283047346689925
3.6500893730091795
3.249532647186697
3.496522468334396
3.723562644692372
3.325260510875391
2.895874586389382
3.0531161353060963
3.4604176182083015
3.4564111223988623
2.958733417851037
2.4459081463763637
2.354417552506866
2.7044572182261435
3.201296172272134
3.531159064935294
3.5419344032893605
3.2452929935477837
2.7457892912820157
2.1782020811552716
1.6549627636142565
1.2277025273939866
0.895367737367226
0.6475160269403876
0.4816681611931487
0.3839601212326816
0.3301253237603556
0.3138663952438696
0.34115897768153075
0.4024605658621693
0.4920698305304541
0.6227192537153089
0.7821891156739204
0.9442703814014328
1.103959383728294
1.2193466974059708
1.2429817250539257
1.1865189810802488
1.0538100739044778
0.9122890311789176
0.8612872141913694
0.9153580621185641
1.0481020144754631
1.1128606012791893
1.053830334901665
0.9385984080484266
0.9231938066751646
1.0266022985260237
1.0761430420094793
0.9909483248345977
0.9351579301601034
1.01770780192513
1.0563810135763139
0.9614998469943276
0.9761476744901848
1.0474896218300593
0.9882768228735146
0.9699405750338481
1.0412810659513185
0.9823532941662323
0.9871698786052219
1.0323360582055843
0.9673364017769499
1.0232686424273791
0.9904982006070419
0.9966011597014705
1.017160389702626
0.9737503997416025
1.0281612585684272
0.9755612282435074
1.0251377552707421
0.9720840545652272
1.0257010323411635
0.9792828330405714
1.0224747667498477
0.979429804526592
1.0110513794533735
0.994518951992895