14.071366010468891
10.790632103686407
10.476262405764656
10.637165703740743
10.982355299786326
11.045329731071519
10.834259251069351
10.87875310079129
11.084745479379277
10.891502758957301
10.785762556908745
10.963008104564253
10.703586817371045
10.704229721498912
10.707408518259502
10.488961871641969
10.685478698987655
10.4730705297742
10.705783924793172
10.421599052227867
10.526048904403712
10.229126150182669
10.41982443774403
10.290864488267118
10.170306760918974
10.207643443361492
10.025946939130904
10.063677285223246
9.995333936482396
9.82637222732195
9.779658927050045
9.848853618811747
9.677267331366718
9.44665347421274
9.507761207087757
9.481269224498044
9.464747050633889
9.221698624359007
9.098553221121021
8.938456370424126
8.89730627936754
8.862897926891096
8.779869634131417
8.768759907242453
8.655640092586218
8.553763958038433
8.489584477038528
8.34611765852837
8.185084866163649
8.056793455675782
7.903167655597881
7.722649980607259
7.597143930851586
7.579038421648825
7.613890619283237
7.556444448936682
7.313275961728281
7.0285512010889155
6.971663138469289
7.053537996127096
6.845992076872595
6.503804368771377
6.581427881244755
6.555338162102154
6.1275067992376675
6.247225522483416
6.116943243875478
5.770793684702278
6.015786874668547
5.493264588783349
5.745182148567585
5.261076536768324
5.451225966862529
4.968052199656453
5.26271401867586
4.652232554881245
5.049113615893493
4.429345084764572
4.544639359659657
4.612906637329011
3.891210828488111
4.298255150634961
4.268221448683186
3.4560321702482697
3.6322295152693873
4.134328097798823
3.6729350548352633
2.813320177187203
2.727587756780792
3.4099597724639508
4.031008165382864
4.041060063415671
3.472355399944817
2.6187248862941233
1.8169774581479192
1.17621543259869
0.738256652314032
0.4740438782465006
0.3240254982425899
0.2597460921815661
0.26381029377128973
0.321956790556137
0.4301135030750225
0.5941352152687839
0.8080885838985056
1.033390194622772
1.207648698849304
1.2653914375611428
1.170750683136489
0.9789537333344309
0.851510737839857
0.9188057211044023
1.0859156716513105
1.1007522306214
0.9454450904566628
0.9223152019769653
1.0658133909466672
1.0288301895084269
0.9240920401692825
1.0393738291420185
1.0147756373681212
0.9465305485569305
1.0547138154200637
0.9587736921135818
1.0243971144890496
0.995915965917741
1.0005727197332273
1.005559864205813
0.9941229177113857
0.9968805410974433
1.0132799571038489
0.9803121246392579
1.0288293417482535
0.9684264621562548
1.019650580635864
1.006601684418294
0.9728031555676785
1.0225918469052875
1.0070205095167346
0.9749954027017148
1.0047476247851737
1.0200415707620851
1.0007654186040296
0.9775797237572221
0.9931733349197697
1.011112424341451
1.0203689393092823
1.006803618790727
0.9969387824866714
0.9839113799360206
0.9848892479528781