8.719343347165294
7.848461105381126
7.644479436509757
8.049278259442387
7.748275830554439
7.597485411440652
8.07419158022296
7.7136310112675375
7.73106607810787
7.635028860055217
7.9142942916455326
7.76886684980973
7.719551965538258
7.51160647767265
7.6678304517194835
7.6176361100155265
7.797744639355318
7.645162753111906
7.633356398747809
7.534452352978212
7.385013796623863
7.428025846686298
7.315466338672533
7.2739596439051954
7.322847400838319
7.228601634018911
7.165641698051624
7.1915984943448
7.133789155841447
7.025275448930766
6.997250570343167
7.021408760941995
7.014133244524209
6.984097521058625
6.977046013827208
6.9769257149037305
6.918722812635587
6.7788460768015355
6.628498574279371
6.575099544931416
6.625212078475313
6.630656263907971
6.469260712200784
6.283867689050421
6.311225378456037
6.4077272152477045
6.240279873294108
6.0375415459617265
6.149078939954529
6.115604857387481
5.824938916343524
5.915736270728825
5.881534680187532
5.584824605978908
5.76594768513358
5.543946409102084
5.476890442548171
5.566644238482238
5.242149110900388
5.461013850936136
5.043104027753411
5.276893134876968
4.884763915862424
5.154756603987091
4.722064751994221
4.987828432672554
4.5271522532913515
4.8075642571087425
4.481621273174659
4.429431329058826
4.545473399655925
4.078621646806911
4.381725624637412
4.152744029259123
3.8115867884157066
4.172263369969177
3.934877415121218
3.464578389684625
3.7876475800364307
3.9287635455230308
3.324084448634419
3.069665354730349
3.464117836403113
3.737293415808625
3.2807513178999494
2.641546235609977
2.4316939898143923
2.8378743484673508
3.4043457716829995
3.7504207405418537
3.654580242750278
3.1908309250115794
2.5761196171950274
1.9302866973928858
1.3824608668209033
0.9717264842892327
0.6710785275655953
0.4740985454759713
0.36204716425861794
0.3059406190258907
0.2944555198381115
0.32882527627891855
0.40798563010364836
0.5251735177911343
0.6760742570188517
0.857325296168859
1.0466764733405955
1.1961870090809419
1.2559130274599626
1.203272945236121
1.0620842176116259
0.9114766819473579
0.8570310234552324
0.9435933274585296
1.081245142756588
1.1099157674068751
0.9945410665693519
0.9053632785029474
0.9812820754280658
1.0775902596481752
1.0074494107317826
0.9282762155002595
1.0176095137870824
1.0478942481350877
0.9475322836249024
0.9971758294945812
1.0407175954244943
0.9513903475803359
1.018824433838176
1.0122007164158702
0.968670813394285
1.0429418967716195
0.9674386869853192
1.027294525732558
0.9813462492049413
1.0072990236018362
0.9944378094373436
1.006319362129074
0.9974810585252448
1.006551120675494
0.9849929252909957
1.0200608905591284
0.9790963049675795
1.022665980032221
0.9795101745948908
1.009921905902744
1.0079812925993
0.978470242333658
1.0203952676063406
0.9974749480750058
0.98314183222652