2.857002687161241
2.8557138492759493
2.8518524896374426
2.8454340441114265
2.8364841519831625
2.825038525676607
2.811142769270056
2.7948521467124015
2.776231300895179
2.755353924981878
2.7323023876357775
2.7071673140201478
2.6800471246688424
2.6510475345403672
2.6202810147731808
2.587866219853857
2.5539273830915334
2.518593683461586
2.4819985870374586
2.444279166371968
2.4055754013170847
2.3660294648842224
2.3257849978445235
2.2849863758502376
2.2437779729239185
2.20230332408549
2.1607048031675937
2.1191222762472783
2.0776928099702077
2.0365498694286046
1.9958226421910452
1.955635386040822
1.9161068041777818
1.8773494515471367
1.8394691758484152
1.8025645966491743
1.7667266258807173
1.7320379599385223
1.69857300300549
1.6663970341065741
1.6355662291486466
1.6061278612932495
1.5781182210724878
1.55156569806337
1.5264880597425863
1.5028933369997517
1.4807801838814805
1.4601375442607538
1.4409450951744998
1.4231734438728831
1.4067844442354718
1.3917315732739395
1.3779603056064136
1.3654088437522245
1.3540083110056642
1.343683579357871
1.334353857287923
1.3259333783509974
1.3183321295890238
1.3114566151147997
1.3052106498039908
1.2994961776302199
1.29421410880153
1.2892651695065869
1.2845507577613382
1.2799737985667372
1.2754395913509635
1.2708566424807357
1.2661374754912946
1.2611994116086096
1.2559653131256134
1.2503642643739623
1.2443322916758326
1.2378128402595407
1.2307573724598375
1.223125799245491
1.2148868530557062
1.2060183773705293
1.1965075282606477
1.186350883874979
1.1755544639869853
1.1641336238384672
1.1521129073736456
1.139525739908442
1.1264140537577314
1.112827810141468
1.098824426936243
1.0844681148030488
1.069829135622236
1.0549829709144263
1.0400094288783202
1.0249916788666364
1.0100152754734388
0.9951670490258038
0.9805341461841941
0.9662026144008238
0.952256851638321
0.9387779879436303
0.9258431384394558
0.9135242369546506
0.9018871244438652
0.8909906169192661
0.8808857584247656
0.8716149957013661
0.8632116280749934
0.8556992958132709
0.8490916130903098
0.8433919385223118
0.838593290041343
0.8346784089718643
0.8316199761051086
0.829380980354199
0.8279152221374143
0.8271680437669112
0.8270770398729885
0.8275730581263617
0.8285812402666671
0.8300221845265622
0.8318131976364413
0.8338696182756213
0.8361061919940077
0.8384384760469544
0.8407842513082644
0.8430649174921502
0.8452068473605704
0.8471426754487251
0.848812497133915
0.8501649546195785
0.8511581876177315
0.8517606281910898
0.8519516213537719
0.8517218556096477
0.8510735906032696
0.8500206724328635
0.8485883308809091
0.8468127567985537
0.8447404620694456
0.8424274289019689
0.8399380553299362
0.837343937799654
0.8347224472837531
0.8321552062856482
0.8297264319227633
0.8275212002196862
0.8256236543560795
0.8241152339175003
0.8230728473046283
0.8225672317553152
0.8226611988934251
0.8234083532001129
0.8248516013964898