6.097478578190806
6.909036664727817
7.403520272332698
7.449320088363613
7.006895102791558
6.90055203053352
7.2690893610044505
7.321305351091274
7.174820445487287
7.2633811342236045
7.073869557829107
6.932969876057679
7.054474950168492
6.916169368698677
7.031647918544289
7.033064107820638
7.003428918629334
7.085850178923787
6.969631196057467
7.061832958944193
6.918192338482126
6.9905932960928805
6.836272011414846
6.875855364291586
6.720606427115718
6.7166550500348885
6.613778505897164
6.577957087599289
6.6180824736438035
6.5839566864360535
6.697079933278292
6.630375389976076
6.514467649046565
6.417972937367325
6.276529481800328
6.330359758580827
6.450123997633331
6.321413146563654
6.104140010658314
6.10342294666315
6.221772238778213
6.11139396092132
5.879211623607494
5.947231418281708
6.044271111082684
5.770345338537786
5.705521266331773
5.832438593417002
5.576169218633126
5.622927601786988
5.656875265065988
5.353987776564824
5.535523423524241
5.253255903461929
5.294418022756242
5.225156997118903
5.078358435341376
5.165622294881594
4.908874390404282
5.056136748825881
4.7706342770787415
4.8975565847417135
4.671636578583957
4.669849864037374
4.636471822137664
4.372982402441023
4.6161736876072395
4.158512979062419
4.391973791173629
4.260338567284124
3.944822361798237
4.2906529789252605
3.9602782723379977
3.6892214747697625
4.044017316015452
3.8109037781022246
3.3704088057166035
3.642088442474586
3.842354532109351
3.3517348611580617
2.965603967204495
3.2501703256003545
3.617599820794091
3.4146769419113108
2.812611668737042
2.3972092836663936
2.515763109877924
3.03380518094159
3.51815262027712
3.6637858184400924
3.4632515810087723
2.9620944935804525
2.369764252115985
1.7922403850891078
1.2987488606845385
0.9307419019528539
0.6558727147366232
0.4832426975353696
0.36840183591566467
0.31848648033996535
0.3037213554545383
0.33709479425581906
0.4007600655683711
0.5095912819782842
0.648654821265063
0.819034032913526
0.9977267838050138
1.1488088573752677
1.2457381418432545
1.2315864342966336
1.1346762271841415
0.9757597125138243
0.8659032366660072
0.8826672281565281
0.997284406220871
1.107400987206664
1.085844636528832
0.9568063973278143
0.9119939785370562
1.0147322932247325
1.0802770524729186
0.9916613304850384
0.9338231167569612
1.0276758400186847
1.0504788131859228
0.9509259902810859
0.9883377408706806
1.0509716195285554
0.9666301500989208
0.9997471971616898
1.03317811437843
0.9560504600021462
1.0260642888433873
0.9927677630359218
0.9888597452822977
1.0277737515153582
0.9722794843492395
1.0348828485669619
0.9720991651615087
1.0304960939788292
0.9747838703450542
1.0272832249050052
0.9755843879118586
1.0267478955720741
0.9775257606140721
1.0227217616266968
0.9884906353737101
1.006536487814758
1.0106097689145972
0.9840315138484829
1.0202277763193839