17.984363585675435
15.249767934404677
15.146248331313418
15.697295862755016
14.975164617326596
15.394963940724082
15.31800344139501
15.34225532306612
15.05873164209769
15.030997120717418
15.28711370460357
15.155936966266246
15.127698777168714
15.12970977296093
14.92773459176891
14.76134902053097
14.747273545690302
14.749131666643065
14.682522265296463
14.586528953736606
14.515760178259997
14.473642706459353
14.414958572023915
14.284532440135326
14.086507675850504
13.932525932815597
13.928467167889714
13.938497570129307
13.72333727574285
13.499546694891995
13.578248943148285
13.484634527281125
13.224865098046847
13.288300080669831
12.95895633605653
12.902906300202394
12.82521678723179
12.630270897293764
12.499714882816107
12.376164357574241
12.19658107776811
12.134714442455458
11.832938646771456
11.843229326833397
11.648098923581667
11.332996021864036
11.396322069573959
11.213226178001543
10.906291779002673
10.690251098127874
10.71673388014774
10.611788969073162
10.382279231863508
10.141268346251502
9.864493929499726
9.63140948846465
9.469650207100118
9.308089812691334
9.113114308649466
8.907781052544374
8.718139018838173
8.55991165219878
8.449730293800561
8.391395383867966
8.331014039600774
8.145462920818995
7.773296097540812
7.42214474827675
7.396125010066688
7.441842882114014
7.0088178616009165
6.654270598487561
6.855843449301332
6.422653373271603
6.171022470563826
6.345315717394384
5.63801003481769
6.0033327811428965
5.2541125103197865
5.678359133440957
4.819772610070266
5.336649413083464
4.561619831644901
4.613565806699982
4.803550680756389
3.7828028442116257
4.1597939816339995
4.500488187671322
3.489604594160358
2.860476952387467
3.545100442630839
4.384776898309282
4.338327250777307
3.5016166013789776
2.410556641141743
1.4759027313610922
0.8445849278771516
0.4798114089000639
0.29576410196979513
0.22724546047916294
0.23913491011532745
0.31908552159806985
0.4680213356758785
0.6854374491647325
0.9471132650886519
1.1831184763412248
1.2842758385754562
1.1766943555260427
0.9460288974044654
0.8436780720503446
0.9975647279411464
1.1337501762282396
0.9917253589188951
0.9078245947651337
1.0710097796925033
1.0060420460555868
0.9424364466104709
1.0747550203366574
0.9435507543458737
1.03950082097207
0.9713633284452584
1.027775499605408
0.972152595649158
1.033852856018661
0.9616160397724587
1.0382141683275823
0.9783794387103595
0.9923218737737419
1.032970655053532
0.9770601252270483
0.9845848863543659
1.0269205677520208
1.0140910207017828
0.976377778122715
0.9805002231540627
1.001707679600507
1.019489730604278
1.0245174416894882
1.0141741302939646
1.0031056568712502
0.9988210859106695
0.9969341609981914
0.9951246773012451
0.9956779694212133
1.0003515105942127
1.008094149393165
1.0152890772002199
1.016486396103966
1.0075875025989025
0.9928856513830504
0.9877753494555257