27.86001974053135
27.635480354438958
27.941397440387817
27.329554021168054
27.891494398815365
27.544077572696228
27.615477662807724
27.387970015546767
27.212205585149476
27.41997532854527
27.49981177302409
27.310658484638275
27.069486629012967
26.89683654612464
26.767337765976325
26.620852578054887
26.42801080392984
26.220697196209304
26.080753220992484
26.023213244042065
25.919206787551662
25.762290559536524
25.669924795853586
25.32490246505994
24.998316558944726
25.094041915011577
24.659203100765577
24.468139065243328
24.331655638140248
23.92361613265946
23.9133461254322
23.364875782620707
23.38576242327009
23.001351372097332
22.64522880880894
22.540821789789007
22.13612362589316
21.776197080705703
21.624156192359283
21.444445046315654
21.133149310866237
20.754596023299033
20.374544270147254
20.010634477483922
19.664294494808946
19.35413231797893
19.105866480274194
18.881935373778695
18.560370904274873
18.104097673768262
17.64302157404768
17.320670569550767
17.18394966442705
16.712126391915003
16.236691087987865
16.173175962389106
15.511490430481336
15.425523590906023
14.836966587839328
14.734552994197607
14.064474125313339
14.02173621344993
13.55578568531426
12.994293312422863
12.89146968075919
12.60924691371498
12.0470843017834
11.552888609178954
11.230593472308305
10.978958308332455
10.709767736768933
10.398606263697351
10.047790272521777
9.651381232433643
9.194156125080674
8.719096343052465
8.409829951534213
8.389433800756347
8.262440987909562
7.556762309036441
7.0358376423612645
7.300163655648941
6.559685512817845
6.2590968289921305
6.281500210626894
5.46465685983452
5.679793293721798
5.103253498967761
4.540596975370952
5.309977778861792
3.8384380208752225
3.4146476818523195
4.725222198394881
5.061663230948401
3.868452382075174
2.2989919802623073
1.1521238781561958
0.5272444757458183
0.2541001155836641
0.175728370119334
0.21142282167508344
0.3384646007477468
0.5615516092536746
0.8714688471748934
1.1809964824749979
1.2978673958057165
1.1006931124539256
0.8465558108869612
0.9441205263345611
1.1394393486210623
0.9499712106365401
0.9692227805704001
1.0753883357986977
0.9228543696390886
1.0739315153756483
0.9377618355247268
1.050737214519673
0.9779849683329123
0.9802013626070428
1.0517742563409846
0.9788327168144838
0.964920912160401
1.01917751710556
1.0354923156813707
1.0104261507492154
0.9837471993471388
0.9714124761913093
0.969574199396559
0.9718202276771916
0.9750504336975624
0.9791567343587709
0.9873535906998976
1.004511395605145
1.0225574825553492
1.0138538773288595
0.9840601339628771
0.9893306518753866
1.0163132828878323
0.9978571697968176
0.9889119141716003
1.017016265471108
0.9823683698739094
1.0167027268823419
0.9852918781915722
1.0121701186144254
0.9918467287600228
1.0003295336272995
1.0113851127610378
0.9892314648649008
0.9917610209689719
1.00840594209653