27.920890823151403
24.047423326000178
23.27346664046089
23.18851882508628
23.34505700197177
23.01166728776985
23.105817211818408
23.11586183432666
22.930529623706835
23.055247120156736
22.900153796651757
23.04312819250466
23.023379411542535
22.796345827270404
22.67501190899137
22.481932861580603
22.519958506485203
22.389602439516867
22.19706537567673
22.222331588404174
21.802715603294526
21.835045803752347
21.552292850292403
21.56474880843744
21.22931081243169
21.28069189756059
20.885075097916797
20.774598115104038
20.691407940999348
20.3324029167509
20.157923852621092
20.138527800445054
19.953539326772713
19.619399693560727
19.351395110503084
19.099435331011396
18.787909478416484
18.60678556590299
18.344655393642995
18.104214181599612
17.89115849005359
17.693380868487328
17.536164293841605
17.371381531284527
16.97884051255562
16.60044488823568
16.390440140194126
16.267497315619448
15.836518528738374
15.562945028199692
15.480970740831681
14.910086497525336
14.881994817084474
14.334999157328783
14.31497266304035
13.741050552998745
13.731689882604934
13.262355082790114
12.921186037959846
12.88697441415059
12.454189155903924
11.999109648184726
11.827233660108428
11.68931403537548
11.423615272330252
11.062512306240102
10.646431918649128
10.282230014494534
9.978321889196168
9.664971958607987
9.446084785011438
9.230568173024428
9.094736884464677
8.833688526386924
8.393478725905192
7.810300368820628
7.583610478097152
7.725689496704461
7.215696168803706
6.6069000079077735
6.928692165858223
6.1352958557873
6.173383890221812
5.7791940798603525
5.5936820494621315
5.105461628409711
5.411115265782378
4.1831791890106595
4.9638576986463026
4.5614868825502235
3.20964334021431
3.7253367319809163
4.83764134707145
4.670333366211067
3.403460395831712
2.0152006903519344
1.048461656885487
0.5102632806991066
0.2641743248508278
0.1896366350195133
0.21607057596064197
0.3317994269642243
0.5322764765591433
0.8196876829232369
1.1180933216338875
1.2909858419149103
1.1893862600241485
0.9144642893416745
0.8575280934247348
1.085081482980282
1.0769011027179183
0.892607321783049
1.06377251502495
1.0020446469834712
0.9699533636543204
1.04246404143468
0.9588108299491838
1.0262438167556098
0.9939501535493128
0.9732968858603757
1.0453628213075827
0.9645409858906497
0.9865167183837132
1.0414565196165353
1.0088085577748787
0.9674699407065213
0.973621807269573
1.0041225656580632
1.0244864073475028
1.0265045455836876
1.0275211928755736
1.025628640072475
1.0229146448202553
1.0252235748583154
1.0180270724062352
1.009257167180676
0.9893238774838893
0.9799872645689522
0.9963033012710569
1.0155434173727913
1.004538747899433
0.9847975312071112
1.0087347349098754
1.0027017329053634
0.9870556503101712
1.0151827723714375
0.9873300620431964
1.0153484408600997
0.9881688257978378
1.0131607687039523
0.9943841095532551