0.6112165670517847
0.6142547441351238
0.6233752546425205
0.6385936186065998
0.6599278063585481
0.6873869543321599
0.7209566553125232
0.7605818368449104
0.8061484293535178
0.8574651446187305
0.9142467283098797
0.9761000140586834
1.042514066679082
1.1128549836605885
1.1863672949913548
1.262180852412478
1.339324636566547
1.416746235291823
1.4933380078168206
1.5679664784022291
1.6395073254406858
1.7068796813925229
1.769083998583545
1.8252361184758146
1.874600550861618
1.9166178054722027
1.9509264002055313
1.9773775813933419
1.996041968375412
2.007207576319778
2.0113690659344203
2.0092084790615985
2.001568124993788
1.9894166635705426
1.973809768591414
1.9558470316643286
1.9366269679888657
1.9172021009950335
1.898535987233763
1.8814649789024558
1.866664214212686
1.8546224493371601
1.8456250275277082
1.8397445404880641
1.8368444655771032
1.8365887031266486
1.838462528064456
1.841801312097913
1.8458251737792202
1.8496797768753566
1.8524799080927075
1.8533543394244933
1.8514897576054303
1.8461716718046235
1.8368203483818017
1.823020053809098
1.8045402043876841
1.781347401025629
1.7536077907269916
1.721679617570041
1.686096366826094
1.6475413219813437
1.606814807299659
1.5647957513173285
1.5223994770921379
1.4805339864376792
1.44005667653277
1.4017337067396558
1.366204957409451
1.3339549294761144
1.3052920933255576
1.2803377412991237
1.259024582108127
1.2411053162716448
1.2261710214956705
1.2136775904412287
1.2029798130164686
1.1933704813681674
1.1841226534479132
1.1745326593002479
1.163961412249254
1.151871651795353
1.1378589465476552
1.1216746169440452
1.1032391841493574
1.0826454941723829
1.0601512478755601
1.0361613826010072
1.0112012228348204
0.9858821325158755
0.960861519103664
0.9368001626408683
0.914318994132618
0.8939585037561586
0.8761435007035621
0.8611552980708581
0.8491136454522958
0.8399695194585945
0.8335094941272522
0.8293715353944972
0.8270712813500775
0.8260371121378015
0.8256516486158404
0.8252967989360128
0.8243991412432067
0.8224723217068348
0.8191532785824025
0.8142294766181511
0.8076549353644042
0.79955362514543
0.7902097311636537
0.7800453113958368
0.769586810786364
0.7594229648465345
0.7501570582141239
0.7423577559661003
0.736511799069068
0.7329832003644131
0.7319819211751881
0.7335452291771112
0.7375334015944537
0.7436405299347695
0.7514198267172982
0.7603215649934888
0.7697406121945672
0.7790695707684615
0.7877529054431632
0.7953371941644013
0.8015128289518955
0.8061431189265612
0.8092777750088429
0.8111491088538983
0.8121508466087414
0.8128011029248444
0.8136926284481527
0.8154347790243524
0.818592610010924
0.8236290118982342
0.8308555506466556
0.8403973746032921
0.8521757971020477
0.8659110240882648
0.8811451947544102
0.897283966348489
0.9136528596535277
0.9295629137395236
0.9443790287405288
0.9575838576199523
0.9688303311558637
0.9779768785112937
0.9851010707479942