26.42258267761512
25.437726366396646
25.276918391398166
25.838495925340784
25.07048574281391
25.37845647826026
25.25409251035914
25.481356320883112
25.398434730045718
25.069588111466405
25.065951014464
25.03563656763669
24.846499825662143
24.697867232799474
24.660833328507408
24.654142435738333
24.564957028877245
24.335693704827083
24.07958705972955
24.014566675617154
23.996490437394623
23.641799624485657
23.399285239727668
23.416202615351377
23.05510463438345
23.122718543660646
22.706305624570632
22.622828951520837
22.287253996857103
22.28969556554759
21.8256602861846
21.71772186284184
21.556406012424706
21.247290472259838
20.83935462186501
20.77993113945719
20.584446423199374
20.33701265962694
20.063032405675074
19.68946673024694
19.376361879987904
19.136620320789675
18.892823165650327
18.638698200022038
18.390327779352415
18.10964887572186
17.725116902436007
17.27588085434871
16.990065963066666
16.890276755144143
16.517572877753384
16.044393298495528
16.0097138501796
15.518368681579233
15.244247211068544
14.920454215537681
14.597364628175697
14.266310298347237
14.040773556742566
13.487397758623144
13.435572645435151
13.03062913583851
12.495203470066693
12.327972790799338
12.185843412710117
11.814299804266692
11.299540690313902
10.884724138695162
10.522803546824873
10.177218475782693
9.857441524891977
9.539175813162705
9.222988075841362
8.965235982189427
8.82248256737719
8.716353233881334
8.364278075094303
7.685607503185257
7.343627766557796
7.541019368939083
6.937492001545788
6.431518408808506
6.735690095501255
5.660778867320905
6.210493331544581
5.036071745040275
5.743992360036187
4.502838810076022
4.765721137874347
4.997376509311942
3.467140316962451
3.5474715794182834
4.813754034772724
4.867508112477893
3.6303743374834485
2.1566269369517164
1.0953820516087356
0.5176497598525002
0.2609958888660517
0.1833760984599713
0.21397958613623355
0.3332136630132928
0.5460769393962871
0.8439323731829163
1.1503103280941933
1.297433646760056
1.1502374819553107
0.8773096058017842
0.8941979790491885
1.1260359111122098
1.0139405155954027
0.9101454420341617
1.095531128700436
0.9320094154288824
1.0527578476333863
0.9597816822256264
1.044249184535231
0.9486861394564219
1.0548647343408626
0.9692512929866903
0.9853981588143811
1.0429794570320658
0.9964813242524779
0.9601520162697155
0.993164545957467
1.0268841947886986
1.0306896392332499
1.02338272869556
1.0107312060809905
1.001714529911081
1.0022634169254054
1.0092120513856278
1.01797761923021
1.0235624472031406
1.0178039759470432
0.9970183448641792
0.9794711286457113
0.9941189419942
1.0181271832150782
0.9973138726846188
0.9887554122370052
1.0181197780141469
0.9877386605978004
1.0060952179078921
0.9944695518970917
1.0070793560246691
0.9913236529717999
1.0110641086395615
0.9889266827597818
1.004107881382561
1.008619002710998