18.802041443183132
18.147813873792117
18.207866800446073
17.878005268099916
18.185661553105017
18.371513179188387
18.018103234816767
18.194479597207547
17.796839758253615
18.00623262562682
17.710264867425263
17.8195775641534
17.75325672779594
17.567140335880687
17.762872191908755
17.63515890157101
17.45243789281139
17.486209253075515
17.41144530378789
17.19046362217967
17.054344861692293
16.97385363570805
16.833970135490347
16.806508417926203
16.805750512767236
16.610670582826288
16.559915252436486
16.39452052249215
16.237845098962325
16.068962789248445
15.847406082021005
15.63557311724091
15.524490826140976
15.417115524978385
15.43206990633349
15.1560943818647
14.81492309876315
14.809448089611578
14.748270713303738
14.32147065049677
14.249207915794107
14.145866302554404
13.816048973450625
13.854535776298045
13.408181428868728
13.453255375672587
13.003960314342594
13.020689501538252
12.685665624634762
12.472035272493084
12.461256226904604
12.038168977973973
11.859222281690004
11.834047602303258
11.514073213518431
11.120285401696298
10.93831426445619
10.872255614532113
10.735476401535609
10.53922760463636
10.31801179601572
10.02956211043885
9.793041489091454
9.579207602659222
9.365328567886579
9.21392039779863
9.00666214974999
8.781710468366066
8.406735603158658
7.993619824176172
7.757297504814597
7.770624015867498
7.701442676881645
7.149417597275289
6.86182658766422
7.057287889840296
6.463716544916173
6.316161889542504
6.352353579602954
5.6384908193529775
6.02218672989004
5.137654173061353
5.608178938344199
4.7813058481121065
4.923735102740233
4.890370898197287
3.8944972848695523
4.5814573223886965
4.454806238302398
3.2023940535700905
3.1966328153353816
4.235656405064318
4.657063388559299
3.9805538068208293
2.7726810368641783
1.665466104512522
0.9200045505250848
0.4883289107517704
0.28152508521795
0.21043706497699038
0.22866938820155702
0.3235776198752193
0.4930745002058977
0.7388083607653084
1.0180813352297122
1.2395302356823255
1.2701980148899514
1.0722079590795168
0.8592823544229523
0.9038664087599307
1.1111073029493441
1.0575338538159411
0.8963667165578938
1.046068194869724
1.030248205221982
0.9350332013925698
1.0763458309028386
0.9389102243739804
1.0564990952608082
0.9487512381113604
1.0503214418791325
0.9496147215065208
1.0376363603677958
0.9865028598869122
0.9783912259781625
1.0397685419899425
0.989528499328235
0.9730228792830931
1.018701124311687
1.0262407335464894
0.994888078658373
0.9753352530090794
0.9786355984490424
0.9920758301132027
1.0090720208762916
1.0170571623985545
1.0170378976567838
1.020805015451945
1.0153731504513133
1.0139539769693409
1.003287506611587
0.9946670539658724
0.9820446682626603
0.9872122163396209
1.0004098905337504
1.0159040019180388
1.0057413423197301
0.9839133851477576
0.9999042267167263
1.0145045404696686
0.9890364777887832