35.197285446375616
29.588390543687357
29.7243571390826
30.35399336523405
30.047485781694697
30.236482861837125
30.133790600849736
30.031869846500864
29.933770378862956
29.90684264541441
29.50956449867028
29.587578855597542
29.354701782144407
29.189205313224555
29.248854489704925
29.093139039282324
28.933091008909575
28.758603960573247
28.376152197332
28.302008537656313
27.977858689872
27.91085155612159
27.61403465749603
27.57124049728722
27.401875921268914
27.12434703779899
26.826889992602943
26.491677703548646
26.34567046652005
26.080995507612734
25.611750338782713
25.576065301930537
25.14281172262878
24.96245427355782
24.55651780330723
24.379126023031667
23.83864112294524
23.743967459688328
23.33901440269876
22.922690646795665
22.7450700410012
22.44009652909318
22.02857556437951
21.585896346354332
21.132211771325156
20.829220769583888
20.42462201502002
20.10331536177163
19.673047366046603
19.35570185319294
19.015490626609996
18.76969264442236
18.497373192223996
17.94339861456264
17.395403128779627
17.24444406366222
16.85681191544957
16.272862438796256
16.192776220991966
15.483853784248808
15.409510794936935
14.686801439341464
14.625918404016598
13.975575911178947
13.577603787207918
13.455830510563713
12.882672322779355
12.319177245473023
12.041625719584014
11.865320774977732
11.578749505248004
11.171904399288717
10.794685818289922
10.396688262211535
10.082911182812595
9.733445444800905
9.333859296850019
8.75850051171412
8.106842846399038
7.866303972696287
7.991577148468155
7.394478624238582
6.649499510378925
7.035492138245298
6.019572432337773
6.210623762998177
5.4292682940087555
5.730150906460384
4.449579332488475
5.429240755974279
4.325400916705221
3.3564192055988515
4.592485919686423
5.211869765678147
4.114037531150492
2.4480298327907564
1.2130029081730282
0.5387881240347238
0.2517479232315707
0.16894892721042828
0.20856790608092582
0.3402036453721089
0.5789597220063853
0.9016389191951577
1.2045126258093615
1.291909345515589
1.0546848007042502
0.8280570207003746
1.0008718100100815
1.1287551703919543
0.9037228645043923
1.0438388957729952
1.0065063439019506
0.9827871074832003
1.0170950444240963
1.0068549303235326
0.9694429617275175
1.057537741966717
0.9617411136356894
0.9814254261090093
1.0431668267548573
1.017242374942343
0.9706515538860695
0.9631847923801404
0.983794333083942
0.9971752968048555
1.0085335959048767
1.0066711464211684
1.003664209788061
0.9890349703095969
0.9800504885101885
0.9778296458180146
0.9970722933297239
1.0220844058130323
1.006078357201951
0.9799338007491608
1.0089590650142894
1.003027115475521
0.9860999885099174
1.0152331440812197
0.9840030396585506
1.0139101401819794
0.9879417040645282
1.00170151251891
1.0069730031911905
0.9868921174528564
1.0037004885673309
1.0124809448148686
0.9986760837246974
0.9902393295912314
0.989822091725846