1.5982592328762173
1.59607749918815
1.590175118105891
1.5823685325466925
1.575330106149258
1.5721166989539466
1.5756213854711216
1.5880372558234617
1.6104196029300935
1.642416022568848
1.6822066386107721
1.7266618390344983
1.771690852473206
1.812728043026635
1.8452801468133313
1.8654550474345135
1.870399762566473
1.858591787112439
1.829955548615863
1.7858039824249285
1.728631633485661
1.661805156300107
1.589206773119838
1.5148851537863515
1.4427577226342958
1.3763908224036605
1.3188643332229042
1.2727090964481667
1.2398923853785304
1.2218214606289004
1.2193388926571664
1.2326935521016127
1.2614863683797066
1.3046056358534832
1.3601785549722147
1.4255729346209174
1.4974779259404176
1.5720832411897403
1.6453591316934248
1.713413382096677
1.772887366897671
1.8213348244320755
1.8575199366603579
1.8815791029727713
1.89500812230569
1.9004573556094384
1.9013533488214946
1.9013923853241415
1.9039777742775326
1.9116841175669703
1.9258362718637136
1.946272357869959
1.9713350685814228
1.9981014751911996
2.022818690158649
2.041482979677292
2.0504707977520207
2.047121224014405
2.0301745264478996
1.9999934936170485
1.9585288219646728
1.9090316587971672
1.855558417251123
1.8023479228751553
1.7531739106764688
1.71077717221443
1.676476555074762
1.6500171707394418
1.6296849252728065
1.6126628322018597
1.5955686964761298
1.5750789655922506
1.5485304845780354
1.5143953558411698
1.4725466715047717
1.4242700257106653
1.3720211482645293
1.3189754537153549
1.2684525150598789
1.223322320609265
1.1855015595457397
1.1556328982087516
1.1330059814959108
1.1157330154424958
1.1011441713799153
1.0863258994947949
1.0686976066979466
1.046514390730396
1.0191975577182557
0.9874281887236231
0.9529858904463782
0.9183658809430895
0.8862529886108234
0.8589608681801979
0.8379528954287119
0.823545592081936
0.8148576686146913
0.8100164644522169
0.8065782995455886
0.8020722195209944
0.794548219942747
0.7830081582978529
0.7676217363544786
0.7496767122989016
0.7312721404264815
0.7148227108868919
0.702487656850135
0.6956577357037399
0.6946231214105405
0.6985045946133651
0.7054688363325742
0.7131798730905563
0.7193793295562502
0.7224532249325232
0.721842433952381
0.718189365368099
0.713177571741218
0.7090987984813218
0.7082538603072454
0.7123408541518313
0.7219923071808748
0.7365888834697778
0.7544069297078027
0.7730686999868231
0.7901801499738914
0.8039853267096553
0.8138555362301515
0.8204710704048636
0.8256348216271602
0.8317596439867044
0.8411665771713569
0.8553907561156674
0.8746981370665757
0.897960412620611
0.9229375984456458
0.9468964768979208
0.9673904429095799
0.9829704324980885
0.9936086556615072
1.0006964491073542
1.0066037617895827
1.0139237308237514
1.024629285986731
1.0394052207653914
1.0573734576372242
1.0763116262539156
1.0933098278748496
1.1056662142576235
1.1117367087329302
1.1114591096336082
1.1063699356968972