0.7885425693822927
0.845322978238574
1.014477711446216
1.284796813142922
1.620305132950855
1.9556908237272357
2.212572958219971
2.3304344477959256
2.29322346697179
2.1345497616999323
1.919229788139181
1.7143593099190395
1.567253551914983
1.4989259724303938
1.5092078004051468
1.5838961502342692
1.6984898414628051
1.8209001314679665
1.9183526172460463
1.9688851880342007
1.9708651608101473
1.9425084106418482
1.909818733549741
1.8903131961191233
1.8834326427301633
1.8735658468231307
1.8424071084395572
1.7815897711849584
1.698082752767125
1.6111704928641302
1.544952409962718
1.5206787791687004
1.5505327093548054
1.6328182777646756
1.7497625549915115
1.870893596826117
1.9635402015259602
2.006961374510432
2.00205409090758
1.969455670520194
1.9359476137432101
1.9174415765078798
1.909751512122463
1.8931235966014048
1.8469715379685023
1.7646223026232832
1.6587422046549598
1.5550528976669047
1.4793333508263242
1.4456399239901767
1.4514802877889783
1.4811920775528835
1.5150862648676646
1.5400255621310364
1.5565631183981652
1.5785843839757956
1.624435582767158
1.703629216868889
1.8075057437713218
1.9114931292275896
1.9893994136568371
2.030708900461477
2.0478347302427746
2.0664691839035227
2.105115777411008
2.1594346754507034
2.2044579651568625
2.2138602310907607
2.1811792351159416
2.1254605928368058
2.076166561595877
2.0495176033586984
2.0359884429267168
2.00952874513978
1.9506481011998074
1.8635806808249655
1.7728560181761426
1.7024977267848376
1.6561575928493597
1.6154622164913777
1.5575929454350916
1.4761081986715352
1.3864448839429067
1.311626696352109
1.261621793654132
1.2252377117701851
1.1815607204931347
1.1198263010536267
1.0490716144930696
0.98888823368367
0.9505523702479249
0.9267160204654313
0.8992776138471569
0.8573481011958113
0.8075733246867203
0.7668693063569956
0.7451704152781865
0.7356519926476583
0.7221597470498594
0.695995594483147
0.6646627912182955
0.643581690705498
0.6396155619389864
0.6438991840483648
0.6416047575695891
0.6280980993398623
0.6138993358172598
0.6129297763117942
0.6269450793906847
0.6435440758264678
0.6501990737950022
0.6485907103717685
0.6527676862680416
0.6728864929390187
0.7031615684734367
0.728336993980804
0.74155827540901
0.7526370386965472
0.7764169598625862
0.8146317177777178
0.8531620275887831
0.8786532705987841
0.8946940408468399
0.9174008675621252
0.9551180320685605
0.9971738849035537
1.0263001566685308
1.0398146675240598
1.052768597126726
1.0783592334550232
1.1102075984893591
1.1296765501181156
1.1294561223325739
1.1228425047544541
1.126046178236716
1.1364675866657974
1.1360189904526825
1.1155466987865792
1.0875721959945526
1.06974421827232
1.0613862113223167
1.0455850509603704
1.01414409080263
0.9804116381350421
0.961604954777609
0.9556359842963649
0.9457876522322107
0.9265652199439025
0.9128274449975442
0.9183961457679904
0.9356786019007037