1.4239949769684233
1.649324873413538
2.2434150564202073
2.687561215722646
2.5394653657224002
2.166586150551448
2.03099933907974
2.1699134654855916
2.3776753473981973
2.4047892132516195
2.299522296201947
2.24214193171393
2.2160355224179282
2.184237991683302
2.1857133191761213
2.284712630861474
2.426288833553951
2.3879473218379297
2.1551412141302198
2.005583348028396
2.1239464329106763
2.3716948010354417
2.4439136226464147
2.2973723315039116
2.1644058858799946
2.134368924883448
2.123085020835116
2.1188430226346964
2.2141964059849286
2.3826542295468274
2.3999789447395385
2.2138799125434634
2.0565317822699574
2.0493923795114415
2.089441976433886
2.114861451162759
2.2106028181755066
2.3581299960889464
2.3554087963629953
2.1928266860624097
2.075260905784789
2.0326711902423336
1.9720329771585408
1.9564693882320348
2.087968503811601
2.2469482508958207
2.275374574798919
2.2628816448514053
2.2660362998580514
2.1537044300677106
1.9729873518608938
1.8955046621909315
1.8823827009905025
1.8536108461741696
1.905684034022171
2.0621133885922984
2.162131012681982
2.203272959802669
2.2851999881955387
2.286419680830971
2.1672987162030495
2.0811115674868628
1.9838596650298552
1.8149827967849397
1.7130868538681794
1.682254349819856
1.630044291118598
1.6413967851055358
1.746108873162627
1.82333998393023
1.918858264545617
2.084801032717583
2.1858717093358626
2.2649085272226537
2.3881366982992196
2.4170561100091823
2.418612295062848
2.450707554284299
2.381968905668697
2.310957433060159
2.261153241225978
2.1240181707732115
2.018871577353646
1.919750717255928
1.76051117848194
1.656948777488383
1.5385298466010149
1.3953599667938457
1.3102559386645303
1.1930434522890383
1.0872743439456494
1.0202698396635979
0.9186965419678982
0.8548134200498373
0.7982668681244476
0.7243031743128661
0.6932578037453929
0.643213915478566
0.6049615238402634
0.5905191832299648
0.5532903295297922
0.5494575303901638
0.538822731261436
0.5281547996617557
0.545276805216014
0.5403843318920083
0.5640805537021536
0.5852049551181318
0.6028888402192051
0.6495099681216802
0.672275451497554
0.7239009306122753
0.7695097735208993
0.8105461055221144
0.8775219088979249
0.9134935477548675
0.9783437610544411
1.0233524313985114
1.0633704821698349
1.1157064911226031
1.1284842782330282
1.1659261457447276
1.1637206614395972
1.164022402407106
1.1549376560886946
1.1167507233080012
1.0984917802712975
1.0418923058167837
1.0127486830375396
0.964688906392074
0.9337406799098195
0.9147890541899618
0.8976966917241365
0.9153115735190798
0.9211545342705958
0.9658407442673036
0.9883991106006627
1.0346341823390772
1.055224648502236
1.0737630604724833
1.0746181632311231
1.0532069163382691
1.033811596944587
0.9895547668827703
0.9716235614453378
0.939304563295944
0.9490298286183847
0.9500145904803246
0.9884322418635046
1.0082885974565816
1.0433608858984695