1.7999231234053477
1.7995493507565814
1.7984289262784252
1.7965645281420175
1.7939606125228993
1.790623402440866
1.7865608721447566
1.781782727051312
1.7763003792503538
1.7701269185916682
1.7632770793726806
1.7557672026498896
1.7476151942014575
1.7388404781733187
1.7294639464466028
1.7195079037701837
1.7089960087091187
1.6979532104669668
1.6864056816483488
1.6743807470371934
1.6619068084757822
1.6490132659408114
1.6357304349240154
1.62208946023787
1.6081222263802255
1.5938612646063879
1.5793396568726943
1.5645909368320423
1.5496489524595636
1.5345479055059073
1.5193220274708064
1.5040056171053955
1.4886328931996426
1.473237882715302
1.4578543077682944
1.4425154718018818
1.4272541453145564
1.4121024515290879
1.3970917524116986
1.382252535472517
1.3676143018001916
1.3532054558044855
1.339053197160693
1.3251833862231055
1.3116205646954018
1.298387664543748
1.2855060482548335
1.2729953681859736
1.2608735630188992
1.2491566464386001
1.2378586880302054
1.2269918637810053
1.2165662357424607
1.2065897618995933
1.1970683499536359
1.1880056734043662
1.17940325019926
1.1712604110833111
1.163574301821657
1.1563398966664078
1.149550023408026
1.143195377067189
1.1372646606059147
1.1317445105984327
1.1266196598600178
1.1218730014923892
1.117485687090338
1.1134372370444219
1.1097056626790327
1.1062675998674807
1.1030984536646224
1.100172553393592
1.0974633175172406
1.0949434275178636
1.0925850099013632
1.0903598253356483
1.088239463828416
1.0861955447480593
1.0841999203942736
1.0822248817334394
1.0802433648292
1.0782291564223747
1.0761570970475975
1.0740032800183856
1.071745244568925
1.069362161411149
1.0668350089507614
1.0641467384070558
1.061282426099691
1.0582294112019024
1.0549774173149864
1.0515186562936585
1.0478479128467564
1.0439626085529683
1.0398628440666788
1.0355514184447674
1.0310338247005155
1.0263182208851103
1.0214153762095493
1.0163385919487327
1.0111035971135336
1.0057284191338351
1.000233230063685
0.994640169096276
0.9889731424587385
0.9832575998232482
0.9775203023366841
0.9717890502854315
0.966092414103618
0.9604594617165018
0.9549194325226033
0.9495014621573137
0.9442342313339883
0.9391457179938103
0.9342628219917845
0.9296111272131086
0.9252145526505631
0.9210951043324277
0.9172725974498974
0.9137644462207946
0.9105853995846186
0.9077473795462576
0.905259313146333
0.9031270044747405
0.9013530421439311
0.8999367443449299
0.8988741432011134
0.898158009684538
0.8977779198710684
0.8977203627887398
0.8979688830142375
0.898504296428556
0.8993048796076402
0.9003466613412291
0.9016037159810643
0.903048494368871
0.9046521821135297
0.9063850809317961
0.9082170082815898
0.9101177100811432
0.9120572809305533
0.9140065859435302
0.9159376780647405
0.9178242045998649
0.9196417966279471
0.9213684350045084
0.9229847868034887
0.9244745062893104
0.9258244948584315
0.9270251148423304
0.9280703526186014