2.813525622471547
3.7061026939974777
3.747259469460812
3.607003562998113
3.5261990825382568
3.586781342723114
3.5899858144871915
3.5330658461119784
3.602968303956217
3.6115993417633176
3.5578760645091245
3.6259403137758914
3.5622857967235104
3.584601898062051
3.566808174339579
3.540933451884319
3.5469582698006894
3.510451657556253
3.5214758797560894
3.517785293392558
3.5106261030457597
3.5462593809757417
3.4711403059225177
3.5008157748428337
3.4574162374047877
3.4489782628692494
3.4947571627815135
3.4260191932976727
3.3922839924937387
3.4468971510825326
3.4222602761314116
3.358745198224376
3.358143468515081
3.361314046955266
3.3775601926345438
3.350168558546072
3.2922804357836486
3.273658908203049
3.239801097455689
3.2547985294736645
3.235600829634721
3.2481377385565318
3.223147350021586
3.220108333503879
3.197806776733266
3.173095720626188
3.160807329933944
3.11748103956727
3.0890074093614626
3.0542738787381043
3.0034135802900104
2.981468446537938
2.9888252602103904
2.998061165143392
2.988910088583779
2.9415174579518464
2.872970276763959
2.853034789358746
2.8864138028190114
2.8557822620380713
2.754962848829718
2.7604672613882313
2.799808029743693
2.6892494040759454
2.6854242190579876
2.7189759982249773
2.5835858564885665
2.657264176464706
2.560947151247191
2.552309503729106
2.537498146855371
2.462834559090181
2.482851143510037
2.3998299396066973
2.3941876456905358
2.380914277273759
2.270886555309742
2.3890537979492628
2.1682022965472663
2.265918075608732
2.2447690520279266
2.038227727905829
2.186029396477772
2.1822757208797454
1.9207635430551457
1.94222410843375
2.1420799874645655
2.0706335461551246
1.7676669044294282
1.624062191021664
1.7941359419780318
2.066920136375372
2.221387945946657
2.143030368032348
1.8973350269400477
1.566580664307595
1.2502459457167527
0.97690900328541
0.7768836163640315
0.6363847776346978
0.5578898145351355
0.5358647487611062
0.5642083834220831
0.6502960955701798
0.782951941728095
0.9402758780369562
1.0899543909232963
1.1712199559888887
1.1396251838793703
1.0212440960473668
0.9135161231887414
0.9208706324054649
1.0272506927976859
1.0767758038576123
0.9934995839100744
0.9391076333686257
1.0215942827968025
1.0446405818672617
0.9597730004362345
0.9997297536418259
1.0340838025002939
0.9620951260838739
1.0204380652985734
0.9986379423631336
0.9849995391024166
1.0218580112085656
0.9747549843929036
1.0256255933613923
0.9768653506194434
1.0238428347049728
0.9816347707554982
1.0152901036834663
0.9920034736609582
0.9958502027512821
1.013033537215417
0.9835863400635004
1.0121825362925991
1.0026778227092563
0.9844719883963172
1.009989229052751
1.0090609987570345
0.9870919481195386
0.9946509609478151
1.0108184702209309
1.0076694222870344
0.9954265812564873
0.9877096268941453
0.9958142932185564
1.0049362007766434
1.0098523306076717
1.00941563687566