3.0847393099449674
3.048274168137832
3.072400303955496
3.0016354131764804
3.0564986812916937
3.1069250713392256
2.955326897096072
3.060576179959887
3.0611493476415954
3.0576127569117255
2.9895525114768136
3.003522103677671
3.0354115208840824
3.0632820182093576
3.023833695949851
3.0116297971118535
2.9522757353828575
2.988535724633574
2.9624494000159047
3.002277285790529
3.007954293620341
2.989972269191637
3.0165782819194185
2.9882807177076263
2.9716769558181864
2.9875948801177716
2.964452022245196
2.9432594931106455
2.9559141441656247
2.952747272823994
2.923064699499654
2.9025381684118985
2.893630397356682
2.870550563750046
2.8308636483636764
2.800569025542394
2.8017712694876082
2.828960367290109
2.8497074750378464
2.830088989623862
2.774146161895963
2.7338349342875796
2.748160309569864
2.771083096541034
2.728830378970927
2.6658032852896185
2.6844415362796217
2.7141166507789105
2.6435434326973235
2.6130187567429477
2.666303090367181
2.6009219218441944
2.5640398419582655
2.62195417253754
2.529203920782978
2.5534485894036196
2.5551665012762648
2.4761391968880635
2.546387517323538
2.42179242871835
2.4961601307926338
2.3820181276060177
2.4566053764731315
2.3516157552039316
2.4243658119877853
2.2889304013223892
2.387253959138927
2.245181626957249
2.341809530632812
2.2296153765182902
2.2212013360243765
2.2805673774925403
2.109076791185387
2.2121097820374325
2.1786149097728
2.0238675370542683
2.1506254233663173
2.1287619038326513
1.933795681223043
2.0062777033512966
2.1134723210037056
1.967255653919293
1.793294281840483
1.874683369308154
2.0373118579224756
1.9947173873273512
1.764886593497029
1.582695920241846
1.6072844107746251
1.8047685639098605
2.0115287258626013
2.1187307066341567
2.059012569821732
1.8808916997719556
1.6343758541038815
1.3663388299133123
1.1285439591646966
0.9283788982967934
0.7697576456316896
0.6609236500803563
0.5943036931155428
0.5640229156673122
0.574589385678492
0.6278492325685165
0.7176839966127079
0.8350370786629722
0.9669759691390137
1.0874638874029285
1.1579095087838855
1.1482778023252012
1.0641064275425558
0.9570718442162478
0.9033312036382454
0.9459426324996635
1.0392210864367057
1.0753949155370097
1.0108096215325872
0.9433910274395964
0.9796191562704892
1.0476241378490627
1.0139023439578065
0.9552279888956494
1.0034972091121344
1.034021840828089
0.9714987473689092
0.9921653355736959
1.0293516628614106
0.9735284801686498
1.0073677322511323
1.0140272749911914
0.9781722227935149
1.0259326613350872
0.9814140604414143
1.011738364598943
0.9929298176416129
1.0001850223617381
1.002132767899983
0.9989754027152831
1.0024570160017234
0.9992047813448358
0.9955625001487849
1.0086704170413132
0.989269053038688
1.0133104227516827
0.9859103968525094
1.0095389473676837
1.0006951876641874
0.9893141840602242
1.0133775806863667
0.99471911346563
0.9926251854857925