2.435634198771359
2.677232489751597
2.7542909047075246
2.8477261370905302
2.9033504427977017
2.87424961985344
2.791867385160948
2.7473236063429023
2.772278358600752
2.7883542076744385
2.7441092367962194
2.718127244966867
2.755499762167515
2.758490753523656
2.715340116249046
2.7333431584115697
2.753427970128698
2.716702196833981
2.740522430561537
2.762475333058397
2.740670404015444
2.782091226333807
2.766301029777846
2.747231313631575
2.7370078021061914
2.674780795409016
2.6874334419746533
2.6705398652029255
2.7231825507615195
2.7084183340344428
2.6910740566841476
2.626965953049835
2.644539757524726
2.6627286618414385
2.678901051747019
2.5958042386351696
2.6037772219733424
2.6299576612938655
2.6190553683912334
2.5535575407956097
2.5767536863511897
2.606405047690009
2.51209794290993
2.5470553939756018
2.5651958475319363
2.469201708567084
2.5329169321334537
2.495459606677645
2.4518853534770013
2.497310161274486
2.413216617057096
2.481068969836767
2.37980899960745
2.4306151232527204
2.3788495436762656
2.3957823073839846
2.3433813441228906
2.3536380708020306
2.3072536530084604
2.3477353027172065
2.2595211763377945
2.331774470590362
2.19799706126648
2.2911779021067127
2.187670890532852
2.2017127881178116
2.236228292726911
2.1043977442325095
2.2064178162107013
2.145690674145962
2.045797296932071
2.1622274811201962
2.0879949075525293
1.9660187602422639
2.0767801270057253
2.0857287115562206
1.9116316236448636
1.903425219821657
2.0408247256835295
2.0067124464678026
1.8159743475871553
1.7516242914092126
1.8810318976125344
1.9913555800127842
1.912078540909608
1.7043877182930327
1.5518299460422753
1.5691192299910413
1.7293471804500895
1.9212157632515687
2.0423857075181138
2.046910693351631
1.9369632480620282
1.7421894475283808
1.5089076352692707
1.2814756584074567
1.0800529909239929
0.9071717634231334
0.770089354937945
0.674852074316184
0.6128600174426629
0.5803904979788445
0.5857069960994158
0.6240768965210587
0.690368610444059
0.7906584403685033
0.9075560887449419
1.021359489079321
1.1173752371878403
1.1553601711641464
1.1290894602664507
1.049739114824533
0.9525824190640516
0.909642784057539
0.9391120201021803
1.024451125527199
1.070546878956346
1.036640794463725
0.9601425066865307
0.952531726164496
1.0154621346656578
1.0490747824171094
0.9894468210214141
0.9616043553488997
1.0137632307738522
1.0321475863581737
0.9740577856112707
0.9870919887724794
1.033033361799269
0.9841500103087775
0.9871484531199228
1.0277116331510074
0.9797746898228978
1.0015543969447174
1.0159172049476688
0.9772870812542999
1.0196443250200182
0.9884035856904211
1.0051258691084313
1.0002970448165818
0.9937533726471331
1.0112669633593978
0.9887621234894022
1.0103763048937828
0.9880388881709544
1.0112345650031498
0.9930477416983348
1.0058473708868303
0.9974448884053951
0.9957115361535099
1.0069713580571125