4.079357084439819
3.956778285437929
3.973775508989617
3.9954558473283055
4.007046909393888
3.9943557518588557
3.9555077565186436
3.9115987197921553
3.8921581690651514
3.894776689302358
3.8825003587868117
3.8612416336739823
3.891202400925244
3.926886630776152
3.858118858158955
3.815557561638413
3.8931187861639027
3.857595342929321
3.8013835814049908
3.850259220902992
3.8175850217031515
3.7919557197751637
3.8086627450089954
3.777280693697655
3.7675939074784086
3.7663210752736775
3.736730180312856
3.731408593275799
3.72793691872051
3.6767697862160036
3.717492936782595
3.6421027358056195
3.6709210008649333
3.630819477630061
3.6109666958418707
3.6275415841930236
3.5631935520637708
3.5397800734628677
3.5763626436833484
3.554447892472381
3.4823558508578314
3.4450747830431134
3.45450375345104
3.4644743994574716
3.445960999512725
3.4049601487840886
3.359229037355392
3.319579523658248
3.287374695621887
3.259379085484386
3.2321730098829202
3.204236907770324
3.176462153805742
3.151669765228622
3.133045327078349
3.1218582978354856
3.1161327629014863
3.1107834673331105
3.0953757540403397
3.051577767027315
2.9745785781980185
2.9160139604587023
2.937617468843786
2.960606229264863
2.862534152535871
2.7864722998278233
2.8477925511550013
2.7930479212652792
2.6845826442113756
2.7539739720527305
2.6606797682743335
2.6101923842713592
2.656321471650959
2.495087977056643
2.6091428996720474
2.4078415227462093
2.542930142086742
2.333672123568383
2.4474357015507358
2.3099045690479376
2.2728618119207145
2.357190629171182
2.1032042057200466
2.2278935852259867
2.2442660992773305
1.9543269147573599
2.0142302982404217
2.2177519693692394
2.0453836769436915
1.7186502522089733
1.6899040088975552
1.9624078159523561
2.223934231300246
2.248380814497332
2.028847066397141
1.679664132850583
1.316979254087832
1.0087200438965649
0.7783252878415207
0.625273645434815
0.5420432405377236
0.5228595917967045
0.5656143465964787
0.668496747341382
0.821819769148268
0.9965797596528172
1.1372597702612501
1.176366976696743
1.0867285521556092
0.9438368026779671
0.8979233522765442
0.9989860162522721
1.0825496368002905
1.007593381700762
0.936975683587918
1.0204651499059836
1.039388817115779
0.9536548036989337
1.0176655067952087
1.016311412885333
0.966470739621097
1.037711914586975
0.9671176664799105
1.0276710043022246
0.9771094138463107
1.0212862085912393
0.9790493222787842
1.0222725831160564
0.9777556160131249
1.018971621343001
0.9915255616135519
0.9927358038706904
1.0194103761902271
0.9862444634465333
0.9932335353339273
1.016956651438949
0.9995813720549914
0.9856064616013558
1.0001426377152856
1.01269083250145
1.005885861910551
0.9926455218543695
0.9874444233005709
0.9916191589195961
0.9992959187524173
1.0055822005743507
1.0089468218770354
1.0099639883276958
1.0097197447910844
1.0090429696025045
1.0083647896779027