2.721631862408814
2.587217525075242
2.572283330702808
2.5674017593376495
2.572558302943806
2.5878260852481745
2.6100206175407186
2.6311932740862476
2.6395379680896234
2.6242349727500534
2.5837280787545027
2.532564159214463
2.4983014659510507
2.503511262587841
2.542406689293588
2.577351084371851
2.5724988024119213
2.538227466044539
2.524256047910637
2.5478946044241897
2.555758565585642
2.509459396160437
2.475938656665103
2.5223482287547396
2.561479719917674
2.49763533218245
2.4468839675616145
2.50629520072909
2.519861137900416
2.448927203732525
2.4651698404208595
2.4858041775053663
2.4327955181711363
2.4618798279704155
2.446825029841891
2.400496829404577
2.4645371436721937
2.3905055943333533
2.397741567766205
2.434387595195743
2.33798665196482
2.422302193093882
2.337844732590037
2.373431204061454
2.3419452766204256
2.3375885372851526
2.326267124627164
2.3158076434419645
2.3004942647583237
2.2986544818978607
2.268794007342066
2.287106235077987
2.227646807356455
2.283219623448102
2.180314662229073
2.274446434015418
2.150532838586331
2.2283461695307913
2.168837538141206
2.1363550368893374
2.198875065632946
2.0887444669823374
2.1258728290248565
2.148792673810281
2.023911051584411
2.0987254269336972
2.1061844213232743
1.9649377496027238
2.0377431179363605
2.0832857449791544
1.9349284569578484
1.9220251544604026
2.032883042016964
1.9844172996433773
1.8413868562858313
1.8450417872415208
1.9610501764493677
1.9633786425265198
1.81031959816313
1.6972195686713796
1.761057128318384
1.9027084167490422
1.9353164194901387
1.8040186404068128
1.6152699449660497
1.5087337795846731
1.5442513380028566
1.6866924679553392
1.8548554977359992
1.9740204107149109
2.0029893839249486
1.9364761642102353
1.794162835155291
1.6065239414527515
1.4034164282230077
1.2077084316425626
1.0335844026382315
0.8878467685776923
0.7724055775329642
0.6867007405181752
0.629476536687251
0.5997957110236483
0.5973763139988302
0.6223429907150202
0.6744270331584631
0.7516353206642994
0.8485282667352859
0.9545630018362172
1.0534466277918348
1.1248852111348184
1.1499899277127978
1.1201952639481334
1.0465014464087017
0.9622699400687666
0.9120934839455078
0.9259421045835169
0.992372526331988
1.056882732789467
1.061915629056048
1.0048859929840148
0.9514019072550958
0.9661129900162329
1.0260128502703687
1.0419151373058173
0.9901543908885876
0.960154791592341
1.0054529385981177
1.0374860237393222
0.9922888787146477
0.9685850349908756
1.0170437641945147
1.0204582484877947
0.9751011598863568
0.999795589354081
1.0213584885183287
0.9811266211527278
1.0013544440257058
1.0156936063935047
0.9796210023503984
1.0124641019181606
1.0023626003703767
0.985388512608465
1.0196400553144187
0.983582274185485
1.0090367041590746
0.9992279725289734
0.9947201170747723
1.0090191185857595
0.9894570229649944
1.0111388030562178
0.988839552539504