4.111729290619922
5.048366235866909
5.142533315729881
5.142366019361501
5.068685411494432
5.031867749515755
5.084218650938394
5.068802830893386
4.980668373263461
5.016817912784738
4.989550164421168
4.986755999736493
5.0406766796907725
4.964407629596842
4.976530382196374
4.946194033272056
4.969117301789331
4.9320106057233275
4.90128983692375
4.930190201252692
4.892890668615104
4.852690570496435
4.849838756181791
4.873386803180284
4.832883532533618
4.776641830320304
4.763481362974357
4.7262043730663
4.7250687859253855
4.7252645182276485
4.6921143855736736
4.660034502187653
4.639653592189225
4.612689355943426
4.5736654201432145
4.536983626788272
4.520367746129641
4.520514434791742
4.499400516455053
4.431873197437452
4.381983585475497
4.401004115950571
4.368518408223269
4.293789174732666
4.32264450437885
4.246137779351152
4.214777062344337
4.18527213507331
4.1414567531162065
4.120498280408674
4.075765174443149
4.010981653977274
4.038252836264295
3.923098008702507
3.9144480510616377
3.9114953432447033
3.829226851727595
3.749219057268134
3.756309499408985
3.7427521691577113
3.7050564168797004
3.6270328693578358
3.550722091935666
3.496165941519757
3.4394424377183177
3.384348181054833
3.3403121676519847
3.304318337651112
3.27675153408843
3.2619146517221553
3.2478980689405494
3.1950272810142177
3.077869420825426
2.970696930688692
2.9878349635801524
3.0092694921328276
2.842226638694193
2.79408019618913
2.8653521324415805
2.6403309359989744
2.7332487340750475
2.5669266909253277
2.5897582911089483
2.4546394374282614
2.5248072499597494
2.2512983745673067
2.486980691872093
2.172860315232495
2.1246733524084567
2.3800252399296524
2.066500443280546
1.7453980960038409
1.9696381356865125
2.3501291019058783
2.39223436750758
2.0553387936657743
1.5744192977253757
1.1312442795217608
0.8020076167760524
0.5971299383013774
0.4991966294862003
0.49362610593351713
0.5766059090338459
0.7429915269781703
0.9606171430248721
1.145108312425503
1.1814197655280285
1.039955547414647
0.8941702419777745
0.9565004261346387
1.0868086065471851
0.9992162996267929
0.9406825250320514
1.0575351358634324
0.9726385777233111
1.0015738192729997
1.0166672540065098
0.980299409299776
1.0166862049062668
0.9915427285857927
0.9971991896339099
1.0181149633102644
0.973029297902051
1.0187689752895692
1.0076835173159744
0.9771607016931535
1.0012606204080887
1.0211876705815544
1.0053203448884878
0.9854141611773147
0.9838648432912381
0.9902147039799014
1.000553490550519
1.007363167228356
1.0083878260257888
1.0082207572119788
1.0075720490323983
1.0041363432127
0.9974639376864307
0.9903094325227548
0.9882356149023436
0.9957933224319192
1.0073858537548281
1.0065724595351773
0.9924963385373538
0.9936939326212871
1.0079801261290702
0.9968836624141979
0.995993872276706
1.008359607335759
0.9927351616880414