11.603609512719906
11.827857875753878
11.795394866639127
11.660890910320518
11.743596970566927
11.68395315467589
11.661821036183003
11.732300985860451
11.73896195273476
11.6614295384994
11.592443529361917
11.609951577699059
11.544177923819014
11.576148890428966
11.502305063926887
11.421014170152688
11.412316023508023
11.394797457166302
11.281818273176926
11.27457147957445
11.191804682512132
11.126660745591328
11.117725930298146
11.052176231145937
10.951109673172416
10.891678320239343
10.817267423542384
10.75563120101758
10.693233048616833
10.61154136945932
10.472997234160692
10.429833956711587
10.352700243897761
10.253895632839395
10.176899639166498
10.100508740934675
9.956499217880133
9.874696246325351
9.802463123434446
9.720685823199053
9.61403665387712
9.50393961022315
9.40979820831797
9.276697021755762
9.12770494487043
9.040584896111323
8.965394032547286
8.781233048883216
8.726341162802248
8.543369772915401
8.480669967466401
8.353444888508728
8.191174154592824
8.072138331165236
7.957130983887964
7.8419532688167966
7.7113219988083985
7.557487596510907
7.419338178758424
7.333962053171305
7.226981901042499
7.019433477592836
6.953803350530098
6.766001906480958
6.697729784539221
6.47714646733527
6.376669396893115
6.286029846093785
6.134952320033519
5.9730103899272615
5.816885067796533
5.694565672387739
5.582156257021318
5.458630531416646
5.2359467352204465
5.063839453553965
5.042582903185184
4.768004248856287
4.759316264811236
4.4673950844239565
4.44139917294002
4.325894821528759
4.067047310426083
3.865435295077753
3.7227716871558445
3.571067963786166
3.406467215241063
3.2841615884625073
3.3065068437208507
3.2621280500647307
2.7934825428059153
2.8983241355549727
2.6369020456126044
2.678752162300472
2.037605042328464
2.7492487457597137
2.7488520036870807
1.830964022925586
0.9910816870491517
0.5376650144311604
0.38967765912023467
0.467213576882809
0.7496856831633417
1.1156762867018737
1.2006125914704586
0.9117790771455304
0.9857979894724666
1.0514683523699908
0.9614347873569454
1.0069984421199631
1.0414574701757466
0.9545124808007871
0.9740229572373454
1.017043389739772
1.031377705582113
1.0298739506525756
1.0251522549225949
1.006933790721447
0.9826445752829103
0.983273268056683
1.018466218285698
0.993796496163357
0.9995705413598672
1.0007613869009502
1.0081944191964085
0.9856285411722304
1.0064530714201914
1.0124874630736527
1.0036145755110217
0.997667971176471
0.995089122371764
0.9992593879114717
1.0054427982725571
1.0105460421329429
0.9983302720739089
0.9917518080415358
1.0088974369679338
0.9935176549227736
1.0077940674592507
0.9929037877831051
1.0046686878694886
1.0054170910662676
0.9959534297341561
0.9929273313150491
0.99487670455025
0.9946254932665184
0.9943972302822269
0.9947326924686456
1.0009553628448176
1.0048475367778287
0.9971431092626254