8.417809083677286
9.135501194572667
9.124866176292597
9.206121824359332
9.04291690746763
9.081995609963517
9.080293646528784
9.028430342880991
9.016963425286358
9.018029760845094
9.016539097425932
9.030497583546182
9.0373745744303
8.96782050441654
8.904845078807773
8.918447233841293
8.841556042541882
8.889271899766394
8.771450821063345
8.790306663527394
8.74718100851301
8.656151571504598
8.651544809045754
8.63670392287513
8.576234783035096
8.54188136379069
8.498871394636778
8.442095333325373
8.38202537141683
8.307836490135044
8.217985416128123
8.165995294291601
8.156682253265068
8.063236117405113
8.014621371148067
7.943403263195635
7.869384924238708
7.802209155365546
7.760174592981419
7.657808386085189
7.56332925194732
7.537722720805235
7.469394052572404
7.39635201524207
7.325828762191439
7.245659392129764
7.160993748527754
7.064794138090386
6.946240262902984
6.843008641208718
6.8080056412658765
6.724140705007111
6.592685881675854
6.567124313714122
6.39752312369304
6.381722557022596
6.242071168626773
6.134128397495336
6.103884296062908
5.992200705885346
5.853571000545442
5.741444880027225
5.633033721842032
5.529970631563636
5.432477587458739
5.34735082880243
5.288905724356086
5.2254097332558676
5.070376021641113
4.918546613193337
4.909413594440556
4.714973422713782
4.686133633295337
4.500338962771639
4.496222701767743
4.281660581457231
4.192575370012918
4.18333636691732
4.052923038699125
3.883798524691681
3.73284098289795
3.602704844167033
3.4969985036646136
3.429651106055791
3.4086709289545234
3.3469846405903114
3.0827234658223968
2.873606641895959
3.0428074343891427
2.6613784729954477
2.7556271780889583
2.418186755184581
2.69921956637205
2.0005896004325536
2.264407539572997
2.7734371726944755
2.3801926257813344
1.5681608385214507
0.9158422063342961
0.5513045324774436
0.4171327278045092
0.46397040929111755
0.6788636814813854
1.0037934149494523
1.215627456927565
1.0712101472510829
0.8724798720369439
1.0586286976728172
1.0050140533775616
0.9794067148341035
1.016478750534315
1.010217420151758
0.960923490748629
1.0403434300607537
1.013237034638995
0.9674883733097326
0.9725311408881996
0.9900897119334208
1.0000066589759662
1.0013700973047368
0.9944269747917172
0.9830948790910919
0.9813669977727769
1.003075802734443
1.0185331701198603
0.9902948050175698
0.9983252119020206
1.0076627895464239
0.9905789945428254
1.0068699762199615
1.0008818472983183
0.9898330003934698
1.0090500060402456
1.0073562087765398
0.9940808678034047
0.9906839411113123
0.9909041805681509
0.9915969265630954
0.9918848695811532
0.9918918467044543
0.9950751785169366
1.0038119523871645
1.007914534299986
0.9965179329823318
0.9973622704022812
1.005336953384527
0.993199901973164
1.0067229733374496
0.9950420259907142
1.0008418014738936
1.0048610250514796