6.075908382943195
5.995346101642298
5.934655969674894
6.059037834456567
5.8875021641434895
6.0003645433983435
6.019890253674761
5.901152660189982
5.90187537054595
5.9700029547996865
5.988048695954539
5.955085426294232
5.912314897184325
5.8803095872705065
5.859965492101677
5.847279693278986
5.8396770685409995
5.835111945650363
5.828683471576445
5.8119784279272
5.780020408600607
5.740871085768424
5.7134492636077265
5.7085262145799245
5.693235786271115
5.637104988210027
5.633526476717763
5.605178236822
5.558471010564518
5.557112328775829
5.500544529840935
5.478491084844477
5.470366177818241
5.3786589608197435
5.397843908715214
5.373857641358683
5.282747309089593
5.24021552080735
5.241663417350422
5.230881984053933
5.193113594012199
5.142339077064138
5.091742814928556
5.046508921112531
5.007103192492274
4.971283416594543
4.93267836878954
4.8801124490620245
4.807085279120851
4.733356605861392
4.700298954039765
4.69224441615424
4.619292015547281
4.536252495240389
4.543033432095047
4.445735996255201
4.414460618662928
4.35669723712276
4.305316965946064
4.231981099143774
4.226873062810901
4.091088070682613
4.099868377083276
4.055916974778136
3.922420551841998
3.86931258456347
3.8725700701283396
3.841542621818403
3.7650031131319412
3.673934652044663
3.58965289008423
3.5176167452694242
3.4582421395867735
3.4133067990651496
3.382630245799515
3.3502294727542092
3.274032222063806
3.1274893967226496
3.0007414335043228
3.0293761235148327
3.0294482026614564
2.7978612422266598
2.8209422076447184
2.793263717580008
2.573034752672344
2.714902889821127
2.4032425143936442
2.559446997588181
2.3554823855439406
2.1932893978377734
2.4852576764724468
2.0769467424291452
1.8096208181239326
2.2055957960755412
2.525673721611845
2.316979562867719
1.7786893035953915
1.2304687200601552
0.8257582685820452
0.5820026597579274
0.4732291790296704
0.47986053453516125
0.5965511322075143
0.8104607405048507
1.0573787446815819
1.196821261131683
1.1082455278435228
0.9139749715764484
0.9315901784842043
1.0877156515301425
0.9914346360376087
0.9560930081913722
1.0610683412651483
0.945300912068563
1.049163657513273
0.9557333458594378
1.0422525997541379
0.9680344173881102
1.0097475566616108
1.0210307111523869
0.9708284297077749
0.9972327531429654
1.0264285563978295
1.0101031872029358
0.9857581280627543
0.9785517512884406
0.98358445928151
0.9904886805343975
0.994403870748529
0.994574672362427
0.9917222866809261
0.9876923772691988
0.9864454299254377
0.9930166580013952
1.0062370332440316
1.0112844454633612
0.9972221825074971
0.9902829104037105
1.0079676536774442
1.0007324214913575
0.9930682044974046
1.0092649093455714
0.9905208046725907
1.0093583294681598
0.9910564241145994
1.0073044555649677
0.997384528805849
0.9954403025283844
1.0083900300005886
0.9985296981196902
0.9922945388600264