8.77741556067553
7.548187861516468
7.830091898731395
7.65249544289132
7.70317899284934
7.644546234698266
7.688848907081705
7.741280431746527
7.689726804632179
7.639354985709986
7.629758961503809
7.628449167710561
7.608860616629888
7.571562944541776
7.5435708953091645
7.535434821071446
7.4925573343152
7.442793742757249
7.4831452002982894
7.445491125614601
7.388413625210261
7.351556539901734
7.369720867098346
7.263423487119809
7.288676023957621
7.216159718403015
7.203666291121105
7.146996234969537
7.067981429595889
7.066995296585707
7.043507663873905
6.974468927214322
6.901574528608883
6.841539713996911
6.7919935210052325
6.750111124001229
6.706229040849346
6.649435327252926
6.610358432701074
6.597006009918899
6.515942794496685
6.422480840834277
6.382748127211593
6.355019752851193
6.225850208932643
6.237640247093082
6.107613808743275
6.097123749591185
5.979838316325185
5.935359364046486
5.908802941856333
5.795142265330023
5.699755581309315
5.6506155394647335
5.606545289071654
5.546544601785132
5.472349527657308
5.392003497242074
5.311313865412516
5.21716911360236
5.097498611680435
5.015727210648016
4.997253195331048
4.92309891611808
4.770997786660322
4.753511943234
4.642286149606643
4.564433956916516
4.476936451557111
4.416420727951972
4.259522208356331
4.275280874207902
4.1605618091281515
3.994582491392809
3.926371895019282
3.8995003444472793
3.8491140466823883
3.7716906199345273
3.6832666765456743
3.5924897335451687
3.4888959554663517
3.337439773487128
3.14889041526661
3.0727576103911924
3.144500210533875
2.993207286648847
2.732808975944307
2.923812907247678
2.5184429660763774
2.751715458526968
2.2664639745587967
2.631838972556972
2.2157342733795775
1.9142052774794491
2.458478488902533
2.6438071279196627
2.128593527929232
1.4169764242321579
0.8736149143619624
0.562875185130083
0.4390899104633425
0.466965546536862
0.6397826239659969
0.9249910546116342
1.1739962452616706
1.1627353529485986
0.9295096802918874
0.9290154586368454
1.0994608852489773
0.942564038772071
1.0281905704741674
0.9845639960596302
1.0247713512604302
0.9608191082431728
1.0438082693032722
0.9846237025543843
0.9730430498063045
1.0204392081912845
1.0301531629240792
1.0102936409709569
0.992717700079586
0.9849748921044243
0.9837664361316828
0.9881626282354153
0.999324808386597
1.0125414544238485
1.0162520767806869
1.000711072678916
0.9839083910972742
1.0072328371995156
1.0054368908847309
0.9891217397948087
1.0120950366278576
0.9876350897653053
1.0115876961455075
0.9934115173475898
0.9982013911651801
1.0088073226736216
0.9946539430234775
0.9909025364787458
0.9994018272990614
1.0059287907001848
1.0075138603592795
1.0074408055524051
1.0079253842501101
1.008041432477122
1.0053673843745425
1.00025590026812
0.9948447254702126
0.9954311385613096
1.0060678570899344