5.99351971144628
6.518583500483957
6.5999287469411065
6.609143263319858
6.51941976910464
6.50550418794291
6.5631916645578565
6.465303972531029
6.474244597934749
6.425358582399324
6.458027723379737
6.442183350338539
6.44438785724015
6.365607511506156
6.418041813226916
6.3825722129644005
6.355267010613817
6.2927954704524804
6.3297162501372055
6.298997664093035
6.308161409771647
6.276623369627988
6.229962284758022
6.22098937133877
6.206532039824706
6.165698243657702
6.107543240257584
6.044052335489898
6.004956322739462
6.009739352335589
5.988111218885779
5.903338853163201
5.897117403480688
5.871808471748073
5.807772820546725
5.819649717884675
5.721814781908382
5.709894979611516
5.665492804808701
5.596718677540236
5.592767411098882
5.536711843259534
5.440242789103554
5.428590775558291
5.397399359309143
5.370571664788381
5.307047950612299
5.242605830779106
5.197697142712159
5.145881763595507
5.093480143897449
5.045814531370694
4.984047696519976
4.894405856205951
4.813502470519127
4.7970537453351
4.769205073242486
4.641696053819036
4.6110718537230815
4.56429552974908
4.447434745275747
4.455811154411099
4.330293108023888
4.311302084004381
4.235316627122382
4.122482952072013
4.132607115491318
4.053223540948779
3.9152503451093907
3.8517468513849886
3.83329154278878
3.8060910222468736
3.741117600000817
3.6749669399267395
3.607159858830084
3.536135884573699
3.4620735257143522
3.362836473691764
3.2202712125794886
3.088366817890541
3.0830801911591985
3.1225498207041307
2.920925428145925
2.794960251800398
2.9140638119977664
2.5861165247131788
2.752768827156698
2.4192689098936717
2.6512836347774833
2.1946937034048934
2.455748544402033
2.3502203009222207
1.842727484786414
2.092975958245817
2.538474416247574
2.440533682423638
1.8894038109409774
1.288980634898453
0.8413933404666387
0.5743416796485008
0.4604601190335331
0.4747334404296587
0.6094365059095935
0.8465181240205235
1.1009503159680836
1.2011147759262601
1.0486089335950985
0.8813350321487462
1.001029042902802
1.0798971301114886
0.9278319550048736
1.0403638785004996
0.9852935735674443
1.0103284396685306
0.9866170771563743
1.0261004322406162
0.9635230100633003
1.0307546268858327
1.0026819529451754
0.9709531374727524
1.0026482808408228
1.027126681043402
1.0138415740106126
0.9960524960419734
0.9853503405791391
0.9809636299637071
0.9825810741333579
0.985008900987926
0.9888392083385324
0.997934051049492
1.0102589540987448
1.013620190351868
0.998666294295107
0.987338611213166
1.0053156805680334
1.007319335742577
0.9881495911980416
1.0090281916344839
0.992146506381962
1.00682136745642
0.9935266067009477
1.0083091501836
0.9910795084426066
1.0041329592030919
1.004848853146095
0.9935681164354687
0.9954065482636637
1.0055804627949885
1.006480737140987
1.0044676677435487
0.9995126670183629