9.816467196417312
9.935730237445425
9.857600106014097
9.884631022898489
9.945802274643357
9.832815217605292
9.905062113454797
9.84461939679012
9.903587147501408
9.868944784652863
9.78751581397347
9.791133066265116
9.745650919352867
9.772537768021035
9.724309394993181
9.678443957543276
9.655419222177285
9.594533687791383
9.550780350586086
9.543994275952782
9.474016799450894
9.408606617437854
9.410650802611647
9.318282052459052
9.326437140151302
9.245580085177476
9.148801996556308
9.149937243226773
9.094868737349993
9.00855865764728
8.932150467604135
8.865806886323787
8.78662248651693
8.74547418483539
8.702053186746596
8.623002439006477
8.50055595999549
8.42440411875656
8.390365394695289
8.255008672004202
8.238100545031806
8.10155889096367
8.065939284248381
7.952094646939288
7.838371911208673
7.771044237358775
7.707639608974284
7.627682913120387
7.536409678949623
7.4338263258764785
7.344858597649981
7.229147219166838
7.086965097243968
6.986888918575651
6.942076552600918
6.79264338140999
6.699321436705265
6.609979831339954
6.5024572099251845
6.371297786432502
6.321553757990536
6.168656281507766
6.026832686944811
5.9297208683655365
5.855175823896277
5.751623780902984
5.638207906107166
5.5104174764143945
5.356499369309952
5.226054879398385
5.177198073081718
5.0889173795459195
4.87134469409851
4.855022586794611
4.65164426323955
4.626997359161233
4.391084536546754
4.385731401566521
4.262950163471033
4.044393143605322
3.895197895628825
3.80889879949005
3.7094191413902053
3.586453623991921
3.419654802845758
3.247254467758837
3.185910695043189
3.2543828981077887
3.03567414321419
2.7229246133466383
2.969903538195213
2.394202462994424
2.7999613798300946
2.173366885245363
2.1615406032510216
2.7933651333347664
2.5077254504920106
1.6509329279396132
0.9384642396754316
0.5456634222153032
0.40849456237387827
0.46499907141329994
0.7005574562811371
1.0424928335674213
1.221635673531018
1.0156488518729985
0.8879074100228187
1.1005756074778004
0.9401288642051925
1.0528588114785404
0.944266366408368
1.0536658851198446
0.9871762815597915
0.9614478921223748
1.0088026628679194
1.0339473076892596
1.0305454049691734
1.0253741670706797
1.0252369748446053
1.0242464812837373
1.014393447512762
0.9901593876910754
0.9833773958866157
1.015036663553281
1.0005032776910396
0.993540455242065
1.008950487986885
0.9952114791634135
0.995260417842893
1.0128760365962468
0.9943543903270631
0.9883354298357765
0.9991827514549698
1.0050134346322999
1.0085466001504333
1.007352624595256
1.003547758035848
0.9976194594771411
0.992151577506847
0.9986742504655898
1.0080135711453042
0.9949032753991983
1.0015196356711378
1.0005143958664762
1.001826800935165
0.9956213708594993
1.0057472146342792
0.9989897547973347
0.9941492011978308
0.9982498650714345
1.0028423915319151