6.571424972367812
5.670279447102095
5.49292563303881
5.4108395152484885
5.470402181262188
5.458253765143905
5.404757981423514
5.46588894980099
5.414735334729893
5.4559355191226135
5.446244652560866
5.487023018878637
5.437448342862588
5.427523904004939
5.362521878932381
5.405807333529172
5.416726009320786
5.326188667194091
5.349782746664031
5.333938451166814
5.316823180722803
5.321182137623769
5.257563898400339
5.258033597192294
5.220596853779369
5.182632972433404
5.203902888311572
5.133378997623221
5.121520357870024
5.143010359548676
5.103098793739876
5.040869867364061
5.002507493811201
4.989675032583475
4.991892408816535
4.975785201818433
4.929574658026941
4.905834566548533
4.876845791678592
4.830312644137183
4.805331374694516
4.7363087753639235
4.689225870144036
4.625293801328364
4.624148223943481
4.62055451542715
4.54474733151012
4.478865363134059
4.4914172535436085
4.423632654164678
4.3526465449719485
4.376572327212855
4.264303512862753
4.291639848186858
4.16817047638654
4.191220054436737
4.091131710778651
4.052035960839873
4.054764215901582
3.9400739001422855
3.897710262338905
3.9110258208488515
3.854285926342574
3.747647703052258
3.6643712927783167
3.6224474911040847
3.590182433022089
3.5471028530069253
3.5064853488387904
3.4499740606733713
3.3751969781827533
3.300833437165738
3.212967723698384
3.169631430196411
3.166402055085164
3.1780939594518656
3.0722916736670483
2.904565629095683
2.932788177272092
2.9439584543073885
2.7089590661891343
2.797976928924311
2.6666800223409917
2.6045474436561293
2.576327572837273
2.4867310201794695
2.37060801237632
2.4950636469553866
2.1026332987539105
2.3300947210985488
2.332600603438418
1.8578704212390684
1.8660437934435918
2.296641609859602
2.4706111881733372
2.186844761576743
1.6748979795558039
1.1781735220269347
0.8126896844076498
0.5909475898603674
0.4848947483203208
0.4857741386399001
0.5844685373695977
0.7753810927725197
1.010481106541305
1.1789411485509724
1.1544170395681035
0.9715053636557858
0.8889435330450624
1.0356005528539993
1.0687316144837604
0.9308147182835549
1.0246351049329627
1.016991703103645
0.9678636010878957
1.038712483364402
0.9639174827956596
1.0278727044317573
0.9835664147451733
0.995371256974677
1.0231977258449567
0.9713834890923365
1.00262569301657
1.023185855393349
0.99230528184735
0.9790499284598189
0.9957026585866714
1.0126399012716292
1.0178567737587825
1.0163505223501788
1.0111725205723527
1.00717643450171
1.008970004288687
1.0096981560491332
1.013319214233069
1.0125869649977126
1.0060042315333682
0.99309368487282
0.9894713713868611
1.0000758082951262
1.0111075786899792
0.9963852956794904
0.9927715834885132
1.0094565628060792
0.9940816138629458
1.0032394566579086
0.9995283300360146
0.9984068698698813
0.9993003795241404
1.0017524191044191
0.9943840076973958