9.674696382044376
10.725357127589296
10.82199412036964
10.751370285950978
10.849661148187371
10.74496152064067
10.772611438438679
10.7190486136229
10.697017456798125
10.74325330077404
10.686526859253
10.684575761166847
10.661813567239605
10.620715216404426
10.560803544800107
10.553432000356901
10.466172645490504
10.42579067049163
10.395651066337662
10.34286879408605
10.328486119681367
10.243837705046126
10.19192663955096
10.128222331651966
10.07560402000816
10.049649972168583
9.950862200802382
9.914661139242895
9.845095425332513
9.77811951986083
9.673996284604849
9.639784450964433
9.54056034689208
9.44880032041504
9.363150892327019
9.293024811482937
9.221411375020132
9.12307428658811
9.020423261794818
8.941873801409908
8.876679031708516
8.79412034210447
8.648186007680453
8.602540032575007
8.472238528785583
8.406494998246338
8.249094133569645
8.199346337034259
8.101426235077854
7.958125687094342
7.8260985922759545
7.731612109086764
7.616619409951201
7.5078472230008035
7.382465777852152
7.300933375628377
7.232636435610934
7.0832191217906555
6.92179775354924
6.8776705658069215
6.678567986561122
6.639814443762751
6.44803876335543
6.349156118481516
6.285084640837626
6.130161331542683
5.9654299359461085
5.82569224104125
5.689641125098922
5.575882657937885
5.478320600580905
5.398482340084163
5.264062566789206
5.044792245094997
4.99062033823551
4.84803157795782
4.693707102424515
4.571550875378513
4.504374915059346
4.242807448362118
4.157096027891691
4.1225601567407315
4.016167668019792
3.867941484501627
3.7441988669785053
3.6344343252606515
3.5077805386595875
3.248737569154891
2.9607747720065567
3.0680491033198645
2.9200225711243615
2.5780944893194393
2.7618154946263425
2.415172064212584
2.07431141068956
2.7852775536987866
2.632668536837006
1.7381953126920822
0.9634161351262468
0.5417513664499974
0.3989788036884275
0.4649153594098594
0.7254501781459403
1.080646983116179
1.2149050592972168
0.9597422234002134
0.9289240727014395
1.097997478430815
0.920190968829464
1.0689059888776489
0.9645008420695209
0.9841340836221352
1.0461828477418789
1.013299666516472
0.9777592120868608
0.9671866611625248
0.9703861656936298
0.9724964382182404
0.9845038697856453
1.0073524805078315
1.021377254756235
0.9938940285131015
0.9885001321703117
1.0179990621009913
0.9840471211132193
1.015915776709411
0.9910936961911663
0.9956297711798929
1.0125889820952825
1.0040990254375324
0.9928826128874952
0.9885505784481146
0.9898991811263375
0.9895923636869788
0.9941717381768076
1.0033275768455086
1.0083833170349443
0.9968906855244501
0.9951320808421962
1.008045580381637
0.992966538791396
1.0074169467821306
0.9958666810644832
0.9972573500874604
1.006042687923986
1.0026755381962602
0.9964412217454364
0.9941322541941546
0.9947650205352095
0.994547603362463
0.9968995695237481