26.189425851239143
25.225993180175863
25.109165961944395
25.226493900140305
25.245012254210014
25.195462894164216
25.08051319217464
24.95542297290709
25.030031268261766
24.862025742566875
24.89406751403766
24.710818344543508
24.59449477739012
24.505263105488226
24.395693658304232
24.299870782988997
24.242929550516504
24.062141184563046
23.952509641473412
23.766317596804804
23.653536813013762
23.504118051191032
23.33461478280832
23.160058131443687
22.968539551692345
22.758304386923207
22.596181783265948
22.36572461509028
22.198348578775672
21.976570327189023
21.740888669376446
21.517577178678476
21.311275211395323
21.08865257862893
20.785569496033244
20.604148675013082
20.283381067909826
20.078743689412015
19.846188699692533
19.58016394208205
19.312776919629922
19.01819783682465
18.680503961173333
18.46033390572713
18.12824657055843
17.90281383442471
17.562408305667887
17.240568685980996
16.940329913470354
16.648547492223898
16.385531167468827
16.08885661982084
15.723351623151386
15.473080317298004
15.131935782249915
14.78394879203719
14.473142689849194
14.155097408253514
13.830495949173669
13.548346220074809
13.255550688887137
12.870151552914878
12.606553052781358
12.289118222294496
11.920160720176877
11.582912456193723
11.27060892489657
10.997837446716876
10.701712887901845
10.285567536824601
10.077243753525414
9.664070086539377
9.347807346984368
9.083022423516505
8.780916538772992
8.433710165353563
8.073976748446285
7.867198579905425
7.5275656979824666
7.259173399631207
6.8490432179032315
6.623316104695597
6.381948372201479
6.083138263853984
5.71312172465565
5.372891033298018
5.298583817205569
4.793004715429819
4.772220209751037
4.354723324101281
3.9324349116798025
3.620820358773317
3.3762771502565903
3.407154096165593
3.314206018788109
2.3704668519968086
3.126343911557466
2.8576561526892044
1.3390826513241219
0.5165813102752387
0.32288455252865667
0.5157232263838352
1.0074157259498369
1.227532431401921
0.8585260414512436
1.117426471688137
0.9285388965829148
0.9586436090234205
1.015722481352619
1.0200406832966262
0.9916766789365009
0.9617686336157898
1.013368331680805
1.0000602958722693
1.0091922326333813
0.9761276288003438
0.9993510619938383
1.0115880228039171
1.0093090599920356
0.9951691264029635
0.984594296160725
1.0120660243921007
0.9902540141657572
1.0128648634348276
0.9939412790052031
0.9882631880960878
0.9900316609911782
0.9894644907680389
0.9937305618908433
1.0087193240512096
0.9958470215621745
1.004651338431037
0.9917491148079249
1.0020226144570112
1.0069953935417875
1.0070715288225638
1.00469734812935
0.9965642428747009
0.996520250903453
1.00503355687276
0.9963922322107909
0.9982482534741719
1.0044280735962927
1.0047576283610218
1.0045472956262762
1.0034479523200404
0.9977457195005944
0.9986148050611567
1.0020599008651405
0.9998000007362935
0.9966767448031641