21.57717913343517
19.457205073612386
19.54780462001075
19.49558232373395
19.567186490353706
19.491659550983012
19.439504033312776
19.434080327837208
19.420532312556098
19.354063689150486
19.227128420242
19.187952849998684
19.199130857486498
19.060095797396972
19.036672391022343
18.881640093695736
18.80800895419036
18.75663222119408
18.64123983675617
18.54957175518314
18.419207771856847
18.27954733273412
18.2082556715428
18.033953048627748
17.952847686238222
17.77451344535171
17.678302712223264
17.541725834402655
17.41035259396617
17.243539734729566
17.093680259658107
16.884583583118758
16.717750867964615
16.582743882917626
16.362039320791045
16.22240080841625
16.069173675562133
15.835957676560367
15.63904196539288
15.437501261624535
15.272061906131258
15.09454727619962
14.861964908064207
14.626155129306527
14.46708157797224
14.220965011371117
14.002027539019293
13.824599919870314
13.612072981956217
13.401361538380119
13.164745973650732
12.897816171880711
12.648536430187457
12.487893645208272
12.191640278257864
12.021310409443448
11.71969195146255
11.482476679424853
11.272764124440345
11.039684999737025
10.784845922428143
10.518824492999547
10.298128158240095
10.108379617703205
9.778038091169174
9.625358372172263
9.326439091223659
9.048789548909596
8.834124045032977
8.61450259687703
8.351885144562482
8.069523280477082
7.843068426526543
7.693218153623649
7.339143690172553
7.21131446008459
6.850467018839422
6.639445694741887
6.47690526732298
6.260941055344421
6.024161733156946
5.736802512890389
5.402111692913558
5.258318317395646
5.069705817694175
4.756214352815154
4.515396725164203
4.4662275068782495
4.201134707540492
3.907271111472675
3.7113101649120637
3.6251447593292827
3.414924674038228
2.736850459645452
3.073313261098625
2.241038811170898
3.186625952898033
2.4883371089858723
1.2012536511700698
0.5203243636187093
0.3430242006524009
0.4939926763102827
0.9170293879068447
1.2431456806692092
0.9511310400552855
1.001070717628057
0.9819194896802711
1.070507734588104
0.961683064151587
0.9455778020030193
0.9596253330139937
0.9625936164710402
0.9649390650291965
1.0044747541092944
1.0250279312865733
0.9728975254082588
1.0242154120056814
0.9842034934092668
0.9890179659409343
1.0121583238247112
1.0163317681539101
1.0161566391691372
1.0087785277397296
0.991058544953035
0.9916583696790141
1.0124550124565725
0.9882963536295168
1.0080084719717828
1.0030755322280798
0.9918512419339514
0.9903468599125703
0.99172425232378
0.9909362212429507
0.9975916620319741
1.0082862757371305
0.9963428088466976
1.0030200579050754
0.9956394306206796
1.0065843602698357
1.001410263417133
0.9969929643323459
0.9951406088903251
0.9976113392116497
1.0020683495114038
1.0043714596594104
0.9953829858452337
1.002856005621701
0.9957817702896652
1.0040809630441974
1.0010848657555276
0.9967737412795805