28.659421171854266
27.63072112928382
27.542924938336945
27.437343488115243
27.363237846766925
27.408794824645323
27.250945643208947
27.25828703799369
27.16898326072159
27.09818989051111
27.03783322536971
26.9219052137303
26.86480399327348
26.6556787277565
26.598408607977017
26.43363909602067
26.276505573136546
26.139767318852353
26.00247996866335
25.842433350001844
25.657993364658818
25.54623841442404
25.308108734863836
25.161713483983466
24.95568861693614
24.725607889047577
24.501272708501848
24.274293236940377
24.101130357659407
23.79749468239889
23.579341752482037
23.32123622306079
23.11573690716871
22.840148699491905
22.54982870915702
22.288767874204815
22.03229752544194
21.68477838002566
21.421932716181193
21.11344164128451
20.867594559858667
20.539258415537628
20.204846040259653
19.898463568355545
19.623734040085388
19.27318552164521
18.914922201434212
18.649813670103253
18.294229917205058
17.92359220125115
17.59127059834238
17.242264591118538
16.9023882194412
16.607860235920263
16.27032719738934
15.882881622579347
15.539238788010909
15.24040593762032
14.88497413323978
14.538101820001076
14.195413604619421
13.810585636607433
13.404948346009647
13.14404452646638
12.713193647833327
12.370854580758452
12.067710517298467
11.726186960052724
11.350982109956641
10.952140492641863
10.634946408422195
10.325079465764457
9.955497125923765
9.563845062214275
9.280810237597303
8.966104204763889
8.609106203071613
8.21499380034572
7.917997071829384
7.665883935370482
7.2534571123988165
6.926667267638679
6.7157335253546355
6.429793686473191
6.115541444043878
5.734252084418675
5.294618019124002
5.22789099703037
4.687078947543012
4.661411883179483
4.359151089455119
3.9750833463913264
3.7330345931555966
3.670002526108757
3.2157318234463133
2.5372337228794755
3.0608849779440996
2.98212893762338
1.3915873019391216
0.5166924856867277
0.31717290791374486
0.5244778509827798
1.0367060005839777
1.208089043456298
0.85381865349421
1.1125059291814885
0.9807331771513316
0.9299921668489958
0.9511786740154937
0.953635697076847
0.9638501937313674
1.0239231567777751
0.9998610332266665
1.0041994641356364
0.9782963693485426
1.0132042004398765
1.022030309621733
1.019567276683115
1.0093084035043596
0.9860374968351582
1.0023382593269454
0.9988129042614419
1.0087883607930679
0.9889647292196521
0.9882080199595884
0.9901434141342471
0.9897713711664001
0.9977307942163159
1.0093212244280076
0.9912502913784422
1.0070826785961997
1.0017355197855928
0.9939276362698108
0.9933652969075291
0.994698122453992
1.001887525316824
1.0051466021459363
0.9943092504962457
1.0052217160819408
0.9997800322653234
0.9946145831459573
0.9952793943079188
0.9950977982532432
0.9965650948760151
1.004347953676972
0.9983350618334256
1.0018273058290208
0.9954470246875735
1.0000627235456563
1.002720989925518
1.0031057989154877