12.758915153882905
12.840083334907018
12.816740919851737
12.71366843872627
12.817357593999406
12.77342975214764
12.824914767046822
12.677381658302316
12.693443588229412
12.715812265341022
12.663213825494767
12.632874887933504
12.628775609906256
12.539889399200758
12.478190536362353
12.425144556111848
12.390129217093492
12.36375213014925
12.258500393571024
12.217646762577207
12.147637235424936
12.13937349301779
12.028506452971328
11.97663389488698
11.866227708109035
11.829410424640722
11.699856572355145
11.636088232378526
11.595069645630172
11.523969927914072
11.416291946488933
11.323782480716797
11.241807570711336
11.110579299974098
10.982834500399566
10.910258920551437
10.815463703679454
10.657897211260371
10.60663036382388
10.459122079991493
10.339439126151781
10.262884416281366
10.139279324620405
10.007138728829812
9.88234727225404
9.74976386711875
9.65386083628805
9.528054750211169
9.375409725035107
9.207353804873271
9.134581907998243
8.942660027864092
8.873504590626899
8.669263359602793
8.56890689449462
8.456164203899903
8.281803549804959
8.112702415804039
7.968524859756065
7.823371423335607
7.705598150017415
7.587730512051089
7.414456831546781
7.20491302848838
7.138977934995852
6.9154024908756035
6.8451565533211465
6.602999521895716
6.501814330316139
6.392165306268162
6.204153381093187
6.0159215569399445
5.856957450247227
5.712613339130728
5.602303901701045
5.469055434462874
5.23265371202222
5.04910121834758
5.008606826832867
4.706247045269725
4.701386348209492
4.446975522188674
4.23858390024544
4.20391603129372
4.106436241771815
3.9518297095943935
3.803108225291607
3.6707238559204733
3.492677716473285
3.135697973411543
2.917491178813029
3.1429313998137656
2.538221676425599
2.893988745756316
2.0593994914902733
2.6799458640148037
2.858167861115611
1.9311832043399118
1.020429281608304
0.5334433936630317
0.3814107366315469
0.4695759486591337
0.7755742544000755
1.1485776153051481
1.1737672301962299
0.8780015697771341
1.0471466052239804
0.9852610911373019
1.0344042865589853
0.9428566090733574
1.0456063285769497
1.0329171074698489
0.9829260669545871
0.9658636147720998
0.9677243436674864
0.9733117288361387
0.9917672540634004
1.0196824688767685
1.0161249697677055
0.9776640829139186
1.0135105979839842
0.990332166335679
1.0137979648471973
0.9839759024142355
1.0072934844045631
1.013955089522128
1.0011267786750537
0.9932816245808233
0.9929535194666568
0.9951161736601487
1.0041897973132392
1.0101679512883215
1.0003934041413753
0.9915237872995409
1.0086342678852283
0.9913021209260159
1.008676051992548
0.9949422766149996
0.9967139660299964
1.0061254235842114
1.0057418729401708
1.0033223032899128
1.0027711751620945
1.0034182797236157
1.00663898844003
1.0022630100460652
0.9950428587238821
1.0011364370485638
1.001752372047504
0.9968829268954724
1.0007690629468406