1.922737828112096
1.8919512046016025
1.8056890532864434
1.6804169560869606
1.5382772806656244
1.4014765571247965
1.2878102621413865
1.2084883929979988
1.1681318458904093
1.1658930947323374
1.1965966642774737
1.2514614355542923
1.3187814824957116
1.3852774707619198
1.4384473948385323
1.469428176761325
1.4752352215382272
1.4592601775204566
1.4296346302385319
1.396086260005179
1.3666213600053236
1.3453627482478394
1.332213037088986
1.3241137580838152
1.3170593139265325
1.3079500162313886
1.2957343217749067
1.281750295265551
1.2694280065764232
1.2634938244013045
1.2687205515691293
1.2883141122275632
1.3222966440853992
1.3665389813753064
1.4131163008454564
1.4522365666232107
1.4752520074040427
1.4776098219887086
1.460441385946333
1.4300039859764333
1.3951487929088144
1.3639021871228627
1.3406401522394655
1.3250137907492596
1.3129407493481267
1.299070689219199
1.279571110397062
1.2540762316277232
1.2260943094248986
1.2018157565426275
1.1878371335913078
1.188659158413688
1.204881861603015
1.2328133013102416
1.2657506191391317
1.2965631532827306
1.3205915002258195
1.3375748177142701
1.3515794875520282
1.3687559019631008
1.3938646226770646
1.427303543665533
1.464304596270557
1.4969380206057248
1.5180287359808833
1.524907216710177
1.5208409831771068
1.5131934654716317
1.5092235599482915
1.5118894391840805
1.5181351573782267
1.520745782896288
1.5127416328859082
1.4916969238665465
1.4613440860740288
1.4294363252992357
1.4031439472934464
1.3848247160628204
1.370815279679684
1.3540133439094895
1.3286122184454718
1.2939546683988161
1.2550196154063695
1.2192312119680386
1.1916905876976638
1.1719828418543587
1.154679317978545
1.1331841317367883
1.1043105917037392
1.0704633280105758
1.037933836342703
1.0125058056774185
0.9954558582461697
0.9827759757854183
0.9681687191262851
0.9476589697591059
0.9224746446086624
0.8980839781794822
0.8800946038191793
0.8700679595306707
0.8644046479068973
0.8571652289459147
0.8446845570229307
0.8284148161725978
0.8137566256354961
0.8057629907725038
0.8051089640681256
0.8075755007133337
0.8075139058821925
0.802506918674803
0.7953861591442519
0.791874470803881
0.7957593915983076
0.8056535981596472
0.8161541584172595
0.8224929064488313
0.8246976784153145
0.8275875243465165
0.8364993497622966
0.8524574770591137
0.8711283453179355
0.8866158790268017
0.896756603283481
0.9050665574088536
0.917427118750695
0.9364571269176781
0.9588159917966966
0.978094540775787
0.9906981217277054
0.9991404653632997
1.009472234480803
1.0251861821676604
1.043501583862158
1.0577876593288869
1.063888665283746
1.064109509272852
1.0647746946627048
1.0696902594834259
1.0761223517797853
1.0775139341411537
1.0702736914220001
1.057619746782114
1.046367564792802
1.0399410287223343
1.0350179924439347
1.025486413521475
1.0095234661352177
0.9920801360158935
0.9799391874056589
0.9747102549389235
0.9715620263604382