16.359818440781165
17.860686437521906
17.959798857981802
17.84239952804357
17.933267085082353
17.909956570087886
17.894843149666237
17.813341267735996
17.865945587222985
17.74683748585208
17.743145026421875
17.671600488158383
17.60320719413511
17.546900028825462
17.446308455168875
17.43087355259449
17.35869429749567
17.203667946594916
17.138336948480664
17.05837338278791
16.967287471128923
16.81392663030151
16.739271470957686
16.67563989803313
16.54655545510804
16.430426505877872
16.270342911333426
16.133474751705442
16.03153010344792
15.879460739515798
15.725896850662474
15.573345422315466
15.476537831180922
15.31372276553119
15.121721962711064
14.956002938817527
14.80957301485911
14.669448677456481
14.491967860059749
14.274086699125107
14.156251959935123
13.928351674047983
13.801756909306182
13.573891927530905
13.351577999929617
13.174794596623586
12.977768501258296
12.778525259379226
12.58913370150883
12.447815269450265
12.207352787041707
12.000495401641182
11.793378315297801
11.62160728100365
11.359488585633317
11.132542386699669
10.925604421289227
10.719495627997944
10.48084295306946
10.284416824551467
10.129355568677397
9.85452448006833
9.651285048413126
9.404505675972493
9.2505738260723
8.981233351440524
8.721597681180222
8.488201579080563
8.271613987769527
8.055794761931896
7.9008849624856685
7.687262413600512
7.37037702247661
7.26057193029983
6.930156501423109
6.753264870013748
6.606632645103578
6.371439004288466
6.137209252183627
5.93868956251491
5.741003657812994
5.440268152985302
5.148275078452552
5.111917000742207
4.695901753361449
4.675393922809343
4.416169638423422
4.050749238435262
3.8047074066125615
3.5852190074600534
3.353571987038892
3.2734705665107553
3.385602517073569
2.78737493142545
2.829745280449443
2.2991514134898603
3.16003697310907
2.370742375941719
1.1595598299702763
0.5224086969120476
0.35019410574694704
0.4873444705058702
0.8878617409130201
1.2365299981477944
0.9973221643181858
0.9456386874007343
1.042891420039592
1.0177246563154376
0.933371371899928
0.9991991750744097
1.0349781678993317
1.0356033070490172
1.022267556106636
0.9877555299536229
0.9705928579949243
1.0218364018244617
0.9906260098149001
1.0126857990504063
0.9805019327517781
1.0117090463701748
1.0169810890742323
1.0089759887528156
1.0072838978400647
1.0113515846248737
1.0129527415919166
0.9951359991482605
0.9939635798901182
1.0084725654314357
0.9928728881644309
0.9981988307496793
1.0100574299202856
1.0036174462824434
0.9972088656572088
0.99775278626068
1.0017503777297303
1.0081618917999173
1.000122241140508
0.9939468708662236
1.0059510707082253
0.9947197097480617
0.9994010792843324
1.00567552968246
1.0025815446450865
0.9993865034372454
0.9994611012559217
1.0029793026269054
1.0051807743623462
0.9974324038415329
0.9982578163459628
1.002023578882789
0.9994840285259218