20.841995566999522
21.271946796171342
21.4289172788124
21.27809983983691
21.269673141105272
21.297201430775708
21.215825754814016
21.140831447689884
21.150326623838538
20.98373183698998
20.968405831720546
20.965961387957684
20.84060295585673
20.764965265857615
20.715040159864692
20.620286313464966
20.468996526765682
20.368418682340664
20.29790397581813
20.147772940290185
19.980466476618528
19.918977779789447
19.774315088741076
19.647466733108068
19.502619353101295
19.314921662142
19.17549943246058
19.04826032928301
18.834539023763824
18.666045645777235
18.536256189173095
18.324653381686336
18.1392706741628
17.938129618753354
17.766407202360764
17.57092934406556
17.314948232359303
17.161522941940493
16.897676644763816
16.750877115320943
16.514089882712618
16.281461082396024
16.033691289067498
15.821939019965154
15.624935566212141
15.370109427419997
15.092278342598435
14.904879347842995
14.606446203430968
14.37286630417614
14.156181041095978
13.927738445532302
13.664890217769445
13.398310702758213
13.10043173725921
12.842064540661978
12.635564345272888
12.303708740971688
12.091143426716025
11.854373936808265
11.55467207104321
11.270836569324869
11.020739397127256
10.787149998600626
10.517137935285199
10.172628912276783
9.99616567163063
9.636848826301177
9.442433594498876
9.19451777150311
8.88798651367053
8.618687514003447
8.377594502991146
8.14219214865633
7.802817205872661
7.530342482608198
7.328554109897541
7.047275578057029
6.703192271100089
6.508842414067784
6.291966288962515
6.035265716376331
5.720077585354518
5.413555453570785
5.327922954819748
4.974135038620787
4.828781179559347
4.386385027441833
4.297761119640338
4.1790892764330625
3.982616793446083
3.7340865175811833
3.2881951615226446
2.831739653856729
3.2503334172203306
2.2252551314284
3.192035075279432
2.609604451494252
1.244950167458607
0.5189495694147578
0.3356918607104629
0.5005916873805959
0.9481505602691187
1.2454378529353098
0.9105293411869967
1.0546265066758513
0.9295150566999338
1.0740942743902155
1.032934356820026
0.9865000266256018
0.9825805345313285
1.0069311464973714
1.0362470097806802
1.0004650882961057
0.9831214216561908
1.0167870100755858
0.9988173770922169
0.9795229310028648
0.9990303196926241
1.009593666734437
1.0065565595715025
0.9946623499036362
0.9853003176392411
1.0081381337061652
0.997649186244218
1.0038681318272136
0.9894695423206565
1.0046430214895792
1.0103320303882217
1.0092663906858848
1.0097104393698226
1.0048344687219257
0.9928292637492286
1.0019506137397722
1.0008145663998778
1.002680191368644
0.9926471673293541
1.0005024979763195
1.0041589232301846
1.0050298533580606
1.0028041312921727
0.9962742644287751
0.9971519369443388
1.005295202763789
0.9955493731888948
1.0029084015513272
1.0025359693042961
0.9976805733169166
0.9957960192530028
0.9958408783380315
0.9986687863884536