44.955090185126345
41.880258659196045
41.92737173979944
41.87568850561577
41.83409172417958
41.859335399478006
41.65486805491676
41.61224005335911
41.400922981098056
41.31654581577415
41.17356038592473
41.02889309527279
40.88029154380151
40.599631483977205
40.4798335758418
40.27947831507866
40.01718184592059
39.77132749908304
39.478867591812
39.20601761850566
38.88584225085819
38.64855831134266
38.33748866064705
38.00722926635868
37.656097412760296
37.237502814344154
36.921836395553626
36.516189086968495
36.103032996006434
35.69326344281243
35.284512114210585
34.92684188525162
34.47647985529807
34.046145014946525
33.561257498014406
33.10028853323816
32.632856315133346
32.19574221934232
31.726568603633808
31.178633337694077
30.7020553932111
30.234083704178246
29.719077876550276
29.17532111083935
28.625843925592683
28.16644657717199
27.559999259790636
27.034839172444997
26.522827343922355
25.96427249902402
25.390960950695266
24.901674137768385
24.28676328401881
23.793044524101603
23.253812938615315
22.695777989438398
22.133835188870822
21.50466506144253
20.995576748999845
20.3789966863175
19.861294932885507
19.325010011865484
18.75092068401219
18.1434990422195
17.667520484014837
17.058799837788168
16.590323113963187
16.047505013176206
15.512274967031976
14.97199236136215
14.348809316940539
13.919314853255033
13.290687171623162
12.821679108864487
12.33443928014415
11.792576067985104
11.262911403363583
10.89730223518632
10.269353569434536
9.863110670262014
9.451696966781562
8.979429910175474
8.428632533893303
7.96464015318348
7.628945756175528
7.172894768829317
6.617994999141279
6.173094897655373
5.823811168326054
5.627665137318127
4.944802837772489
4.892784754484553
4.29824362700423
3.781053719596021
3.5181574082420424
3.676158787494465
2.6076558490976978
3.5502102516507925
1.6979870160025543
0.5179583422752019
0.29046702645510825
0.5759974679856863
1.1683063361749622
1.041347560219453
1.0184866940479083
0.9047551054064812
0.9734134674890444
0.9778490169072286
0.9492299921556753
1.007728185022294
1.002128341335946
1.0221734919304692
0.9811377588620721
0.9756985212220317
0.9856914740859181
1.0164445892237728
0.9971041730779412
1.0077258926160895
0.984255039641431
0.9889795060861029
0.9889003405141957
0.9876169245502702
1.0090210327701052
0.9934506584413318
1.0106521494053127
1.0000574752727307
0.9967453533265227
1.0020469152908456
1.0081435198697979
0.9924249328793472
1.0080200864124977
0.9970946657608643
0.993235368645854
0.9940700278820164
0.9996000240612396
1.0050404605053307
0.9948094905874164
1.0019208862892144
1.0055983555248265
1.0046656519340846
1.005058552992067
0.9998552655601127
0.9979447504550885
1.0002517202334367
1.00391857233132
1.0021182920054572
1.0025470289962457
1.0040799177656683
0.9978201454515908
1.0016816544285916
0.9968928372567346