48.24400142519401
49.713815072824424
49.55580690312415
49.76106912770582
49.47980106486945
49.467106458624066
49.34551782448896
49.27920923788747
49.14766735961117
48.94160517452976
48.70532443250417
48.49507696997489
48.30060145374907
48.097052196351925
47.85811137365305
47.54184946978412
47.25272395351258
46.95398260659546
46.59560755485479
46.27609228711206
45.97977406195687
45.56765888903171
45.132772478170004
44.73393241053238
44.320289525905714
43.92077370730294
43.46566380526392
43.00909344224492
42.48791156734479
42.00676632592611
41.50509250951825
41.045665530278114
40.46926659798493
39.96584287199369
39.40225749325139
38.81338578365814
38.26468587265499
37.68517002812388
37.054034767497086
36.48765179460731
35.90572251593245
35.28531637898587
34.64989124753388
33.96004723329484
33.39593170562329
32.70055696348316
32.03706073725682
31.390924884678995
30.73310620296408
30.13523388227335
29.40966311349278
28.823145595373603
28.13093530661964
27.467122166454974
26.810744423191736
26.06407521176627
25.45085187555717
24.716675610314077
24.03679731119972
23.366930538629653
22.70776305582938
22.117896940035134
21.36085159746099
20.771902075212722
20.13789566646569
19.47941406232913
18.77624482739884
18.11685170687826
17.527163198591325
16.923151875349568
16.26736258464386
15.659829288456693
15.06986954756372
14.352196903693901
13.876319958808796
13.20998762371334
12.590189840087389
12.041251706877613
11.56594877942042
10.89803945263705
10.459395456392588
9.811894811106662
9.24537032672032
8.757756399163819
8.386619823543747
7.731920107528684
7.4255728688710985
6.811861537488567
6.296632366164228
5.939446274483551
5.626506978110247
4.834546178007399
4.741355834954475
4.458011694550727
4.107573397568194
3.7870849259388137
2.5234792779893254
3.7228592981728257
1.844671107367178
0.5203640238374977
0.28091162228980027
0.5999378028661734
1.2109274845551485
0.9625456561050636
1.099006608831772
0.9415586108800517
0.9332406479426238
0.9689368756764153
1.0456517644797696
0.9737946134071317
1.0361332469984952
0.9964428391693355
0.986045037307768
1.0044715135906503
1.0213046712767822
0.9790264348558435
1.0144679230394533
1.013463774591994
1.00976845759795
1.0148469121783674
0.9994803052042328
0.9977761954182406
0.9929466721459599
1.007029223566479
1.0082617015024895
1.0004720051646583
0.9914389553687745
1.0089561973632462
0.9951643489477581
0.9929117490451608
0.9930584407112782
0.9937977513708386
1.005217855786005
0.9955146419310393
1.0057397975850257
1.003936696392455
1.0029683953265092
1.0048944808792382
0.9970511241005157
1.0026063422091906
0.9953732877033838
0.9979335280215897
0.9974937281863373
0.9955123070454653
1.0019887648369405
0.9978060471190167
1.0036251894521604
1.0028257772188527
1.0025091594899522
1.0026711236915753
0.9968649142762608