32.88441334914447
35.25632983180464
35.47183458669875
35.41519307788955
35.281474280978856
35.26035889577823
35.18326460631017
35.06236778499696
34.953833886694305
34.914248226592726
34.852464603297385
34.61005744901135
34.53863565917362
34.36062148188642
34.17142273283129
33.976268086321674
33.78234643805222
33.67439886445743
33.384908002085645
33.22082189881755
32.93841772181257
32.70713682235937
32.46077855127041
32.16060259902392
31.87923986288847
31.667332981407572
31.301172695967423
31.016360202200815
30.727413777398976
30.40760027745087
30.087237614921456
29.699538111754343
29.341585001792918
29.005393686568695
28.65979673403703
28.24878528023234
27.85643618612031
27.467558061651125
27.120682063426017
26.705215993881346
26.292171996760906
25.84866646318771
25.4730475249153
25.06235276603032
24.63394963532982
24.161978104964682
23.720767912881303
23.31571332229809
22.873466678240764
22.37744806613133
21.922613454594632
21.46786520890904
21.03325213226453
20.62649304427965
20.08075950699062
19.68567379276417
19.23738625094098
18.752599305478903
18.292233846273557
17.8468696009907
17.32028966474348
16.89309999506639
16.37088473696651
15.973903042614303
15.531936609592089
15.068617704925943
14.57583482715736
14.065662956232398
13.714257654127723
13.161199735652023
12.732232301321616
12.329086936731604
11.882453860690799
11.39450363024442
10.969575607944922
10.619988167759292
10.11892642315616
9.657348035584148
9.285188795656023
8.869569978525526
8.411856362574618
8.073483118830108
7.7330169535170565
7.289402703732469
6.810746166746242
6.483946487157587
6.105534586112271
5.666258140159873
5.432448835096857
5.137403694580486
4.734694346693867
4.181961340661277
3.917962012364942
3.5515414904403753
3.052148861315826
3.265138010897883
2.7861297781707632
3.339153376084283
1.565385828181233
0.5159071506945301
0.30062745478779
0.5541916475027565
1.1187334728493148
1.1199061483385968
0.924998250324193
0.9777227248098088
1.0780721166042038
1.066608861702118
1.0547287576395994
1.0091218948887473
0.9623881178569332
1.0353081008400709
0.9814247724759284
0.976632754525049
0.9913908017100077
0.9876802589798938
0.9802167426490177
1.0099409857559982
0.994719427869782
1.0135483479511234
0.9911564415659185
0.9865758990122131
0.9883668834154364
0.9978543995922372
1.010860704653937
0.9897098744439192
1.0097529207697324
1.0022102922478124
0.9950897834128701
0.9959746217970675
1.002995066807078
1.0059363728404482
0.9929591523551276
1.0058995242020727
1.0027323662908683
0.9969807573660848
0.997168364554097
1.0018256117810644
1.004654780737541
0.9949834773434194
1.0051062598295015
0.9994595760148965
0.9955535132371345
0.9957036179085597
0.9983819351645745
1.0035846016457128
0.9982763968989825
1.0024874284257161
0.99610846034832
0.9970704350613354
0.9976811507349965