53.06486808283509
54.05615262486867
54.20822091708273
54.04576065999105
53.89998496301046
53.935986966530535
53.671644512751264
53.629772018882086
53.405259791110026
53.20535738740831
52.96778711405093
52.843800956113114
52.592124029421875
52.28018780267621
51.96365983880625
51.67471810683693
51.388555484323255
51.06168526248502
50.68828899317054
50.374769947933245
49.94238379146685
49.50159202379564
49.11551314274844
48.59336704335767
48.18758580462926
47.650497667460634
47.14206475332583
46.60520286124427
46.13779470125229
45.59240794725951
45.009633641530684
44.40308664294602
43.82028220146575
43.244826754358364
42.66987099627098
42.021377877288145
41.44909468295206
40.77993721978975
40.11336012426465
39.479745915231916
38.74513288984822
38.123884685629875
37.37742421481851
36.67466580603474
35.95946476728864
35.30681119113834
34.59467886836696
33.863642936979396
33.09858898268306
32.37007891917127
31.658404298680097
30.97973171532567
30.196841434039563
29.5314871284699
28.77439661353391
28.030597546639136
27.314154432022846
26.502303698391938
25.842836485647247
25.0387090833064
24.293146739972947
23.560773493894622
22.903033270830125
22.165455849070987
21.462269974015364
20.687075541434986
19.97224530460308
19.299501549626704
18.680058019206708
17.895093677210625
17.314556167930238
16.643331625882094
15.976765391602125
15.314705979305124
14.55469188213133
14.048265910307313
13.343787309214337
12.680178826787342
12.091891227238401
11.595294119034758
10.875635336544505
10.435126565449625
9.784346592809506
9.204751503987048
8.745011323130791
8.21055331516826
7.563979268566159
7.068228796670893
6.691797058677198
6.18696587927521
5.524991394414589
5.263291934891379
4.6075189005289685
4.526859146472337
4.222203986889879
3.722316311595238
2.537460410169585
3.791352335289536
1.9236566561785942
0.5226433983802729
0.27623040937174337
0.6127867871427976
1.227858599412712
0.9270761084132754
1.1225214782952964
0.9930903369696913
0.9791779094204904
1.033583226280462
1.026487789526956
0.9781784271058035
0.9826907793414815
1.0140078564220345
1.008489045190861
0.9791581005597597
1.004884568288935
0.9902088283008166
1.017280921372686
1.0170197107064582
1.0143966413477408
0.9949520694943321
0.9992218020357009
0.9922300929720117
1.0068976715585298
1.008061898268271
1.0007196963070033
0.9908588974277033
1.0085599919727746
0.998738305716353
0.9928750022060311
0.9931573325221023
1.0015823385714204
1.0035523644141724
0.9980624885700706
0.994627567556549
0.9971061515138147
0.9951550251441565
0.9972944206276878
1.004498001535575
0.9980003376538117
0.9951002914211122
0.9960183455458017
0.9961140135314831
1.0029826611751986
0.9970392671891066
1.003683682459379
1.0022114107752225
1.002490459756545
1.0034587941313635
0.9967283371146459
1.0029812170966714
0.9987764195033592