30.006824870966067
32.57130902071048
32.51169674743035
32.57497111351207
32.54789387986992
32.42630105269946
32.30544777532603
32.266472550644664
32.19493849697786
32.01357692600234
31.983165049477865
31.8753749427975
31.719016894861998
31.610530956412017
31.4750023777007
31.244141532591684
31.11366934839516
30.943625253395982
30.75145985549856
30.54683262459686
30.291973550053388
30.08856283546474
29.89022395030426
29.658860598287227
29.36580540742722
29.085023350150323
28.827363419941147
28.568452501979454
28.328325282042915
27.98551372669518
27.756600940059208
27.370419185746215
27.07187025086169
26.75345686432284
26.410501835255058
26.101362479613545
25.801094930957714
25.37816427650223
25.065552897975852
24.723740029548896
24.35880086440699
23.98861414887577
23.612535339750906
23.17668197250612
22.82190460761149
22.382048198165574
22.054590049905283
21.653285044944425
21.240839321166266
20.84062455039625
20.392023321400625
19.963875687157085
19.60257821315427
19.1648863424357
18.711051145652604
18.28235859379893
17.857928920402525
17.47019076723898
17.094062642109982
16.59211683889326
16.236771792659717
15.805924559357877
15.337132937613557
14.910140457634679
14.52453953264052
14.133143650892615
13.624054256930041
13.308465896165435
12.805378525171896
12.376375646677685
11.97259890753831
11.54815158330224
11.165434774478754
10.854253333272979
10.331893853358492
10.04744893290556
9.63388704435551
9.193695871419054
8.810430403888425
8.493523704768418
8.110886652189354
7.619399778328532
7.386013861084168
7.000871826792692
6.537243331183269
6.16242268050554
5.865778301293342
5.675233119735724
5.16907664433011
4.942374780453645
4.388064554956847
4.2546406339
4.0544443211231505
3.6816172010984256
3.015856468381447
3.006168911195034
2.8845610560161856
3.2254501423239637
1.5051513282307565
0.5155008882987826
0.30549875873921567
0.5432203983529494
1.0920617909417918
1.1532011852361663
0.8892393483029988
1.0332248075987411
1.0805108095957183
1.026133585560237
1.0231491676589348
1.046557730667896
1.006547825333325
0.9753425072737613
1.0157116431978113
1.0160259433273087
0.9863575790561488
0.9813330832299816
0.9902977173055179
1.0144044085270791
1.002390810501827
0.9964078765274793
0.9928225850203335
1.0130910768977388
1.0127379162919017
1.0117436728243232
1.0081145824820266
0.9910190449464719
1.0047410141360327
0.9932868564280317
1.0085887628163297
1.0058674946931385
1.0042545212005443
1.0072209940902006
1.004972848799886
0.9928946675767427
1.0063708210211002
0.9955506431908224
0.9953674358712835
0.999369148137547
0.9988254454461519
0.9951354947672154
1.0000400554645417
1.0018964618060147
0.9998240270875336
0.9955516399012746
0.9998897708321126
1.0004600035435312
0.9977326627596589
0.9961596982777111
1.0038184388997633
0.9966974760789771
1.003077012033562