42.84946946723694
45.43069585910576
45.646088722274186
45.57537735359497
45.54621195047185
45.536423054913705
45.34967729136208
45.18213839521802
45.060160239891964
44.9924540363956
44.85672975490096
44.61911716483645
44.3934040478789
44.227702268120886
43.96816329130984
43.703165784389775
43.49476622766711
43.17646149264198
42.95014496046983
42.629411915994694
42.303244463898636
41.986088724187624
41.55446343892223
41.242905458088785
40.80084636523771
40.41051930802265
40.029900570640365
39.591677377042956
39.22187985767682
38.739077626566036
38.31638009938799
37.81129344451569
37.34093961667747
36.864767235483775
36.41198289273937
35.81917060616258
35.36969192249551
34.81949620783319
34.27543289291358
33.758949947947244
33.22116102030911
32.59454226547809
32.1079393807296
31.49461739118184
30.887092948792315
30.321727621958996
29.778523509633246
29.16452244192996
28.575357938223455
27.92586046946248
27.343079241693957
26.726903895113775
26.108504365466562
25.566116802863803
24.892843529985125
24.35276943683627
23.735290843923043
23.117662372507112
22.519407607675205
21.826353593582528
21.275621078117613
20.59347086609156
20.01485455404386
19.422725514437726
18.79192351844259
18.20902334390259
17.662599710283107
17.04086046919613
16.400238262773527
15.819109948202062
15.248887555234017
14.750880888180118
14.155690812657337
13.633440541618212
12.992982360600495
12.431888141595659
11.902523039167528
11.45415596369405
10.92183697462674
10.401694203978188
9.799329148060156
9.313232211546948
8.799566674891206
8.348778662267017
8.025532977134597
7.360414312314666
6.985919390452862
6.63758621755004
6.187131668073273
5.5853039362308765
5.243764416647023
4.86161030249593
4.676401670190321
4.153371429876618
3.8431882567238573
3.775015006019649
2.547784847524021
3.6411523423367482
1.7691293215661152
0.519057583658912
0.2857470498984543
0.5872619795048738
1.1910333439972316
1.001854201008463
1.062677442357381
0.9087580002851837
0.9311787090620041
0.9392388224707376
0.9827622176545745
1.0402366656793987
0.9695448021824321
0.9918133060249823
1.0172936174563245
1.0131764904513334
0.9874064969878196
0.9918799001506922
1.0071244701151494
1.009972258928241
0.9926323858288095
0.9927428572434858
1.0047527384122998
1.0098209096928874
0.9901470545835751
1.0017304357371908
1.0106122391337786
1.0101616383308198
1.0073464740666924
0.9943866897949184
1.0032602532056878
0.9931470351519817
1.0033297212152703
1.0061109430554853
1.002312204062578
0.9944196872578271
1.003168958378722
0.9945435760212696
1.0029573466887325
1.0050736342204711
1.0045761848082435
0.9976981735871442
0.9983682614658812
1.0008057031942432
1.0043628031772258
1.0012817596079058
1.0014648151555978
1.0042825659303438
0.9975317908859841
1.0020830574593802
0.9961996618277458
0.9974257169583478
0.9981246479370466