36.531662733550824
38.71024709675279
38.57077104574507
38.59147938210233
38.37704162015153
38.361296225196845
38.25033356258102
38.28477235482292
38.13218465378261
38.02734209068378
37.84009479548252
37.6860858778042
37.57483649760849
37.340188181024196
37.16707474009294
37.0507816273701
36.76264481816263
36.56892466738897
36.3390386860481
36.12400179321676
35.82505055348697
35.48721768031342
35.26150469823397
34.907577849683705
34.658277949158446
34.377445455625136
34.01841412192423
33.66824295821023
33.29099494807714
32.99701128469742
32.56795461962667
32.17080199173338
31.80115768776611
31.395320097568916
30.988442566118696
30.627948465039623
30.148311045400582
29.78702107678073
29.33165667933081
28.867531631654753
28.44287504355367
27.99330153065552
27.464159966650435
27.06784487161007
26.55583250945587
26.038928583527365
25.560296217646222
25.079728485029623
24.653545762911303
24.10869284035738
23.662251837524643
23.094941533422087
22.58215594115883
22.08099267010413
21.59406036845461
21.141072833560226
20.55485960373435
20.125716392770936
19.588505617999793
19.04598096114421
18.553104530629682
18.083634922706334
17.53519605987177
17.033330607306713
16.489431991555094
16.048895859961082
15.56679222097148
15.046415977516425
14.484440374770257
14.060128299560906
13.525345196050553
13.124185371476809
12.621457002663734
12.13453787783013
11.701622172097194
11.197705550101281
10.661776854903357
10.28891052412229
9.866734588617145
9.366916534269848
8.931621365621348
8.567052751805278
8.078639758987899
7.613528125881867
7.206351333767654
6.929154734394052
6.541589743029345
6.162103983685314
5.682532487965575
5.130802715482137
5.0584216085221785
4.51177779718787
3.952339256405208
3.55338904284899
3.2264564157152447
3.498763414174075
2.6910784986990857
3.449919566562253
1.6300510736202232
0.5170682697550486
0.29502849565838934
0.5650574861066613
1.1448071430472029
1.0811114866479312
0.9698159980887915
0.9309166188516944
1.0349640554098998
1.0419954093605879
1.0030775904831835
0.9550430233264066
1.0316678124215353
0.9681658683529196
1.0205834664796136
1.0268961452329342
1.0241628405745185
1.01707322858928
0.9848036976801757
1.0084727259406345
0.9864951821128566
1.0104068512596167
1.0145327809778253
1.0131793033596797
1.0046899446372708
0.9883832565864856
1.010764293119149
0.991445716425013
0.9948106500000432
0.9992986443503712
0.9972794687639442
0.9916738426874271
1.0046013483225245
0.9949444750801916
1.0068353846342208
1.0022327659915928
0.9990461907119259
1.0030076472986231
1.0053459522526098
0.9944335221950239
1.0048927807232084
0.9966628186029812
0.9955325748939374
0.9951927020032437
0.9959805769513654
1.0021971530570315
1.0004222194587673
1.0013617805285886
0.9963921079959441
0.9972723483678217
0.9977477922066919
0.9960518618768865
1.0013259289156156