1.342717408642974
1.5682932236633274
1.8677136984975096
1.7261338382681275
1.6044166080807372
1.7238820506963823
1.7640709126791085
1.6815531020687544
1.677842520113794
1.703234445626912
1.717711077178601
1.7327515200651777
1.6618445275630815
1.6527141803704577
1.7697174565741074
1.7292499745494705
1.6051359173712532
1.6886780813844169
1.7664364867515283
1.684918550489748
1.6561248004188454
1.6649687525272363
1.6932187815418223
1.7508197211299728
1.6685803247988842
1.6046867426814053
1.6931954103304738
1.7181917664822484
1.6976512207542263
1.6596059575069788
1.5980545487387954
1.671938734883115
1.7261967230192394
1.6797768184575532
1.6497866858612675
1.5900174364874136
1.6304114951654325
1.7060243856398811
1.685226090538442
1.664927220332189
1.5847812634381762
1.5785763676739226
1.641084440869109
1.6672081671687684
1.7004587312339339
1.6257087141461517
1.575696563541181
1.553211022736815
1.571824470072019
1.6511595258546523
1.6606248269759964
1.6691697273818364
1.5914135028794993
1.5411993028016369
1.5098415870901398
1.5259069010033008
1.591829405548412
1.6267375896640253
1.6662817286270275
1.6181087210229976
1.5791744198280364
1.4928557230186124
1.4649413740778308
1.4454207905895138
1.489416035837464
1.5384758739379665
1.6008436116812326
1.6338494959609844
1.6367048313080843
1.602444716779354
1.5400058044597924
1.468952055184301
1.399337871966449
1.3548784751526763
1.3335386484738654
1.3492447470117546
1.3868448172633492
1.4487647370481973
1.5175005673769018
1.586029701034107
1.648582576700489
1.6877321326578487
1.719430080724159
1.7125979304061756
1.7068398423504978
1.657188717657156
1.6196201403339074
1.542368180370401
1.4828211033620171
1.3963944413914544
1.3240262924244668
1.243451475634983
1.1659344940193894
1.0992769603399204
1.0241113672046367
0.9719771948879626
0.9072809783857633
0.8653540522935442
0.8183708441610619
0.7823417722685535
0.7560669914342818
0.7265958067542275
0.7175245069746305
0.7012785819472137
0.7020438231464925
0.7062967735990273
0.7131418875961333
0.7375323356126462
0.7553980339025385
0.7903384610778309
0.8266755043799455
0.8630602479857429
0.9137903988513463
0.9521674599067154
0.9987742327267605
1.0407735131358336
1.0677965630259192
1.0991703316909334
1.1076861903577977
1.1068467299719418
1.1000652915310212
1.0695397877971478
1.0414031990491994
1.00808059778821
0.9692667401471616
0.9494895131461224
0.9361719503430458
0.9343966868099716
0.9568976794735328
0.9818930049695203
1.0087670049951187
1.0396574403041878
1.0495575297566822
1.0430632696290658
1.0299903687903111
1.000451754542583
0.972279859091804
0.9636910584599322
0.9658708293180209
0.9809080439393701
1.010689633996904
1.0308926021784837
1.0301325851015841
1.0192641327427783
0.9983905579316237
0.9744293610003639
0.9704320495225455
0.9887331715564202
1.0092682190724946
1.021606714840364
1.0226272941389691