1.9120690465137626
1.8439684651778019
1.8487881705295615
1.8727225734447155
1.8168827059077888
1.8788150417594451
1.8485639412921455
1.8003365907053324
1.9292480489639192
1.7710112793241806
1.867765873561868
1.8882064805923509
1.7573780968160462
1.9128760179989333
1.8202461973206152
1.8166458656810687
1.8479897363351916
1.8687090510353022
1.7742394730499467
1.8576385084668037
1.861819565075371
1.7720156795090254
1.8391240274010332
1.854158561895639
1.8021932023848461
1.77442655679511
1.8762400171479907
1.801915789112632
1.7746520186361665
1.8039008940292671
1.8612836783756814
1.7620201356741874
1.7663346653656362
1.8173647335932088
1.8311402384187025
1.745962037946925
1.7457703405991372
1.8180502830157779
1.805850887035259
1.7471577373629148
1.7077826662278917
1.7986136286536791
1.7961099024413247
1.7570854203648796
1.6828648810433477
1.7297680455279516
1.7910986576195709
1.7690491437701894
1.7118486573226297
1.6500948207847679
1.714337237553737
1.762684719259639
1.7587366767335852
1.6973652432861508
1.6186261020361834
1.6508658451433316
1.7050624326970507
1.7469017169966505
1.7316133466961623
1.6354783674954154
1.5859140013394568
1.5888965079697435
1.636444738467605
1.7159353938023092
1.7219297431707106
1.6677854100223752
1.5985469907287047
1.51814408623986
1.4996556893840494
1.550951607483781
1.6107010320579414
1.6749248592136443
1.7105778956181017
1.671262814568622
1.59556177851049
1.5153199012257912
1.4275972296232353
1.3728897165211826
1.3793298299978962
1.4184888484020415
1.4807794487888482
1.5737494645528245
1.6653243509165174
1.724920327472607
1.763176250804526
1.7834361452143404
1.7646457853129465
1.7079386714904068
1.638095494843925
1.5608897292083848
1.4656158886183686
1.3587704447069702
1.2592328789208855
1.170249214284227
1.0821214969070554
0.9949696628336877
0.9195982196597102
0.8599258672041917
0.8089287631466681
0.7616151494245692
0.7222261929883499
0.6967162551181455
0.6842796504122102
0.6795612044037728
0.6804269360858668
0.6903606769813678
0.7134882922088809
0.7492659288598115
0.7928981784406521
0.8401256441684058
0.8903671324228324
0.9447125686780775
1.0013314938335194
1.0536348087789784
1.0932663782051304
1.1147563088829788
1.1173788767279695
1.1033903490006098
1.0756922320553264
1.0377531088092966
0.9952820635183519
0.9569512163572218
0.9325319271994664
0.9292668777456318
0.9484789209562727
0.9839880962834914
1.0231741810861361
1.0509617181183666
1.0559340307389997
1.0361317988045715
1.0011959539427078
0.9687001863048473
0.9555327120861427
0.9683749944401323
0.9988334727606855
1.0273073310956722
1.0349669314902301
1.0171050532599997
0.9879445258560492
0.9710955607963289
0.980739578912108
1.0084459171182458
1.0289633350595118
1.0228541972159442
0.9961544095897664
0.9760133562433309
0.9831386286125882
1.0084328324062144
1.0217499185574401
1.0068623550263678
0.9824378306709028