5.291115105180795
4.164581584741751
4.543694060696907
4.311509645237435
4.399552885159991
4.316845882680601
4.492076489000246
4.184295221345
4.536293502372937
4.267865283081325
4.28855701871909
4.499737545400888
4.173015799945316
4.4067610931114
4.308776882438753
4.331499473553174
4.183856502876775
4.45177163610652
4.173620457233957
4.266929892533647
4.278274318386201
4.269366131592406
4.188484809475872
4.1529083763438255
4.356151149870432
4.051195459652139
4.246090846442592
4.039983963829656
4.2754123433942395
4.087838226219818
4.003917838838951
4.182495831710211
3.969054493365977
4.178617899955035
3.962172132374881
3.895665383011554
4.118274590670481
3.8726242119914436
3.9917537848779165
3.9898738469572854
3.705758709903635
3.9250166647508165
3.914561859946093
3.6963968067756974
3.90381896487909
3.8407517077428857
3.5537781730615956
3.7239856299142344
3.7940876047644965
3.5177522298275403
3.5813882452829087
3.796107670862087
3.581763809777619
3.3695938363287676
3.560279445154728
3.636533300744861
3.3404722261183837
3.201974685295821
3.427957366225527
3.522987221273198
3.25376874510816
3.042789348627432
3.1991535529407007
3.424837136430321
3.3255021872228103
2.9984067720243326
2.850955833457619
3.0321984818296968
3.273641303718427
3.250637121595789
2.9478704519525603
2.63787412864802
2.5803371913752766
2.789575894085749
3.0577576965922004
3.149873724182365
2.9762233738458033
2.6267015020223736
2.2849244365648724
2.1111253114071764
2.1690336851326544
2.4189134436942767
2.756375884488373
3.0639899595004434
3.2518409612436168
3.277583714546445
3.1464738492832462
2.8967769010485145
2.5786529318079516
2.2357558654414436
1.8966329935491464
1.5770166360721776
1.2874044974693102
1.0379062884892076
0.8363989563991301
0.6832693339673411
0.5698654465159717
0.4842416203471329
0.4198119137583991
0.37828358538574014
0.3634461893925012
0.3729340012503917
0.39874524904294045
0.4369924458375935
0.4935725873013907
0.5752949069505248
0.6769405368406779
0.7846656954734378
0.8928618054178776
1.0056166170581442
1.115164222660535
1.1943726115602236
1.2243988959963308
1.2127932372430044
1.167846473269562
1.0837874916993788
0.9770080335348911
0.8971431587143489
0.8731101133862698
0.8969186470396685
0.9645931861353085
1.0562237255571
1.1063008457940304
1.0813238799307634
1.0164637073939895
0.9469764627218892
0.9161502920364019
0.9672666435905938
1.0446036875606821
1.0664234900889311
1.0303106682632064
0.9625101427427368
0.9385438800756145
1.0009787521088813
1.0507770734841018
1.0320101150548462
0.9748048803957395
0.9516657436594711
1.014442367171177
1.0447294157302816
0.9993889769985166
0.9620590416644873
0.991696491505026
1.043230020669457
0.9993430784984033
0.9665747754164083
1.0034443890765825
1.033080597828468
0.9859224142604449
0.9747154137221462
1.0276266495353505