3.293994730095409
5.7961186442727515
5.507953218656999
4.764473793327808
4.9694074084246145
5.501905805818576
5.235860010571967
4.928464102741594
5.1530927327137785
5.147310973098654
5.083097026866509
5.326572831964246
5.0828582727088865
4.89610065619746
5.158210868695791
5.010612344006705
5.106230261361339
5.230490250222682
4.930443521105024
5.102089665563207
4.895947995440354
4.899928754059564
5.005654683063781
4.82586323242478
5.0839510811550115
4.829424209403282
5.057164637212472
4.830347709915396
4.966238574499424
4.804295876790328
4.868415070403936
4.755123397690101
4.793230496240622
4.687455886035837
4.7482088935621585
4.602495634457654
4.729890277317786
4.506913734641032
4.720871224508276
4.426862595999128
4.678254024187357
4.410204147329579
4.545269066142631
4.478409019676408
4.329316337421009
4.526677499936781
4.188362598991436
4.355557860074269
4.266999481807964
4.046619924210174
4.309723356737843
4.071795973375753
4.0208481511697425
4.260081157561632
3.9433745642481264
3.8862459914412466
4.10191483684026
3.8154129323957355
3.6975551755317846
3.9950997622589974
3.8542739904367296
3.5040794585161295
3.6570483402547076
3.8519893390771314
3.564497405338901
3.3134499182066444
3.516122306346459
3.6914878242558
3.4310406240066995
3.0919396244245188
3.155837430449751
3.466066263176894
3.5041802683524765
3.1228335764636257
2.75983521304411
2.802679308372142
3.123598937337921
3.3441090510561096
3.272011241472306
2.8926856537184844
2.4389740137151046
2.2352347402673534
2.33355800054895
2.6424164359482414
3.061438361016596
3.3539985423740015
3.456075136167921
3.373025966602088
3.072156545357201
2.7105333605998734
2.2679702929726626
1.8586532617565177
1.4821828464457631
1.160780113711322
0.9116447593289396
0.705261464543722
0.5661193492718131
0.45329037727961285
0.3919443970360115
0.3462021266774307
0.34084512318976007
0.34651374305839366
0.38860800502432963
0.44088069058151336
0.528958337710025
0.6257807617763141
0.7528742207703827
0.8798102591751105
1.0153432359971182
1.1288089594584758
1.209039309105155
1.242188713056342
1.204912697019227
1.1297179969071147
1.0063119679435053
0.914341554979925
0.8618562019369295
0.8912431986222759
0.9858143424650467
1.0701067207672357
1.1127521502123634
1.0594104181049482
0.9631328588696434
0.9195471302211903
0.952364221207617
1.0370625325252543
1.0788455049547705
1.0141836768865822
0.9409421359390624
0.961683905032181
1.0345705331740098
1.0479855412399326
0.9855227396982076
0.953547660916038
1.0093800890834757
1.0443412495700763
0.9886886693232856
0.9630199628260312
1.0216594853750767
1.0253386252174965
0.9689101295163947
0.9971416849565904
1.0332998166238176
0.9774012841194881
0.9836110594464892
1.036291340821961
0.9873988253971133
0.9843475036085422
1.0256086923239447
0.9777284132840838
1.0010060597241386