2.4241492022057285
2.3913407840163194
2.526978169529582
2.6700861210168996
2.50534254481343
2.330817428920953
2.3564405982937235
2.5781066374605874
2.7071070854621677
2.485991344678016
2.2250491477110668
2.2870722213202566
2.6229621796696247
2.763808113370774
2.4791678087010345
2.1889769626496567
2.2650903339397277
2.559985747407743
2.6581271931050052
2.5027648510428655
2.383515539446902
2.3549433184276767
2.32559582775747
2.346833020763944
2.515648048128936
2.6543518235394883
2.5011145721015584
2.245505566990695
2.20935082888498
2.3456853182328516
2.4317687314063776
2.4751000822963447
2.557715166960571
2.496654694324695
2.2600305440118476
2.1417593850888346
2.2338070578763785
2.33615590472028
2.3919288798914735
2.5114967631927225
2.5455877333951267
2.360068064185044
2.192491009047669
2.154425804602252
2.116093943038325
2.1291350557458184
2.3057036582960224
2.4562530208070346
2.446762675181756
2.441995068649826
2.388527199041208
2.184844834298941
2.0426260055925187
2.0130944198766745
1.968668947123413
2.0084938074791485
2.1823603750104423
2.2916702571334007
2.3605841629416116
2.4717542017709158
2.4367875982953344
2.320498284502465
2.2458394117860805
2.0715247454691315
1.8969773582745502
1.826886459240426
1.7354227717675073
1.7020141565207627
1.7891833699747626
1.8537920831646808
1.9662659702654472
2.152857141952904
2.257555015813599
2.3952866191421753
2.53293564114337
2.5566979022872784
2.6264159409728904
2.624361372831162
2.551364226457023
2.52697131101214
2.396365372724166
2.281356396499793
2.17380301316586
1.9923270933783024
1.8793569726019332
1.720386875440172
1.5669147653204918
1.4577837406282856
1.2989201388577256
1.2011061691673668
1.0869011601469263
0.9771929416882538
0.9096795803802642
0.8085312154797663
0.7565007869322671
0.6907465467160773
0.6351498112345706
0.6061099703297346
0.554373422632766
0.5436613161582384
0.5126927623423805
0.5038937655738891
0.5017394360824324
0.49222504323408034
0.5138633059295455
0.5124447847768034
0.5460083446693823
0.5641410451789269
0.5993260652818803
0.6427791393865405
0.6763615558680819
0.7409080475605656
0.7770228854974792
0.8496417256179118
0.8947210327368383
0.9593428666798898
1.0147405327835057
1.0588464535776902
1.1163117586683546
1.134362466570704
1.178087459781076
1.1707734067389757
1.1853202439027621
1.1572802920277487
1.1367200838377107
1.0959946430481644
1.0488470501306353
1.0081572222688522
0.9550574487364237
0.9311995414065379
0.8956325485564945
0.9031854649595112
0.8988077765187789
0.9394842283852467
0.9604124372828736
1.0162876314663478
1.0381256404857873
1.0786334243345503
1.074239680264361
1.0778455761248802
1.0404444929534002
1.0157012652083208
0.9694199500000744
0.952002358493609
0.9326979365622586
0.9518617242168474
0.9688169454648553
1.012911989729965
1.033022291855068
1.0589253973988295
1.0430896806581702