1.8152840421390644
2.207373313704187
3.0499157669135015
3.0181671589047343
2.4143918447661017
2.408580628357152
2.926783035613677
2.957735908457406
2.453162682573846
2.4008696937015697
2.863999276172459
2.940935460121046
2.5220258196043144
2.4299759115651836
2.7316041669186504
2.8236655630194156
2.6626267632233307
2.596438944927792
2.5555809371988243
2.564661392327742
2.761243341728634
2.8223708839999677
2.5204820968628625
2.3986080382410835
2.634309643214126
2.753236988334771
2.679317537285269
2.631682785060824
2.472691586235466
2.3945927986362796
2.6284796929815113
2.7716975380920097
2.6306596709654864
2.5377303495788035
2.426009248241649
2.3535349112456228
2.5554502633999765
2.70996521359786
2.627928581471539
2.568078573486019
2.4005208809930463
2.2607264248253864
2.3960629429516613
2.520099020805821
2.593084893069464
2.6740881551662223
2.498533954614059
2.330719523449649
2.259768757965114
2.1842686286706012
2.3220724711315026
2.4811538319875193
2.5378797746248427
2.6199738703879447
2.4813093554799677
2.3251212512940556
2.196665201437177
2.039355487603947
2.0819347602071296
2.146061819426716
2.2733367960650925
2.4603395144955535
2.499283002097704
2.5665894448337183
2.4653141545137363
2.328651879686313
2.1761998377414975
1.9643408119470533
1.8773724388660558
1.7690792085736737
1.7963923375588118
1.865575480784271
1.9760186637800323
2.1677147590972243
2.2930261232132816
2.494345979214762
2.575375978535782
2.693737410655993
2.702764346793062
2.7015164505835014
2.641030103007109
2.5333307208747184
2.423494012352783
2.247850275399113
2.1135294482005
1.9111576451848589
1.7736123769691132
1.5758701090554221
1.4495243743600394
1.274721056843936
1.1673492149235205
1.0229219616871663
0.9373786177284584
0.8237850141293674
0.759994053044463
0.6742407433960526
0.6308202734783747
0.568902847167033
0.5442535369792388
0.5025350686825342
0.49543496988690433
0.471249087864932
0.4810505426726824
0.4728048030155431
0.4992985058760618
0.5062471702815269
0.5492062585562433
0.5709546514095486
0.6293454723936373
0.6650914209287664
0.735983630621179
0.7835309134421192
0.8609040115769536
0.9156286035173392
0.9895738453636318
1.043785381643847
1.1009647607144537
1.144388367034648
1.1707713266127757
1.192919113526735
1.1792908031368379
1.1738912298476754
1.1229331061717027
1.0930535485166917
1.024103984473662
0.9845673180102541
0.9301804693591217
0.9030742288742681
0.8935698606615431
0.8956554986891223
0.9366318716777008
0.9650453277209269
1.0249576735631531
1.0547481357469095
1.0822213111244279
1.0853022209254266
1.0544664639501624
1.0288250158861307
0.9730866163626948
0.9498477356804534
0.9343360944969985
0.9431559902164854
0.9862291068613588
1.0134338760354402
1.0532940523407859
1.0566972071118284
1.0335792606514709
1.0082339752482767
0.9621590584347702
0.9535940629929239
0.9655422148579729