4.574751567661815
4.940232573475064
4.714372217452375
4.771457777776236
4.703852725918513
4.768301606011591
4.87429415171541
4.504383959460183
4.847240777859512
4.875409146081163
4.465615294943381
4.837882681994405
4.694633199034169
4.75729581975669
4.612868068825395
4.583756492240266
4.85217190246277
4.559739337613725
4.715031728544212
4.437629337648424
4.7652893141791735
4.547995160833783
4.70944218645136
4.4166522614079415
4.595184637787041
4.4301393200548045
4.668640484579864
4.4313076019297615
4.60937632903023
4.293633799950445
4.519673749796236
4.256520791883134
4.507560268302199
4.326015510411671
4.418694140291175
4.390424917237986
4.220254694617693
4.3964309557456565
4.084037390953872
4.278079153957262
4.148705888909549
4.049787486573613
4.261105780560732
3.972691276946701
4.10263691324885
4.15437409245397
3.873255723652774
4.089669097515253
4.038288625495912
3.7774679515338985
4.0044161097473765
3.958127920147262
3.6640877422780633
3.8451205086579665
3.914383738111262
3.5806488359455906
3.589383543237913
3.8217244701133875
3.62079647665071
3.3432884753562564
3.5107732694135514
3.6862637177497
3.4338676158309815
3.1755274525623514
3.337534749501993
3.5815427408254794
3.435483884432788
3.0682329912106514
2.9702531467319955
3.210916348452973
3.3987907991674655
3.2407216006591213
2.8757797766609094
2.6653659534688985
2.7861084990600946
3.078630451143216
3.2486943329368994
3.1348079002433074
2.7895909219655777
2.4046767395669506
2.183702535601078
2.2286990177592676
2.507877105415848
2.8898833708607556
3.204726964852595
3.3472691031736934
3.323396027784545
3.156040458546963
2.845335092200374
2.4533718399322746
2.0719828003227097
1.7137123836823032
1.3726430076485492
1.092420947412592
0.8788409826286284
0.6973045035792406
0.5591660014945009
0.47140419428123437
0.4034757290756203
0.36179636626692313
0.3549239584734755
0.35889437405527
0.3866872370797069
0.44365052568958174
0.5076710933838124
0.6008965928329122
0.7138611536479222
0.82512558978887
0.9583640449761682
1.0736287447200865
1.1620839108591308
1.230121947235418
1.2263981634368695
1.1858739053094702
1.0979937769937622
0.9852746350139681
0.906272861264058
0.860797218598353
0.902118629543531
0.9771462709595209
1.0714136609168485
1.106082327065566
1.0707504513175863
0.9875663684239716
0.9214013252074875
0.9351867141929762
1.0064445304345147
1.0710935626683737
1.050070482527236
0.9782110840495448
0.9376023822382561
0.984319678362865
1.0513188911623914
1.036019237526026
0.9725920850417419
0.9528595961268937
1.0239260357435613
1.039706525334255
0.9884566305429027
0.9599445423555847
1.0166840295046804
1.0370661373794026
0.971515366023696
0.9809826459474027
1.0317254426150613
1.003259058729578
0.9714193340857317
1.0135748728263378
1.0188029708088115
0.9733653144954234
1.0054625734856946