5.428565310670431
6.622164782796333
6.752300367423872
6.899834928149003
7.0855661433208015
7.267492993370167
7.370290428418315
7.3389597692126864
7.202373096522271
7.078394007084069
7.0733413819399935
7.150542875592937
7.148686308482691
6.999328503387611
6.864428233671405
6.909176544668511
7.0134674522855
6.990807239466945
6.973907245729171
7.10367010832744
7.112359410333079
6.8878339896697485
6.776827945176245
6.78411228020925
6.746736261429795
6.877017087602535
6.899813191599578
6.620801928741968
6.578107075947681
6.646913761837161
6.6944721162589165
6.599226220514039
6.343631186572617
6.540411823053011
6.5139353144024295
6.308810632385924
6.265496285153403
6.4255527150212775
6.168486748272219
6.126344610306307
6.260924273405769
5.992967318007176
6.014122156282641
6.088557896469305
5.748688869908447
6.027371137214681
5.685107268890605
5.790355923909279
5.711909076134392
5.535404011179883
5.6851352004175215
5.369376825232607
5.555394674433688
5.258163762928608
5.427450797527667
5.100565975332672
5.301654249416023
5.030636769936822
5.0311606177743755
5.033026093658153
4.777913532924618
5.00394666577395
4.541107017473481
4.808856420579587
4.655278817568448
4.349636310123062
4.667177980117441
4.284640798281999
4.166203553870195
4.505342570714137
4.09777917372177
3.8432541799245543
4.212778058478541
4.055256955788252
3.534814233109648
3.663164065597954
4.034715317516839
3.769382409888775
3.2025242523837067
3.16220129445614
3.602232146784019
3.8021027120811555
3.4098534075616405
2.7792680456978553
2.46247937507901
2.6700115503933906
3.195799934866143
3.6768293511199603
3.854749309199691
3.6692846744196044
3.2096370745198732
2.619947773727102
2.0270064437662114
1.5093659639128647
1.0978992461247161
0.7911327326542148
0.5728331622071247
0.42512617161983535
0.3347036737334998
0.29275811693760356
0.29189457349977876
0.3246578261076592
0.38629555313119474
0.4784342844949762
0.6059202840340528
0.765099385435099
0.9359111660951792
1.0903780440731743
1.205323526387085
1.2570983302556278
1.2174777265196894
1.089540947331654
0.9414449407092765
0.8606825869545824
0.8857945412913347
0.9980926759214461
1.1092337447093539
1.0968072556222193
0.9776234232133535
0.911147060511832
0.9707733875205687
1.0701801200930743
1.051673966238819
0.9420003498859716
0.9618019920851844
1.053614818612678
1.024967818113971
0.9458013021796292
1.0045926129126799
1.0493882464116302
0.959148312150615
0.9955870680500666
1.0388004390565988
0.966251600148781
1.0051861585921757
1.024991577129934
0.9631661031213319
1.0319492380268065
0.9849877819857288
0.9971074281988604
1.017819746677839
0.9747461445580837
1.027978405868961
0.9737621466805069
1.0247143976144963
0.9757704734941874
1.026243694686036
0.9727930411611481
1.0261443538554764
0.9780220662506456
1.01921988663639