15.38024724709724
11.297473842744488
11.713026569978718
12.407198445061868
11.915207218316173
11.709736319619525
11.922648940179785
11.683518415890306
12.054161783787526
11.905641656329315
11.867897752591697
11.833293404911778
11.641367107367683
11.69799234786095
11.53440905754253
11.558927523249624
11.516251647568408
11.378038956630318
11.527273803387036
11.239615627217821
11.412282452814878
11.33552138168955
11.160591039559058
11.338031451042712
11.203133937453693
10.924723082712744
10.948466115913586
10.976975342032636
10.811141048373681
10.663901023392176
10.634876805841008
10.633129296837131
10.604985191535576
10.47042721389853
10.213660005232478
10.062984437425637
10.045666318107154
9.939745013688675
9.898581654907424
9.881716610617534
9.739370072664252
9.710248484446337
9.551799676469262
9.460558091314219
9.297062037941394
9.14952844871157
8.960391392230934
8.815313738151406
8.66234813935522
8.659634458214885
8.619364170349817
8.633918928740494
8.421701701494442
8.09984628340935
7.9503559289419865
7.983598604273802
7.976589480771889
7.658265559463698
7.408081660692173
7.5410258950458715
7.350546675957876
6.986347012523923
7.179667080046778
6.869695422910899
6.596084309394954
6.807720175215801
6.258358849672179
6.536320619971647
6.0467087019896555
6.191008889091646
5.782932637806083
5.912985347267413
5.426674353353505
5.72775907411843
5.03422184585019
5.481962149749791
4.88543542319432
4.841820537614238
5.100803318912721
4.284298919339621
4.507725958166972
4.757674457926138
3.8976131559852347
3.7005023808987927
4.356552864723647
4.259127848076261
3.3079267690743457
2.795583565128132
3.2647052468376794
4.08267409110967
4.4287245806085975
4.077044332906853
3.2933343945877067
2.3743890067791087
1.5840790327806087
1.010142902662643
0.6211530572243867
0.39897374660752694
0.2751597484327964
0.23383729319152866
0.24344902427404955
0.30809478670713947
0.41641663965338255
0.5810030013683618
0.7809870238923555
1.0068157407432707
1.1882172698858764
1.2809569452709204
1.2100970600574
1.0362931476553687
0.8656244366353294
0.866506369343832
1.0304456810554354
1.1265778674632827
1.0229709519074386
0.9035822233174444
0.9929691273407287
1.0861963780112958
0.9692202003192578
0.9553365833134289
1.0681771057556986
0.9686289223033051
0.9797516967612167
1.0536612325341592
0.9497522548565914
1.0433169533086382
0.9726359519180573
1.0112317524198662
0.9922076725044561
1.0005688225825777
0.9947912344875987
1.0086044184397527
0.9822635323270791
1.0256755927738166
0.9677463387696932
1.0277745861210499
0.9836481584153373
0.9896059589014854
1.0231353782291326
0.9774216131339869
0.9953744355638019
1.0263337564569275
0.9938654098030831
0.9806983942620016
1.008881455627891
1.0175762397672459
0.9968506343734168
0.98249291871371
0.9896809660511202
1.0076434007436033
1.0197952403473174