7.830335245871237
10.507636673167264
9.86706716463866
10.198186476994337
10.06626827601118
9.997273936725719
10.17393754835002
9.923397120011158
10.079345441174551
10.024832815202465
9.917296667803239
9.983558312098806
9.966552128132324
9.865897813108983
9.835041849365298
9.879078037073844
9.848450164225843
9.71958445466131
9.65216530585591
9.701900897267748
9.734497326626704
9.64519385820642
9.487563786045259
9.3753485621047
9.354927368839325
9.389918981846886
9.419659659162042
9.407694570117037
9.35069786923749
9.26404185717031
9.16597217823282
9.069677043250737
8.982310656561793
8.90702644748489
8.845017303051279
8.79610201009369
8.757370732023901
8.72017309786356
8.667192968400153
8.573884883783393
8.420376483786864
8.215615899168672
8.018914552203272
7.921987448688023
7.964040257667483
8.037068956977249
7.941925607168538
7.653065743275142
7.456425658500226
7.546620867740213
7.584597654252426
7.27248263845471
7.08743827201366
7.250414344963432
7.0602772059372425
6.760352423664439
6.9418660976914905
6.6963600776234395
6.4922752394997385
6.657529443772179
6.218415772695006
6.396374836050873
6.090165227758793
6.074846038163572
5.9466260268697395
5.799230805652974
5.734774593593068
5.59470512911138
5.437871777669994
5.476563994917
5.059350264299569
5.38543984972374
4.765078086051814
5.036208193399291
4.861102561442697
4.374345470226453
4.832387060921745
4.440844102678776
3.9557813460163436
4.444276007066929
4.348806879912021
3.568913620437027
3.5747661768283745
4.16134279125355
4.06281054176778
3.236606550115325
2.6861871947763616
2.9572404802391143
3.6789293484544014
4.188881256547549
4.140841111028967
3.5978749385343893
2.8164959897544293
2.0352326146095057
1.388205461960915
0.913844854902936
0.5960741970750468
0.4000979433348093
0.2925570431781902
0.24922624349233183
0.25597278949145574
0.3069232858926208
0.4014782677822941
0.5402246839129193
0.7191845626879134
0.9224907487785882
1.1159768112582333
1.2480833436312768
1.2669987530698206
1.157062091680017
0.9764464023355203
0.8509521168622549
0.8854940629894602
1.0399483343412483
1.1278890193903788
1.0331725279982913
0.9073778343589426
0.963245208218376
1.083301592773269
1.018088179463277
0.9270492848339109
1.02732580282104
1.0445404707496848
0.9423203444383771
1.02345387531565
1.0225946955800087
0.9550520627586596
1.0450524467483673
0.9712962911689305
1.0111963121137668
1.0046173803656528
0.9863545727480567
1.0193480115161304
0.9796696321030656
1.0198512882799975
0.9839171509914046
1.0108557161283698
0.997808338430498
0.9922490255067392
1.0185427135803895
0.9752050456062284
1.0229795417396825
0.9906311500001754
0.989998570101435
1.022924216186561
0.9848222236263489
0.9918432181906837
1.0219714782930482
0.9948849842323866
0.9808955679537675
1.0101127757806236