12.83580836479984
10.634337613528933
11.145858617828248
10.939401807438756
11.013650628624596
10.739467788715544
11.266904000964132
10.67213575966918
10.9676050953136
10.80180697415853
11.072855718128798
10.672632660631166
10.724465234237297
10.825625654144025
10.67688565113559
10.884830301754494
10.632636633164712
10.456686619745687
10.610417716019002
10.462685264567755
10.300974108727795
10.439470998907806
10.489226095744398
10.291148159850568
10.140830877724444
10.179612928307561
10.241811780868089
10.169944500192265
9.984829755885254
9.79467531997614
9.671645288303345
9.623083480824377
9.622664340277053
9.63746124119705
9.63332131218398
9.579641280396501
9.472576773146137
9.354905212140757
9.279545550516843
9.2271824974476
9.111925586876582
8.928327045035306
8.779889489406035
8.659563330122928
8.475108262767352
8.35689605176338
8.39638882692261
8.391313814806159
8.330096613379846
8.153816678035652
7.826187264035553
7.7798783666372895
7.8517811221584966
7.7746461953603125
7.41710088634747
7.320056839207074
7.468305276239978
7.160440929088469
6.912886393617323
7.128556534991318
6.735126795683018
6.649516964950361
6.730976191574075
6.253734562515171
6.529497679024865
6.033785935169289
6.2024182992728365
5.868363544240203
5.8975758560965525
5.586636141816088
5.734456258904896
5.228593105263361
5.562895105060008
4.893036297270164
5.272779072766644
4.911515398052521
4.5663724866033775
5.003656848908926
4.346228667848816
4.161225286923146
4.680811514934548
4.1738636783384955
3.5402346803687084
3.961072153132077
4.358911309785623
3.7664482909782953
2.9178433035220857
2.831700027365752
3.490446468146779
4.168535913441086
4.303926145929141
3.8397111225897187
3.038601565179218
2.194784163679871
1.4853531531915105
0.9638466870624116
0.613720257489146
0.39817917079222925
0.28354226413626815
0.24231186301848767
0.2530905489583121
0.30659541550343966
0.40793858912275477
0.5615590877332801
0.7538513253850928
0.9606194736215579
1.152796838481509
1.2698490377771021
1.2439043337323177
1.0927369016984463
0.9169970443640101
0.8424958628136622
0.9524888368976894
1.1070852999121323
1.0925076203420658
0.9490481000390837
0.9151401916693527
1.0592561514409653
1.0554967618461262
0.9346342879405867
0.9934078434415732
1.0659453094389881
0.9442590424866476
1.0114675061783005
1.0328215701621757
0.9490935055944223
1.0502800019269052
0.964823031085107
1.0190106738172662
0.9968202762915622
0.9954287038425254
1.0058464245477177
0.9993986297678945
0.9974638541951145
1.006748629933089
0.9838788269491754
1.0290910940031515
0.9701764743106672
1.0206296881729635
0.992692123087179
0.9859418002729122
1.0280047976305455
0.9895907410454409
0.9879939487194853
1.0214774935028674
0.998819389581012
0.9767507860344932
1.0005780843331424
1.0174790781364753
0.9996043675728126
0.9803626445039212