3.8956378282592095
5.9867761831865804
6.364770517459545
6.511253485748984
6.461337443840328
6.278995291124137
6.0916635052486825
6.0315533181240175
6.130092522309209
6.264568209650678
6.257980128254875
6.0856918210963995
5.946632867798841
6.02328476490398
6.187893690379919
6.151297619530707
5.950194635441066
5.9311280433318565
6.091778913953384
6.024804466911264
5.77754886885965
5.808217169674096
5.916994862867514
5.713501573145576
5.6755345996328375
5.9027438022994
5.765232761100255
5.673115076281713
5.825748979056272
5.561139614708667
5.541531503978714
5.701564206521976
5.4736158769537555
5.644102200192669
5.463604738430859
5.361819128048818
5.531867539348021
5.290882839125146
5.480787287345233
5.147420388331837
5.374944155200427
5.171424192519375
5.24154681616101
5.05149634089966
5.185617817596729
4.99142866894223
5.058695804336723
4.878594872290892
5.047381082921146
4.6930355158855495
4.999917430567035
4.61277131185751
4.817869571822977
4.64584034091165
4.547246587006985
4.711794331947317
4.333486067645064
4.579418497764715
4.414312214731122
4.185499381422699
4.510176866944024
4.126816551978187
4.079125934240308
4.325301152006851
3.9965105289797345
3.820275378179689
4.159966513188535
3.9441089588150837
3.5792628521762313
3.761314833026904
3.9958297669793814
3.585582004448629
3.289924212887981
3.5028449787447826
3.78968756604703
3.5300285789925443
3.0263474893582103
2.9459296388743437
3.261751833716246
3.573246953956394
3.442558021026349
2.922208025183185
2.47145390927303
2.3547533148583204
2.609898188815192
3.0903854004793563
3.4957225954205353
3.6419822009493457
3.5310491655006278
3.2043003456263546
2.724299060992868
2.2012097778852167
1.7261915519474034
1.3257770178327817
0.9968421530074851
0.7408220848739295
0.5581298513286327
0.4378610259144227
0.36376308406231
0.3239402056686326
0.3133108402170619
0.33130151926599305
0.37921701023647475
0.45786484536933814
0.5653541337930544
0.696070573427251
0.8409604106752533
0.987559963498229
1.118798645483589
1.2125286416448686
1.2456767452018283
1.204897428422648
1.1000208204025337
0.9709791139223005
0.8778556571070331
0.8709198384247151
0.953219684531206
1.0646441077990267
1.1151834706467063
1.0599658870663697
0.953987127944357
0.9114257624893772
0.9799134268716716
1.0682473510455905
1.0536025126237003
0.9616958124325625
0.9428350452899115
1.0273768833808745
1.0591680912141967
0.9810745553647722
0.9578421923978867
1.0361660814064357
1.0332567281907796
0.9571759744291469
0.9938345863426716
1.0377279893914655
0.9701978852508256
0.9871629236770487
1.0402611066656529
0.9771620452937415
0.9982270882518194
1.0251335399151276
0.9648596990073803
1.019609909100054
1.0033376897498159
0.9852632221340022
1.0245798344048394
0.9700776824758485
1.0234572715352122
0.9888461368713991
1.005588559795379