8.324961784340935
6.964550817163277
6.880310765566702
6.846708734602518
6.820224504378715
6.785650126774756
6.736225447738565
6.672560091970989
6.604014227088323
6.547823968272775
6.522516331927645
6.535166891365323
6.568897441883592
6.5843114467987265
6.546070750171311
6.463563500884152
6.402702400453141
6.427673240809723
6.5068611815916615
6.511074796354615
6.376441228523284
6.2475051720115795
6.306952234172424
6.438894467326035
6.3481625902280685
6.125512327912181
6.169487239609707
6.34497830822472
6.1727756342853795
5.9683183339649535
6.172674317021901
6.162912017162108
5.855303810099044
6.026575489969364
6.055864402770328
5.730587198866771
5.958858672902538
5.849543578197568
5.637836085124422
5.898642550975551
5.548337535886632
5.70181945474029
5.602200828231159
5.465562535110515
5.609950385095647
5.2997774345087905
5.541793972185746
5.183620041597395
5.438490114671526
5.078177858727176
5.326915592005134
4.97271276753022
5.201744009080523
4.888043441831441
5.030196621305543
4.861720301174406
4.786192553746981
4.883723058705526
4.545103767506387
4.799793129286928
4.510007522817675
4.458639219035106
4.629953488824932
4.215902721875571
4.353178648618791
4.425275207167036
3.98400101693368
4.137924729154922
4.284182154039437
3.817736762081465
3.7682105960198125
4.114460428515504
3.8735984726376502
3.4068099251866135
3.5565166788044142
3.9068038342119316
3.67900333707153
3.1299584132684037
3.0162735588494263
3.409266705729061
3.7013568357682036
3.4609255349486694
2.8740190264147185
2.4369956325401736
2.457808731755669
2.8701328154011145
3.381302921707989
3.7097085315835456
3.721563197970321
3.4353589658230956
2.9555289186883194
2.401930616449168
1.8675415444359296
1.4060122243292186
1.0373931870216808
0.7601389661021457
0.5622500492384087
0.4289481217251144
0.3469116045733226
0.30605816251727
0.2998835915224914
0.3250399223016145
0.380473164227263
0.4661657223569914
0.5813854274492772
0.72237782125712
0.8797221063549223
1.0361585954021133
1.1664928357356592
1.241741817464677
1.239077960843668
1.1562241715695394
1.0236048326070424
0.9024844136518162
0.8590392847574163
0.9194838372814668
1.0366286794568715
1.1104452771958113
1.0720264370340664
0.9644444633208563
0.9141447193623468
0.9826760068418058
1.0700627247894638
1.0436120437581375
0.9507421792367804
0.9562089772425325
1.0452406587885916
1.0368640802259996
0.9530855286127066
0.9838794379753596
1.051260869701797
0.9876250309210958
0.9633530301921411
1.0410638658206681
0.9985099046180811
0.9657877498425924
1.0394084974877478
0.9860657856313912
0.9835312303386161
1.0354399081866172
0.9659115608413323
1.0203399793899333
0.9993099428482426
0.9848226887199444
1.0261487378670868
0.970036335063456
1.0302482702936382
0.9728465935594725
1.0241294467975697
0.9793379257943792
1.0188692515229731