17.52490227647736
14.49139839986487
14.25261081377636
14.123673679714436
14.079927504655837
14.129897679416384
14.231396664124574
14.256097467260782
14.077964441372178
13.785654541671729
13.715297995910042
13.983335694014958
14.10692157332314
13.77695743120982
13.612987184879607
13.818281543774619
13.684206292016256
13.552991599349532
13.592740629516383
13.39474620960752
13.510935498066413
13.213289203221608
13.347605855656195
13.102684750804812
13.1360259166644
12.951590232740983
12.97830024153037
12.714130415896468
12.850500526428661
12.493488807894503
12.584526912704519
12.44148394553988
12.217782999359436
12.215293530401416
12.176867856665627
11.885052102541968
11.734899129943782
11.83083947888736
11.729131375686134
11.39413311729319
11.169524377182757
11.146117638337785
11.15382800016958
11.07317257983906
10.917240797139979
10.73927954823954
10.56811031922811
10.407912652107049
10.256277868686869
10.113516724451529
9.982819941560352
9.866450100235646
9.759772257040709
9.644008572100311
9.4837580651901
9.243617373187812
8.93430774661458
8.65696539487712
8.549507039399195
8.58804607535453
8.490328809163541
8.104694595217305
7.839510232908127
7.958244236213093
7.786405019448481
7.2800944886301835
7.411087089299894
7.291581451347381
6.744792816967732
7.051121432392212
6.499464937210446
6.536152958246158
6.309628333814946
6.099401996407853
5.990808384513378
5.805313266859271
5.51875143773572
5.672219712510084
4.934788434926348
5.482929699592753
4.73749674559624
4.60252333384643
5.082941936245158
4.1619158966159535
3.9091272295513706
4.62763547523498
4.328882283312453
3.2508890904332195
2.9816578756023615
3.7356041279502965
4.50309992697884
4.517452244732334
3.7976752994760856
2.771994442538298
1.8201037145659547
1.111220762737035
0.6538572624927645
0.3904296914422496
0.2584439399004532
0.21353304641718013
0.2317929608860028
0.3049379388700961
0.4335047937318882
0.6179973939128871
0.84640150996346
1.0797374950551533
1.2464093294679153
1.2664581841908618
1.1188264548217097
0.9117748113498427
0.8433268444668371
0.9881337500256621
1.1327614457140427
1.0405138060473706
0.8960751222497204
0.9999291592845208
1.0887333322030401
0.9452177986327547
0.9841347577329335
1.0616394234579385
0.940223455894798
1.039646360699513
0.9865286047960334
0.9963535219191336
1.016008625598257
0.980421795908183
1.0202805764698284
0.9859693446811886
1.0049509952693254
1.0101689956070956
0.9753006333196098
1.034852668888189
0.9709289260946342
1.0069153444205936
1.0202996681573795
0.9754444721606073
0.9981182180754572
1.0249013206954458
0.9964897317517308
0.9755176787543643
0.998925783095736
1.023690281480702
1.0154570055903214
0.9910006705394825
0.9782119333373152
0.9828634628151356
0.9948715305256314
1.0049266784911703
1.0103131456230325
1.0122941781739847
1.0126932896893637