0.8969725069293168
0.8986205848001482
0.903588907017865
0.9119480534774855
0.9238101088230259
0.9393205862072349
0.958647603847216
0.9819687752439342
1.0094563745233716
1.041261417251062
1.077497308763356
1.118224042993444
1.1634330014462255
1.2130339618042414
1.2668442451945743
1.3245808447762382
1.3858559356930242
1.4501760932927488
1.516945407259336
1.5854725568519699
1.6549816842829492
1.724626862869167
1.7935099213731092
1.8607006100295376
1.9252590941569923
1.98625975756427
2.042815492404371
2.094101548935839
2.139378778738882
2.178014533762433
2.2095011520112995
2.23347110469053
2.2497082800601285
2.258154963370967
2.2589142136524263
2.252247491468453
2.2385675517222894
2.2184267765863717
2.19250128001909
2.1615712615979668
2.126498218373142
2.0881997344597565
2.0476226551488006
2.0057153846381497
1.9634009943802317
1.9215500064840054
1.8809563626021923
1.8423161637103846
1.8062084841439858
1.7730808099490318
1.743241015716666
1.7168508639473785
1.6939262456338355
1.6743422419664122
1.6578431810928287
1.6440559944524404
1.6325085895507137
1.6226508866091054
1.6138784114144373
1.6055574807819586
1.5970510638622901
1.5877443751631606
1.5770692615501136
1.5645264859522698
1.5497050841567546
1.5322980758659102
1.5121139438953541
1.4890834517079299
1.4632615441404653
1.4348242630991868
1.4040608024545616
1.3713610172163195
1.3371988839939077
1.3021125634863477
1.2666819478053108
1.231504453277352
1.1971700205883877
1.164237067632604
1.1332090769144534
1.1045140598751468
1.0784872238897183
1.055357657031013
1.0352398594432217
1.018130091235448
1.003908291874733
0.9923451281105221
0.9831140513622263
0.9758078307535999
0.9699588367464063
0.9650621609128134
0.9606005049468221
0.9560696653079863
0.9510033859745692
0.944996355567377
0.9377241889546444
0.9289593568932236
0.9185822068196858
0.9065864470548374
0.8930787359775046
0.8782723144568046
0.8624749344475706
0.8460716356355223
0.8295032450962517
0.8132416354823451
0.7977631423460886
0.7835215784930623
0.7709222082008163
0.7602984495149164
0.7518923729203614
0.745840472842047
0.7421654735169108
0.7407748296321515
0.7414661309561512
0.7439392208985581
0.7478144254075285
0.7526558955768576
0.7579987202471725
0.7633781878428408
0.7683593907881691
0.7725652876040925
0.7757013777181865
0.7775753055268679
0.778109988884889
0.7773492504130232
0.7754553974428309
0.7726987207131589
0.7694394301859663
0.7661030758677352
0.7631510319132333
0.7610478727141403
0.760228045471218
0.7610639010351562
0.7638378128434548
0.7687200483566035
0.7757544345507269
0.7848530190407881
0.7958002946373178
0.8082669572690561
0.8218324023313502
0.8360144815868805
0.8503044363799498
0.8642044517751553
0.8772649841047588
0.8891189335217365
0.8995098807452774
0.9083119830962106
0.9155397104389683
0.9213463597858466
0.9260111646688333
0.9299157454706043
0.9335115549236869