11.7747153435806
14.552664210752454
14.81665513815837
15.102519412689881
15.323710155286385
15.317909545345904
15.097150336317512
14.959058932464572
15.09723457699758
15.20292460002536
15.077047792143162
15.157926016219317
15.333789909987082
15.04387864383483
14.87081806937596
14.843980257357908
14.818159882645986
14.989414262043697
14.566790743185582
14.612708368375745
14.61686284588939
14.504577950871854
14.24638167243204
14.476185185342723
14.056527476177335
14.17194620639878
14.00742303642084
13.870330325742554
13.78023270131822
13.74246718205968
13.500936457319144
13.484035095509599
13.231268737952709
13.374053755612339
12.9823976817965
12.892422690654922
12.893433230967178
12.55615211491949
12.51031086272313
12.560901695887223
12.293504011082085
11.995131661133541
11.92934760325973
11.934484317428131
11.807306879710724
11.552010729049368
11.27603919760637
11.046992318404612
10.866020883469739
10.708121599946976
10.558282270044414
10.416413216850085
10.274942385247735
10.101193299997075
9.871394568025691
9.632097287109069
9.460233546876793
9.343565703035924
9.250990750004492
9.224679824362614
9.110642686209
8.72532360529229
8.364552860238039
8.27728994507678
8.357123629462858
8.062264008291567
7.569817872414389
7.721854333341836
7.552466417983036
7.005678825282379
7.25261404657054
6.784238107351052
6.640445814359797
6.622379793933183
6.104034634871997
6.351220092808915
5.69742918338774
5.914488540491797
5.491843976619956
5.273656639821369
5.492912709701255
4.559902041609571
5.094364114915903
4.853397069226748
3.9253435896911983
4.445693711350475
4.743127528715253
3.707899153248867
2.9788372268711942
3.5278471822364446
4.457687366608778
4.688235040299917
4.049635040791333
2.9860752116603377
1.954802453750173
1.1758413322291013
0.6738815956768702
0.38959064334975213
0.2524228473351414
0.20882383258606524
0.22895595076600167
0.30570973138942587
0.44482114271748624
0.6450634904984046
0.8836357358706555
1.1166316679764399
1.271520121718475
1.2548435752777882
1.062977516996715
0.8697160174566807
0.8700393338368221
1.052225320708794
1.1286015569487546
0.9591227268921253
0.9185552404623153
1.0732002994015788
1.0220376545689325
0.9255126235758504
1.0701800134518296
0.9719975973543344
0.9907739740633923
1.0364975102441654
0.9535151120990562
1.049501859904617
0.9563992266828091
1.0387947960176356
0.9670255579860657
1.0245770570406858
0.9970649322771241
0.9791581152168797
1.0328148843976344
0.9732686911388352
1.003165625462343
1.0294540241029235
0.9800363104951849
0.9822578832991447
1.0205303543791397
1.014029704276693
0.9822778205444975
0.97522414531033
0.9943054742514882
1.0138984717260164
1.0197271560049561
1.0143913297213418
1.0057544697790073
0.9986350674700352
0.9936504816173342
0.9897876791246712
0.9874685430975095
0.9891044674483496
0.9953282175442646