16.304878225743582
12.830910556021712
12.462778543653286
12.598333110943654
13.014983533631307
13.172591575209669
12.925321739014544
12.879440915147507
13.138340420475705
12.980968529008187
12.769724604838528
12.989832183406687
12.744475996899514
12.642420882632372
12.726598421322208
12.403267271366829
12.645941236488229
12.397074874193443
12.649290627821062
12.341009014548394
12.442605580933744
12.080615846871686
12.336370991533844
12.106169604068409
12.059905440913587
12.00649004228241
11.821154264786875
11.909262026992515
11.729904462626939
11.563204535907493
11.56502401658516
11.576434747980967
11.315382091357588
11.113453446520245
11.222116192685025
11.150254753660217
11.053476323755095
10.74897559332544
10.621520346153769
10.486503313970415
10.45000905569757
10.429330441861946
10.310175443842537
10.278199237418814
10.142462974434714
9.996056492040683
9.917361215984288
9.764859883494827
9.570921110265688
9.411457834741116
9.228791721735483
8.989476925079952
8.774061319385199
8.680089923886726
8.70674656923945
8.709257115962476
8.503601599345561
8.137112847341184
7.952276827881966
8.048357029159519
7.927572014547708
7.476316009887337
7.433342662249292
7.530847513370618
7.032432118300468
7.020907501968744
7.047002859287012
6.513564807756149
6.811949937392752
6.259145919086396
6.400688594294054
6.003046232293242
6.034148505295555
5.672683449127685
5.8330381950617465
5.232667529538253
5.64277501033894
4.849097313191548
5.194138508008062
4.988057301405092
4.301765996287234
4.888138551522418
4.560563255406279
3.7322520716201866
4.149502573480884
4.558639362331275
3.8242299876474677
2.931029365785819
3.0930611151346423
3.9220284919324993
4.507608310724775
4.304061073767789
3.5418228017648854
2.5629027282683374
1.6945122009237585
1.0613492641286284
0.6376676072973119
0.393133918597386
0.27045199990386576
0.2237651044882308
0.23700812398265814
0.30670842341453114
0.42888683054855126
0.5987322020501822
0.812641277552618
1.0448842619841878
1.227435324968374
1.279474684854387
1.1692079905323909
0.9672898150184464
0.8415153518333038
0.9194560625481613
1.0961455791020678
1.1085373495139046
0.9456882951225557
0.9258697455060925
1.0749062658132345
1.0309310645132521
0.9245676208703396
1.0475221607551428
1.017690011570926
0.9506077924257242
1.062652380074652
0.9586086985195383
1.0272379680156491
0.989609475147217
0.9979012920686271
1.0020248873208901
1.0000310044007685
0.9988341415363072
1.0139728692288972
0.9730326117492084
1.0329791214109194
0.9715148439770915
1.0151904319216627
1.0075459510959865
0.9753689035371468
1.0188004476442332
1.0094880886708428
0.9769107204969509
0.9982956055397979
1.0259435331100075
0.9990480358380637
0.9799273663987736
0.9882456429865936
1.012570363401814
1.0187087729506346
1.0126771911222592
0.9946958971610026
0.9887103298121127
0.9809798253342215