31.874263705067335
28.523061620364142
28.268362841659975
27.88167310093323
27.58773212091768
27.722916591232817
27.95637723192011
27.698082123397562
27.50749368989666
27.489124747873685
27.022019788174216
27.22923670973271
27.20706508657346
27.071649271614696
26.650377036500515
26.943091270263395
26.503208953129604
26.426758942314404
26.447454620936842
25.921474650443706
26.105216245707112
25.739086519820802
25.664269399998194
25.35018144775564
25.023915800078367
25.09898229315938
24.770568070964647
24.435070878293
24.379955770656977
24.247262486190532
23.901501801787024
23.496607260130528
23.147402108552782
22.863344982729433
22.62846540750353
22.41907020545545
22.163220622183353
21.802989026459095
21.450470484252662
21.220085781743123
20.97265562657032
20.773625173839854
20.59064781025438
20.049733054467044
19.646267610276166
19.459955757553054
19.266314794168164
18.600282573725586
18.556776739094904
18.111628115225823
17.691008400946743
17.525660550921025
17.023158297663972
16.75267390897395
16.400417594840217
15.904663676272719
15.88156405878581
15.267825427567695
14.853682533290492
14.778228101246462
14.386771427468732
13.787813826892698
13.353841278923545
13.111531401124244
12.906196410646007
12.641638108535545
12.314475940958959
11.967131837947168
11.630787957258546
11.268097838726636
10.81084759873658
10.288322991885043
9.779821012804854
9.416364664170533
9.406874489331011
9.281107176042665
8.547832784119343
8.024079152562152
8.29247773808792
7.550017280341503
7.163679595131076
7.31715427741512
6.2650821153397045
6.824811514850963
5.6097856177180025
6.097667874190306
5.392819384502201
4.731306209052552
5.666119046545344
4.405103275482219
3.438676186026708
4.5485208990391035
5.443765275326013
4.749493207342571
3.193009316481489
1.7753392212923975
0.8679640905537309
0.40290311475998486
0.20873104264052064
0.16036103414406333
0.20196217407591635
0.32473899555700647
0.5317416279945263
0.8114593002493197
1.1136807555852293
1.298855206239601
1.2097353533461443
0.9389766216165926
0.8377480243337865
1.0576283782027531
1.1107374553018552
0.9000061798575965
1.0220160396689162
1.0493708894831988
0.9288621943061716
1.0751239587244275
0.9336078681087812
1.0646564123525328
0.9453869487532598
1.0322929310019684
1.0042662803542182
0.96495931455049
1.0442470833303341
1.004035365206435
0.9606006442718983
0.9998018452898851
1.0346510415823602
1.023681346473558
0.9962105173388915
0.9786333295821467
0.9731496515691791
0.9725549948857946
0.9730270239037284
0.9753057912645939
0.9780723724329372
0.9793856725773283
0.9890628606384353
1.010324702180065
1.0192811954044685
1.0088151647328045
0.9850329024632565
0.9900327515635426
1.0175034987959684
0.9971641319807786
0.988115297757804
1.0173293321835344
0.9847195224037533
1.010690914970364
0.9931813921594587
1.0076079693555255
0.9879856920636843