20.744399951670264
17.370230901583756
16.51075352952514
16.462680803742085
16.672394994229734
16.463226122839664
16.621209581766788
16.857408275753922
16.596026281301068
16.79500608233497
16.600511615279476
16.62413295127168
16.512604678101955
16.452269463496084
16.272495818802756
16.20886258007908
15.930036856853032
16.018263402362482
15.936823402170106
16.00134168177196
15.957717522419182
15.57624702644588
15.491641432304144
15.68574903028461
15.471426335919142
15.134111339516425
15.2414563103891
15.068133835099895
14.91847433342106
14.997558945979737
14.594152669466185
14.69733584243227
14.291531187477634
14.391601506857137
13.988988219265108
14.109914188191466
13.719149425926418
13.746326591246602
13.59711531987177
13.28548592104522
13.377059684581875
13.122562299833493
12.75168521364432
12.724005972193048
12.683616808776016
12.403593361513941
12.08220305960259
11.90462528060506
11.880373975442069
11.82976080144032
11.610112505821393
11.390756622044524
11.166758072398453
10.886721576858584
10.717001612345003
10.48094764129521
10.344233974704828
10.165189912874927
10.06701907574174
9.889161514392837
9.721600887473361
9.365835222857832
9.001328590796795
8.73635346473945
8.698926551772558
8.734244611046085
8.355317269015902
7.862378880006228
7.950050247112901
7.8908250549428445
7.258169115499964
7.381096327202842
7.143730600233619
6.638609752789643
6.943085445405577
6.151709546923492
6.58238573070057
5.722181607084782
6.2185264203612025
5.29380891954014
5.747367023933641
5.161904071744429
4.817284464923656
5.345595757391347
4.3094762400543605
4.177704356804533
4.9189133752753165
4.253324495898291
3.1466466077652817
3.3376815703843494
4.347723721719097
4.831372198275073
4.300336722335987
3.2028310276073904
2.0966748238095128
1.236449311089468
0.6979282232851967
0.3910903061349856
0.24562002176030703
0.19924991719004842
0.22433804768255375
0.3082320496075604
0.45697131437202
0.6634245921555482
0.9194067317767216
1.1522183581425187
1.2883465367002187
1.2200949840191262
1.009135844083241
0.8426655828011544
0.9148903341032554
1.1110748691855579
1.0823312080224772
0.9035103761009543
0.9825153808220385
1.0915714315762866
0.9406395153792492
1.0044852218205187
1.0429849188493505
0.9364472113558415
1.0600525069816689
0.9465473387644642
1.0486015562690787
0.957458943281618
1.0467263975661039
0.9575420253696457
1.04121295157266
0.9769139181778104
0.9979136347069224
1.0267324050018087
0.9652750702818043
1.0028645365833277
1.0284903726283847
0.9852513572196737
0.979012176450559
1.0125473863222605
1.0233873224641392
1.004503815277586
0.9820534065471493
0.9755532656371623
0.9891270855023252
1.0027680204095006
1.0086913296962303
1.0175605164378743
1.0157822790925997
1.0177227250868377
1.0155778920142797
1.0131687253111543
1.0076635781727956
1.0004150533600975
0.9891174639956938