21.03891501166717
18.23923623830958
17.79767441681473
18.667991940755854
17.969188067786714
18.035458255861776
18.053796090160244
18.355734121412535
18.014747465478
18.037683866683675
17.673451388828802
17.801692915823857
17.78917224788863
17.650210233614267
17.769058836060893
17.71546213337828
17.501263312416153
17.41004706968678
17.37458397756578
17.241021470759005
17.04309687118364
16.90715855766472
16.89130498694918
16.91199472883845
16.79781904665654
16.525672122389086
16.365897693128538
16.43167296550559
16.2915677165039
15.927835647402654
15.938510225484857
15.804019073104133
15.462488172423532
15.596217532833059
15.23759036984703
15.279859786426172
14.90844852677485
14.860128359781207
14.547414511224947
14.634122061646597
14.129114779595744
14.198293967622893
13.950017671666807
13.592280636456033
13.688144542151578
13.367210152078858
12.991648220649704
12.98280250515551
12.890238976716283
12.608824140341127
12.222448836339561
11.972730044363896
11.86896508534213
11.723711561238552
11.630261783039568
11.44973939256777
11.217867941181156
11.033841988069302
10.831708991471292
10.578796676115463
10.309709340764766
10.020994340499124
9.687704757420754
9.351013857221465
9.134138995204886
9.103401175024127
9.061032613095845
8.682808660187723
8.161045451143515
8.124882519130356
8.18556484412632
7.562570216806736
7.410456193521163
7.5354216307775
6.769535873533075
7.0635790396884035
6.431137606379794
6.477944362814746
6.049243736152013
6.104693792400229
5.459189506686354
5.882190667457903
4.83977703874747
5.390974658645911
4.979338400188879
4.105335562123169
4.840590655743306
4.7595197399478995
3.4598284765573077
3.2106368315724363
4.191366652591949
4.916394900775343
4.539278064686799
3.4509334278748596
2.2451108998275338
1.3084103255241921
0.7211126092854417
0.3936081010063362
0.23710828769404996
0.1909241863958775
0.22024973182429483
0.31250190025231206
0.4673464182506851
0.6858931832979405
0.9488500883241686
1.1888297603916724
1.294861091391061
1.1893171667226634
0.9525040693675288
0.8345142420728424
0.9802451629615584
1.1349677784064263
1.007341711925646
0.8978222640678652
1.0627710848154515
1.0312812047084758
0.9294322976067162
1.0755933754135414
0.9565396916690616
1.0202769538097818
0.9934125746730471
0.9995227411284718
1.0018899921476345
1.0115409983835613
0.9733640221465837
1.0394007935614447
0.9612556791538339
1.0213079206420177
1.0126797125575178
0.9655312611623108
1.0164254026975785
1.025419752942235
0.9780195821287482
0.9787179673821128
1.0090412452669353
1.0274636366005858
1.0142444426488981
0.9921071227316933
0.9826341945316955
0.975880004927009
0.9802097450734186
0.9859709326789073
0.9849742913645388
0.9847736148828227
0.9860395986675157
0.9845089818173258
0.9825649028052371
0.9865092833549508
0.9986000138228759
1.0124553383596164
1.015028070264088