3.102127634585962
3.0843343574661763
3.031848115874018
2.947279629550103
2.8347539347941932
2.6995959137373373
2.5479364652106735
2.386278890384029
2.2210675987338813
2.0582988267597773
1.9032060409512555
1.7600429192217044
1.6319729384515458
1.5210616566134139
1.428362483684775
1.3540634133937424
1.297675202239342
1.2582252813655865
1.2344351272910412
1.2248596838134145
1.2279790020665493
1.2422412171270492
1.266065123508045
1.2978175817243771
1.3357849720192196
1.3781574061746886
1.4230435551448304
1.4685225469116276
1.5127393168672332
1.5540289142926487
1.591061465140332
1.6229823826037146
1.649524326089915
1.6710685733854953
1.6886397908432624
1.7038221426403415
1.7185999923387167
1.7351345876007804
1.7554992517303636
1.7814031252302405
1.8139380076090263
1.853380843114543
1.8990823749701482
1.9494594459435406
2.002099313806206
2.0539692827274534
2.1017106096269407
2.1419852202088463
2.1718356536050623
2.189014951367414
2.192246018780682
2.181377292815003
2.1574134942832646
2.122415145640135
2.0792765832164215
2.031407350699503
1.982354058137081
1.9354084100369267
1.8932472299736172
1.8576492396789086
1.8293243591278356
1.8078726252797923
1.7918811654708848
1.7791434714720684
1.7669747124775401
1.752581495982327
1.733439134986791
1.7076280990406685
1.674086543845126
1.632747371328437
1.5845422943688983
1.5312740568812235
1.4753745504194933
1.4195822095221289
1.366581660772435
1.3186564693985217
1.2773991590668043
1.243520502415328
1.2167813925864184
1.1960573092447118
1.1795246567081699
1.1649421892355638
1.1499869195542813
1.132596095221818
1.1112658314542483
1.0852631246605042
1.0547204898406033
1.020599666934583
0.9845303266393848
0.9485483870438862
0.9147744375142405
0.8850815498455362
0.860804482564487
0.8425360457351883
0.8300430566988992
0.822315752246252
0.8177431547429187
0.8143863244191469
0.8103049613611729
0.8038833013904924
0.794100499866951
0.7806991532621322
0.7642221728475139
0.7459103623255676
0.7274771837474603
0.7107990273603255
0.697575313386911
0.6890191161863721
0.6856350605678806
0.6871265296933238
0.6924514132444378
0.7000184232519201
0.7079893467549431
0.7146315478854707
0.7186538506998118
0.7194602394856489
0.7172699377680315
0.7130772080971418
0.7084552513561679
0.7052400206865462
0.7051550838971846
0.7094529302151712
0.7186469351222281
0.732392122716566
0.7495435849912058
0.7683849530796961
0.7869828454220902
0.8035946061651191
0.8170424866129645
0.8269715616316748
0.8339311713450417
0.8392565283774515
0.8447708686763906
0.852369672208955
0.8635775657541
0.8791782133142855
0.8990046521538322
0.9219435649688159
0.9461593057886123
0.96949189315648
0.9899403091059431
1.0061186759470664
1.0175751188718962
1.0248921808995706
1.0295378619702134
1.0334964529289725
1.0387639242513953
1.046829560628672
1.0582735159430985
1.0725854572491513
1.0882570473776865