3.0316310739428425
2.991334797091976
2.875227856173219
2.6967473834197158
2.4754999363919503
2.233843864993049
1.993393521373382
1.7722507048632576
1.5834883159574322
1.4349960965253064
1.3303883544083195
1.2703969082136177
1.25411533687738
1.2796241833379385
1.3438447931870514
1.4418214342168028
1.5658914121447234
1.7052806245786134
1.8465325253539606
1.974892198747566
2.076419578662044
2.140330983663988
2.1609420300010527
2.1386687391158103
2.0797944323265
1.9950514485133224
1.8973858193522042
1.7994729721667722
1.711572941300122
1.6401780565883686
1.5876369868569005
1.5526757873311954
1.5315216021785938
1.5192474158374973
1.5109986564778608
1.5028932206389716
1.4925432703615578
1.479264529948638
1.4640813642330464
1.4495968365532756
1.4397270050344968
1.4392345350098312
1.4529963255101546
1.4850168897829252
1.5373268380733187
1.6090335554604094
1.6958516606374199
1.7903863421205215
1.8832690248870978
1.9649849919357048
2.0279846159823665
2.068506380889976
2.0875475347783117
2.090613737766099
2.0862152416758812
2.0834607305029547
2.0894060518071
2.1069335977301114
2.133822687651143
2.1633353016351844
2.186185006245899
2.193325983138301
2.1787231637585913
2.1412494871723378
2.085110383086452
2.018647240802223
1.9518805723446666
1.893554395462743
1.848609076260673
1.816876963573406
1.7934032972205622
1.770276617698212
1.7393622049328374
1.6950436213814593
1.636079804348866
1.5659822475385123
1.491810942409257
1.4218136591169621
1.3627178739513248
1.317591024875208
1.2849855819200522
1.2596377892959518
1.2344530535549543
1.2030680299220573
1.1620853361636494
1.1122004415736875
1.0578397914934419
1.0054640015325456
0.9611699992771586
0.9284757659819438
0.9071000061654906
0.8931769701005711
0.8808100136039191
0.8643638002106458
0.84061522707931
0.809937248442619
0.7760628519896576
0.7445297548359152
0.7204271089259374
0.706346694546866
0.7013652331587005
0.7014728502814314
0.7012741568643427
0.6962597468744474
0.6846983517224805
0.6683459834100368
0.6516592337840915
0.6398374699824982
0.6365333782327649
0.6422339968995581
0.6540403658900202
0.6669669456913228
0.6762004143594048
0.6793062566930809
0.6773667976684081
0.6744984402701714
0.6759349849789179
0.6855449550976962
0.7039483579316744
0.7281523582714963
0.7529252687356213
0.7732911446198418
0.7869545549188643
0.7954534653691181
0.8034237236720256
0.8162808738505146
0.837437144196236
0.8664542925145623
0.8991118667102499
0.9294229699458871
0.9526187126906569
0.967574208530622
0.9773789334027169
0.9876845850809844
1.0036360039846182
1.0269868460260179
1.0549680553317142
1.0815856823483834
1.1007184229177067
1.1093658307647538
1.1092503658454693
1.1058304269410817
1.1052070806435688
1.110621409601675
1.1205338845753772
1.1294345091945501
1.1309863436254273
1.1217278257537064
1.1031733936000296
1.0810346467267247
1.0619660421781247