2.300952627574539
2.2497618131133033
2.1357388150913272
2.0399292420878448
2.011132558521452
2.0301145464023422
2.041236801326449
2.010108436411969
1.9473322627500733
1.885306483694276
1.8462635493973822
1.8375789836000573
1.866990902641108
1.9449963332559654
2.064138901935743
2.1819228879207486
2.2361650687766024
2.185838876477331
2.0411506761325966
1.8576382005005379
1.7042710398901335
1.6334217645827203
1.6669708350220256
1.79287920328855
1.966340226329334
2.1219679799927444
2.202524244900522
2.190456643208263
2.116065218620429
2.031810055247329
1.9731163693942035
1.9384280065252015
1.9017198568632316
1.8413382030260332
1.7597710232777197
1.6833679972127975
1.6480326462231694
1.6807003628954384
1.7829155511260137
1.9237527422326333
2.0512678181599595
2.1220865622123424
2.1298774349469256
2.106892620313832
2.0931530082636165
2.0991386435188586
2.096667809528652
2.046713251063335
1.9376125935549766
1.798456505472507
1.6775585177258692
1.607476205867608
1.5861657525004687
1.5860629931805774
1.580079072804473
1.5639531222112726
1.5596441676185864
1.5972897549028315
1.687921695336462
1.8088620706024057
1.9178955769836543
1.9882238493960656
2.032480385674657
2.088799353456581
2.178624663230322
2.2792104909086524
2.343095084926392
2.3469951448677815
2.3170656816012545
2.300368066667992
2.312540526634408
2.320759770920648
2.282343291942234
2.195028022186216
2.1004842117197144
2.036949896050765
1.9968302816629118
1.9390231355902217
1.8402651035206805
1.723492448664699
1.6299653782898262
1.5703979002385033
1.5148239293578818
1.4320704524369547
1.3286750792281026
1.2394297921254525
1.183288688064322
1.1410726456891085
1.0820356690046677
1.0036320175817095
0.9332815445198452
0.8914707378547928
0.8655425575899467
0.8279757901353114
0.7734156922876416
0.7246131683918186
0.7003772559729857
0.6900820221235726
0.6693400641262006
0.6341834663155153
0.6057876053520501
0.5996805878526424
0.6036676572266276
0.5959704277658677
0.5770216792752992
0.5684521966809798
0.5807700094629215
0.5976704919471882
0.6006508882402811
0.5971431957081745
0.6092486413781455
0.6396266856773344
0.6669533235334794
0.6788560751844588
0.6915296146454115
0.724420383060313
0.7688327414035132
0.8007546043062239
0.8188915592319381
0.8469560883614338
0.8949313534663501
0.941399762586263
0.967139646259155
0.9862194031000485
1.02242440008215
1.0684615192901674
1.0962768946075039
1.1029170632466503
1.1149333491154014
1.1424508073229924
1.1606172944533044
1.1513854526715357
1.1343947391775182
1.1327180131110952
1.1326536792190587
1.1086986635811351
1.0700012693682397
1.0452135258943969
1.0326658944383964
1.0062166309743772
0.9660950659427742
0.9408161007691803
0.936385241144382
0.927877685439931
0.9092401570330139
0.906223346268732
0.9270930101657915
0.9461962966626583
0.95294288177049
0.9705366697115291
1.0067891877147608