1.3410093715830087
1.5363045085861546
2.095730657466132
2.690974939225982
2.802485276032854
2.4132059367680405
1.9955327610297016
1.9031959891719308
2.1698612256456458
2.551278186298532
2.6649660306683276
2.405515053797965
2.067646977958271
1.9611804624729314
2.139104183925129
2.4124457729920468
2.5173221191947555
2.3988671990650996
2.242040223123324
2.1767089201873597
2.1680159851780867
2.160596263474238
2.168143088378796
2.2565598815935064
2.417864728345375
2.485031166717863
2.3371277780461495
2.101988479521672
1.9945032067872053
2.068946948898186
2.2056364711314265
2.2777952992655908
2.3051550196703126
2.3669969822675707
2.3975070190250958
2.2761058821201323
2.068222638612912
1.9570014175475476
1.999261043022216
2.090914697256408
2.1440082541655068
2.2091451695743682
2.3394849393351893
2.4200726923191103
2.332868346003128
2.173255597182534
2.0787890202139785
2.0142280032448254
1.910751297238794
1.8405726848670656
1.9035963103463909
2.0461044127609704
2.1388619160454185
2.19478257192185
2.3024058157166634
2.388021503216815
2.334466630104756
2.2240052800847327
2.158870073401894
2.06046131327418
1.8868823764219504
1.7575075264406064
1.721004283518094
1.6882262974769313
1.6495894808746652
1.6997754575726987
1.824074755057471
1.914679311098493
1.9990749630807387
2.1573347781385923
2.299289833609068
2.354851929883231
2.4326457536014896
2.5310975308975516
2.528018846616598
2.4913607005208855
2.501918828773697
2.4457208911005597
2.3243454174374176
2.2559132228996477
2.169387080676896
2.012478026446749
1.8989406847043393
1.8053774949153434
1.6518791869870701
1.526674390262368
1.441998503958987
1.3123650420434305
1.197383572232537
1.1294574906854609
1.0295343449139862
0.934895705600302
0.8859821987988282
0.8137518658989596
0.7419006043070733
0.7114729574660374
0.6622512934205603
0.6121672696743078
0.5989139585655981
0.5681905294461628
0.5382205082275497
0.541073167761457
0.5256069890632113
0.5148643515438388
0.5331957500873988
0.531099805829256
0.5397369859373203
0.5728494347449388
0.5830914586005705
0.6116076422646873
0.6575569902853291
0.6790203307145828
0.726587824350876
0.780501076054318
0.810682932088252
0.8726146118748286
0.9251515161257859
0.9588358041703159
1.0240700526494593
1.0615471338478513
1.0903722368361801
1.141210885451584
1.1495493934573797
1.1639181171739363
1.181239852688835
1.1547576688735965
1.148980906263263
1.1243234487664013
1.07571467176997
1.0544384866906638
1.0032785471187462
0.9642406669879813
0.9438372321651135
0.9050029240332021
0.9064944874229038
0.9045989922589273
0.9125740954381661
0.9517079462276705
0.968780442304178
1.0135930260895751
1.044347435826867
1.0584091220843914
1.084313704468403
1.0658861245153164
1.0579465548815072
1.0306257457950696
0.9906807772930191
0.9749399572798737
0.9405841878089658
0.9448875355396601
0.9492403779997579